Distance/um, Current/A

-0.500, -1.108e-9
-1.000, -1.110e-9
-1.500, -1.108e-9
-2.000, -1.108e-9
-2.500, -1.109e-9
-3.000, -1.110e-9
-3.500, -1.111e-9
-4.000, -1.109e-9
-4.500, -1.108e-9
-5.000, -1.107e-9
-5.500, -1.108e-9
-6.000, -1.108e-9
-6.500, -1.108e-9
-7.000, -1.108e-9
-7.500, -1.108e-9
-8.000, -1.108e-9
-8.500, -1.108e-9
-9.000, -1.105e-9
-9.500, -1.092e-9
-10.000, -1.084e-9
-10.500, -1.075e-9
-11.000, -1.063e-9
-11.500, -1.052e-9
-12.000, -1.042e-9
-12.500, -1.040e-9
-13.000, -1.031e-9
-13.500, -1.010e-9
-14.000, -9.983e-10
-14.500, -9.912e-10
-15.000, -9.755e-10
-15.500, -9.650e-10
-16.000, -9.504e-10
-16.500, -9.432e-10
-17.000, -9.387e-10
-17.500, -9.306e-10
-18.000, -9.110e-10
-18.500, -8.938e-10
-19.000, -8.742e-10
-19.500, -8.626e-10
-20.000, -8.459e-10
-20.500, -8.351e-10
-21.000, -8.255e-10
-21.500, -8.136e-10
-22.000, -8.011e-10
-22.500, -7.963e-10
-23.000, -7.907e-10
-23.500, -7.802e-10
-24.000, -7.651e-10
-24.500, -7.562e-10
-25.000, -7.524e-10
-25.500, -7.458e-10
-26.000, -7.373e-10
-26.500, -7.321e-10
-27.000, -7.208e-10
-27.500, -7.125e-10
-28.000, -7.062e-10
-28.500, -6.993e-10
-29.000, -6.926e-10
-29.500, -6.878e-10
-30.000, -6.855e-10
-30.500, -6.837e-10
-31.000, -6.794e-10
-31.500, -6.759e-10
-32.000, -6.732e-10
-32.500, -6.718e-10
-33.000, -6.698e-10
-33.500, -6.685e-10
-34.000, -6.663e-10
-34.500, -6.644e-10
-35.000, -6.629e-10
-35.500, -6.624e-10
-36.000, -6.626e-10
-36.500, -6.629e-10
-37.000, -6.626e-10
-37.500, -6.621e-10
-38.000, -6.623e-10
-38.500, -6.634e-10
-39.000, -6.642e-10
-39.500, -6.644e-10
-40.000, -6.660e-10
-40.500, -6.685e-10
-41.000, -6.709e-10
-41.500, -6.725e-10
-42.000, -6.738e-10
-42.500, -6.761e-10
-43.000, -6.780e-10
-43.500, -6.802e-10
-44.000, -6.832e-10
-44.500, -6.846e-10
-45.000, -6.841e-10
-45.500, -6.848e-10
-46.000, -6.858e-10
-46.500, -6.853e-10
-47.000, -6.842e-10
-47.500, -6.830e-10
-48.000, -6.821e-10
-48.500, -6.831e-10
-49.000, -6.831e-10
-49.500, -6.821e-10
-50.000, -6.811e-10
-50.500, -6.810e-10
-51.000, -6.815e-10
-51.500, -6.808e-10
-52.000, -6.799e-10
-52.500, -6.792e-10
-53.000, -6.788e-10
-53.500, -6.783e-10
-54.000, -6.775e-10
-54.500, -6.762e-10
-55.000, -6.748e-10
-55.500, -6.730e-10
-56.000, -6.698e-10
-56.500, -6.668e-10
-57.000, -6.646e-10
-57.500, -6.618e-10
-58.000, -6.575e-10
-58.500, -6.531e-10
-59.000, -6.488e-10
-59.500, -6.448e-10
-60.000, -6.414e-10
-60.500, -6.385e-10
-61.000, -6.354e-10
-61.500, -6.310e-10
-62.000, -6.290e-10
-62.500, -6.276e-10
-63.000, -6.247e-10
-63.500, -6.217e-10
-64.000, -6.203e-10
-64.500, -6.194e-10
-65.000, -6.165e-10
-65.500, -6.138e-10
-66.000, -6.126e-10
-66.500, -6.120e-10
-67.000, -6.112e-10
-67.500, -6.099e-10
-68.000, -6.062e-10
-68.500, -6.051e-10
-69.000, -6.042e-10
-69.500, -6.026e-10
-70.000, -6.016e-10
-70.500, -6.011e-10
-71.000, -6.001e-10
-71.500, -5.998e-10
-72.000, -5.999e-10
-72.500, -5.996e-10
-73.000, -5.995e-10
-73.500, -6.011e-10
-74.000, -6.028e-10
-74.500, -6.042e-10
-75.000, -6.054e-10
-75.500, -6.071e-10
-76.000, -6.091e-10
-76.500, -6.110e-10
-77.000, -6.113e-10
-77.500, -6.117e-10
-78.000, -6.130e-10
-78.500, -6.146e-10
-79.000, -6.158e-10
-79.500, -6.160e-10
-80.000, -6.157e-10
-80.500, -6.167e-10
-81.000, -6.181e-10
-81.500, -6.192e-10
-82.000, -6.189e-10
-82.500, -6.181e-10
-83.000, -6.194e-10
-83.500, -6.223e-10
-84.000, -6.237e-10
-84.500, -6.248e-10
-85.000, -6.272e-10
-85.500, -6.301e-10
-86.000, -6.338e-10
-86.500, -6.360e-10
-87.000, -6.358e-10
-87.500, -6.363e-10
-88.000, -6.378e-10
-88.500, -6.391e-10
-89.000, -6.387e-10
-89.500, -6.378e-10
-90.000, -6.357e-10
-90.500, -6.341e-10
-91.000, -6.330e-10
-91.500, -6.316e-10
-92.000, -6.293e-10
-92.500, -6.273e-10
-93.000, -6.262e-10
-93.500, -6.253e-10
-94.000, -6.241e-10
-94.500, -6.232e-10
-95.000, -6.225e-10
-95.500, -6.210e-10
-96.000, -6.196e-10
-96.500, -6.189e-10
-97.000, -6.178e-10
-97.500, -6.163e-10
-98.000, -6.140e-10
-98.500, -6.130e-10
-99.000, -6.118e-10
-99.500, -6.104e-10
-100.000, -6.086e-10
-100.500, -6.071e-10
-101.000, -6.053e-10
-101.500, -6.039e-10
-102.000, -6.022e-10
-102.500, -6.005e-10
-103.000, -5.989e-10
-103.500, -5.974e-10
-104.000, -5.961e-10
-104.500, -5.944e-10
-105.000, -5.928e-10
-105.500, -5.917e-10
-106.000, -5.902e-10
-106.500, -5.887e-10
-107.000, -5.872e-10
-107.500, -5.858e-10
-108.000, -5.841e-10
-108.500, -5.824e-10
-109.000, -5.806e-10
-109.500, -5.793e-10
-110.000, -5.777e-10
-110.500, -5.762e-10
-111.000, -5.747e-10
-111.500, -5.728e-10
-112.000, -5.717e-10
-112.500, -5.709e-10
-113.000, -5.695e-10
-113.500, -5.679e-10
-114.000, -5.666e-10
-114.500, -5.657e-10
-115.000, -5.648e-10
-115.500, -5.638e-10
-116.000, -5.631e-10
-116.500, -5.627e-10
-117.000, -5.620e-10
-117.500, -5.616e-10
-118.000, -5.616e-10
-118.500, -5.628e-10
-119.000, -5.637e-10
-119.500, -5.648e-10
-120.000, -5.682e-10
-120.500, -5.701e-10
-121.000, -5.758e-10
-121.500, -5.798e-10
-122.000, -5.824e-10
-122.500, -5.851e-10
-123.000, -5.889e-10
-123.500, -5.961e-10
-124.000, -5.973e-10
-124.500, -6.028e-10
-125.000, -6.045e-10
-125.500, -6.081e-10
-126.000, -6.162e-10
-126.500, -6.213e-10
-127.000, -6.209e-10
-127.500, -6.304e-10
-128.000, -6.373e-10
-128.500, -6.480e-10
-129.000, -6.589e-10
-129.500, -6.664e-10
-130.000, -6.713e-10
-130.500, -6.880e-10
-131.000, -7.018e-10
-131.500, -7.110e-10
-132.000, -7.144e-10
-132.500, -7.226e-10
-133.000, -7.393e-10
-133.500, -7.578e-10
-134.000, -7.729e-10
-134.500, -7.759e-10
-135.000, -7.850e-10
-135.500, -7.942e-10
-136.000, -8.053e-10
-136.500, -8.150e-10
-137.000, -8.142e-10
-137.500, -8.202e-10
-138.000, -8.275e-10
-138.500, -8.374e-10
-139.000, -8.426e-10
-139.500, -8.434e-10
-140.000, -8.445e-10
-140.500, -8.484e-10
-141.000, -8.552e-10
-141.500, -8.571e-10
-142.000, -8.586e-10
-142.500, -8.569e-10
-143.000, -8.616e-10
-143.500, -8.670e-10
-144.000, -8.698e-10
-144.500, -8.685e-10
-145.000, -8.681e-10
-145.500, -8.710e-10
-146.000, -8.748e-10
-146.500, -8.743e-10
-147.000, -8.723e-10
-147.500, -8.715e-10
-148.000, -8.724e-10
-148.500, -8.751e-10
-149.000, -8.747e-10
-149.500, -8.731e-10
-150.000, -8.698e-10
-150.500, -8.696e-10
-151.000, -8.674e-10
-151.500, -8.657e-10
-152.000, -8.614e-10
-152.500, -8.580e-10
-153.000, -8.556e-10
-153.500, -8.523e-10
-154.000, -8.507e-10
-154.500, -8.463e-10
-155.000, -8.447e-10
-155.500, -8.407e-10
-156.000, -8.405e-10
-156.500, -8.372e-10
-157.000, -8.339e-10
-157.500, -8.332e-10
-158.000, -8.298e-10
-158.500, -8.284e-10
-159.000, -8.262e-10
-159.500, -8.230e-10
-160.000, -8.205e-10
-160.500, -8.160e-10
-161.000, -8.130e-10
-161.500, -8.087e-10
-162.000, -8.060e-10
-162.500, -8.021e-10
-163.000, -7.990e-10
-163.500, -7.971e-10
-164.000, -7.945e-10
-164.500, -7.940e-10
-165.000, -7.931e-10
-165.500, -7.920e-10
-166.000, -7.928e-10
-166.500, -7.936e-10
-167.000, -7.926e-10
-167.500, -7.955e-10
-168.000, -7.974e-10
-168.500, -8.015e-10
-169.000, -8.049e-10
-169.500, -8.075e-10
-170.000, -8.104e-10
-170.500, -8.133e-10
-171.000, -8.182e-10
-171.500, -8.195e-10
-172.000, -8.219e-10
-172.500, -8.237e-10
-173.000, -8.249e-10
-173.500, -8.267e-10
-174.000, -8.287e-10
-174.500, -8.271e-10
-175.000, -8.288e-10
-175.500, -8.274e-10
-176.000, -8.259e-10
-176.500, -8.257e-10
-177.000, -8.254e-10
-177.500, -8.228e-10
-178.000, -8.210e-10
-178.500, -8.204e-10
-179.000, -8.193e-10
-179.500, -8.190e-10
-180.000, -8.182e-10
-180.500, -8.174e-10
-181.000, -8.173e-10
-181.500, -8.185e-10
-182.000, -8.174e-10
-182.500, -8.191e-10
-183.000, -8.194e-10
-183.500, -8.211e-10
-184.000, -8.232e-10
-184.500, -8.254e-10
-185.000, -8.257e-10
-185.500, -8.261e-10
-186.000, -8.272e-10
-186.500, -8.280e-10
-187.000, -8.277e-10
-187.500, -8.283e-10
-188.000, -8.272e-10
-188.500, -8.279e-10
-189.000, -8.299e-10
-189.500, -8.298e-10
-190.000, -8.307e-10
-190.500, -8.315e-10
-191.000, -8.311e-10
-191.500, -8.332e-10
-192.000, -8.339e-10
-192.500, -8.338e-10
-193.000, -8.352e-10
-193.500, -8.403e-10
-194.000, -8.407e-10
-194.500, -8.428e-10
-195.000, -8.458e-10
-195.500, -8.476e-10
-196.000, -8.523e-10
-196.500, -8.571e-10
-197.000, -8.589e-10
-197.500, -8.616e-10
-198.000, -8.669e-10
-198.500, -8.707e-10
-199.000, -8.756e-10
-199.500, -8.786e-10
-200.000, -8.790e-10
-200.500, -8.788e-10
-201.000, -8.811e-10
-201.500, -8.784e-10
-202.000, -8.802e-10
-202.500, -8.776e-10
-203.000, -8.753e-10
-203.500, -8.723e-10
-204.000, -8.699e-10
-204.500, -8.677e-10
-205.000, -8.655e-10
-205.500, -8.630e-10
-206.000, -8.598e-10
-206.500, -8.578e-10
-207.000, -8.572e-10
-207.500, -8.545e-10
-208.000, -8.543e-10
-208.500, -8.532e-10
-209.000, -8.535e-10
-209.500, -8.557e-10
-210.000, -8.551e-10
-210.500, -8.570e-10
-211.000, -8.584e-10
-211.500, -8.613e-10
-212.000, -8.622e-10
-212.500, -8.622e-10
-213.000, -8.644e-10
-213.500, -8.669e-10
-214.000, -8.702e-10
-214.500, -8.713e-10
-215.000, -8.740e-10
-215.500, -8.742e-10
-216.000, -8.776e-10
-216.500, -8.793e-10
-217.000, -8.802e-10
-217.500, -8.808e-10
-218.000, -8.804e-10
-218.500, -8.841e-10
-219.000, -8.829e-10
-219.500, -8.850e-10
-220.000, -8.846e-10
-220.500, -8.835e-10
-221.000, -8.852e-10
-221.500, -8.838e-10
-222.000, -8.847e-10
-222.500, -8.833e-10
-223.000, -8.818e-10
-223.500, -8.783e-10
-224.000, -8.778e-10
-224.500, -8.771e-10
-225.000, -8.739e-10
-225.500, -8.734e-10
-226.000, -8.684e-10
-226.500, -8.674e-10
-227.000, -8.666e-10
-227.500, -8.652e-10
-228.000, -8.610e-10
-228.500, -8.577e-10
-229.000, -8.583e-10
-229.500, -8.552e-10
-230.000, -8.576e-10
-230.500, -8.543e-10
-231.000, -8.524e-10
-231.500, -8.536e-10
-232.000, -8.542e-10
-232.500, -8.539e-10
-233.000, -8.553e-10
-233.500, -8.561e-10
-234.000, -8.579e-10
-234.500, -8.602e-10
-235.000, -8.605e-10
-235.500, -8.606e-10
-236.000, -8.608e-10
-236.500, -8.634e-10
-237.000, -8.633e-10
-237.500, -8.627e-10
-238.000, -8.653e-10
-238.500, -8.639e-10
-239.000, -8.673e-10
-239.500, -8.692e-10
-240.000, -8.696e-10
-240.500, -8.709e-10
-241.000, -8.727e-10
-241.500, -8.735e-10
-242.000, -8.741e-10
-242.500, -8.760e-10
-243.000, -8.749e-10
-243.500, -8.762e-10
-244.000, -8.786e-10
-244.500, -8.781e-10
-245.000, -8.791e-10
-245.500, -8.787e-10
-246.000, -8.783e-10
-246.500, -8.794e-10
-247.000, -8.808e-10
-247.500, -8.813e-10
-248.000, -8.810e-10
-248.500, -8.834e-10
-249.000, -8.856e-10
-249.500, -8.888e-10
-250.000, -8.900e-10
-250.500, -8.923e-10
-251.000, -8.948e-10
-251.500, -8.981e-10
-252.000, -9.001e-10
-252.500, -9.009e-10
-253.000, -9.019e-10
-253.500, -9.046e-10
-254.000, -9.066e-10
-254.500, -9.078e-10
-255.000, -9.092e-10
-255.500, -9.103e-10
-256.000, -9.136e-10
-256.500, -9.169e-10
-257.000, -9.189e-10
-257.500, -9.190e-10
-258.000, -9.208e-10
-258.500, -9.205e-10
-259.000, -9.210e-10
-259.500, -9.215e-10
-260.000, -9.202e-10
-260.500, -9.187e-10
-261.000, -9.182e-10
-261.500, -9.171e-10
-262.000, -9.166e-10
-262.500, -9.171e-10
-263.000, -9.157e-10
-263.500, -9.168e-10
-264.000, -9.192e-10
-264.500, -9.206e-10
-265.000, -9.214e-10
-265.500, -9.252e-10
-266.000, -9.264e-10
-266.500, -9.317e-10
-267.000, -9.324e-10
-267.500, -9.331e-10
-268.000, -9.347e-10
-268.500, -9.359e-10
-269.000, -9.373e-10
-269.500, -9.366e-10
-270.000, -9.375e-10
-270.500, -9.349e-10
-271.000, -9.347e-10
-271.500, -9.339e-10
-272.000, -9.332e-10
-272.500, -9.336e-10
-273.000, -9.310e-10
-273.500, -9.315e-10
-274.000, -9.294e-10
-274.500, -9.301e-10
-275.000, -9.291e-10
-275.500, -9.282e-10
-276.000, -9.269e-10
-276.500, -9.274e-10
-277.000, -9.271e-10
-277.500, -9.271e-10
-278.000, -9.268e-10
-278.500, -9.296e-10
-279.000, -9.307e-10
-279.500, -9.328e-10
-280.000, -9.326e-10
-280.500, -9.348e-10
-281.000, -9.368e-10
-281.500, -9.400e-10
-282.000, -9.426e-10
-282.500, -9.434e-10
-283.000, -9.462e-10
-283.500, -9.502e-10
-284.000, -9.530e-10
-284.500, -9.563e-10
-285.000, -9.575e-10
-285.500, -9.611e-10
-286.000, -9.636e-10
-286.500, -9.670e-10
-287.000, -9.700e-10
-287.500, -9.696e-10
-288.000, -9.741e-10
-288.500, -9.774e-10
-289.000, -9.799e-10
-289.500, -9.826e-10
-290.000, -9.836e-10
-290.500, -9.844e-10
-291.000, -9.862e-10
-291.500, -9.873e-10
-292.000, -9.877e-10
-292.500, -9.878e-10
-293.000, -9.873e-10
-293.500, -9.870e-10
-294.000, -9.881e-10
-294.500, -9.876e-10
-295.000, -9.884e-10
-295.500, -9.870e-10
-296.000, -9.903e-10
-296.500, -9.898e-10
-297.000, -9.918e-10
-297.500, -9.924e-10
-298.000, -9.927e-10
-298.500, -9.955e-10
-299.000, -9.968e-10
-299.500, -9.993e-10
-300.000, -9.993e-10
-300.500, -1.001e-9
-301.000, -1.004e-9
-301.500, -1.006e-9
-302.000, -1.008e-9
-302.500, -1.009e-9
-303.000, -1.012e-9
-303.500, -1.015e-9
-304.000, -1.018e-9
-304.500, -1.021e-9
-305.000, -1.022e-9
-305.500, -1.025e-9
-306.000, -1.028e-9
-306.500, -1.031e-9
-307.000, -1.034e-9
-307.500, -1.034e-9
-308.000, -1.036e-9
-308.500, -1.039e-9
-309.000, -1.042e-9
-309.500, -1.043e-9
-310.000, -1.046e-9
-310.500, -1.046e-9
-311.000, -1.049e-9
-311.500, -1.052e-9
-312.000, -1.052e-9
-312.500, -1.054e-9
-313.000, -1.055e-9
-313.500, -1.057e-9
-314.000, -1.062e-9
-314.500, -1.064e-9
-315.000, -1.067e-9
-315.500, -1.069e-9
-316.000, -1.074e-9
-316.500, -1.079e-9
-317.000, -1.081e-9
-317.500, -1.085e-9
-318.000, -1.088e-9
-318.500, -1.094e-9
-319.000, -1.098e-9
-319.500, -1.101e-9
-320.000, -1.103e-9
-320.500, -1.106e-9
-321.000, -1.110e-9
-321.500, -1.115e-9
-322.000, -1.119e-9
-322.500, -1.121e-9
-323.000, -1.128e-9
-323.500, -1.136e-9
-324.000, -1.142e-9
-324.500, -1.144e-9
-325.000, -1.144e-9
-325.500, -1.142e-9
-326.000, -1.142e-9
-326.500, -1.143e-9
-327.000, -1.144e-9
-327.500, -1.146e-9
-328.000, -1.150e-9
-328.500, -1.154e-9
-329.000, -1.159e-9
-329.500, -1.162e-9
-330.000, -1.164e-9
-330.500, -1.166e-9
-331.000, -1.170e-9
-331.500, -1.173e-9
-332.000, -1.175e-9
-332.500, -1.177e-9
-333.000, -1.179e-9
-333.500, -1.181e-9
-334.000, -1.184e-9
-334.500, -1.187e-9
-335.000, -1.187e-9
-335.500, -1.190e-9
-336.000, -1.192e-9
-336.500, -1.193e-9
-337.000, -1.195e-9
-337.500, -1.195e-9
-338.000, -1.196e-9
-338.500, -1.198e-9
-339.000, -1.200e-9
-339.500, -1.200e-9
-340.000, -1.201e-9
-340.500, -1.202e-9
-341.000, -1.202e-9
-341.500, -1.204e-9
-342.000, -1.205e-9
-342.500, -1.204e-9
-343.000, -1.205e-9
-343.500, -1.207e-9
-344.000, -1.207e-9
-344.500, -1.208e-9
-345.000, -1.209e-9
-345.500, -1.212e-9
-346.000, -1.214e-9
-346.500, -1.218e-9
-347.000, -1.220e-9
-347.500, -1.222e-9
-348.000, -1.225e-9
-348.500, -1.230e-9
-349.000, -1.234e-9
-349.500, -1.238e-9
-350.000, -1.240e-9
-350.500, -1.242e-9
-351.000, -1.246e-9
-351.500, -1.248e-9
-352.000, -1.250e-9
-352.500, -1.251e-9
-353.000, -1.252e-9
-353.500, -1.255e-9
-354.000, -1.258e-9
-354.500, -1.260e-9
-355.000, -1.262e-9
-355.500, -1.265e-9
-356.000, -1.267e-9
-356.500, -1.271e-9
-357.000, -1.273e-9
-357.500, -1.274e-9
-358.000, -1.276e-9
-358.500, -1.279e-9
-359.000, -1.282e-9
-359.500, -1.283e-9
-360.000, -1.284e-9
-360.500, -1.284e-9
-361.000, -1.287e-9
-361.500, -1.287e-9
-362.000, -1.287e-9
-362.500, -1.287e-9
-363.000, -1.286e-9
-363.500, -1.287e-9
-364.000, -1.287e-9
-364.500, -1.287e-9
-365.000, -1.287e-9
-365.500, -1.287e-9
-366.000, -1.288e-9
-366.500, -1.289e-9
-367.000, -1.289e-9
-367.500, -1.288e-9
-368.000, -1.288e-9
-368.500, -1.289e-9
-369.000, -1.290e-9
-369.500, -1.290e-9
-370.000, -1.289e-9
-370.500, -1.289e-9
-371.000, -1.289e-9
-371.500, -1.289e-9
-372.000, -1.289e-9
-372.500, -1.288e-9
-373.000, -1.288e-9
-373.500, -1.288e-9
-374.000, -1.288e-9
-374.500, -1.288e-9
-375.000, -1.287e-9
-375.500, -1.288e-9
-376.000, -1.289e-9
-376.500, -1.289e-9
-377.000, -1.289e-9
-377.500, -1.289e-9
-378.000, -1.290e-9
-378.500, -1.293e-9
-379.000, -1.294e-9
-379.500, -1.295e-9
-380.000, -1.297e-9
-380.500, -1.298e-9
-381.000, -1.301e-9
-381.500, -1.303e-9
-382.000, -1.303e-9
-382.500, -1.305e-9
-383.000, -1.307e-9
-383.500, -1.309e-9
-384.000, -1.311e-9
-384.500, -1.312e-9
-385.000, -1.313e-9
-385.500, -1.314e-9
-386.000, -1.316e-9
-386.500, -1.317e-9
-387.000, -1.318e-9
-387.500, -1.318e-9
-388.000, -1.320e-9
-388.500, -1.321e-9
-389.000, -1.322e-9
-389.500, -1.323e-9
-390.000, -1.323e-9
-390.500, -1.324e-9
-391.000, -1.324e-9
-391.500, -1.323e-9
-392.000, -1.323e-9
-392.500, -1.322e-9
-393.000, -1.321e-9
-393.500, -1.321e-9
-394.000, -1.321e-9
-394.500, -1.320e-9
-395.000, -1.320e-9
-395.500, -1.321e-9
-396.000, -1.322e-9
-396.500, -1.322e-9
-397.000, -1.323e-9
-397.500, -1.323e-9
-398.000, -1.323e-9
-398.500, -1.326e-9
-399.000, -1.326e-9
-399.500, -1.327e-9
-400.000, -1.328e-9
-400.500, -1.328e-9
-401.000, -1.329e-9
-401.500, -1.329e-9
-402.000, -1.329e-9
-402.500, -1.329e-9
-403.000, -1.330e-9
-403.500, -1.331e-9
-404.000, -1.332e-9
-404.500, -1.333e-9
-405.000, -1.333e-9
-405.500, -1.334e-9
-406.000, -1.335e-9
-406.500, -1.336e-9
-407.000, -1.336e-9
-407.500, -1.336e-9
-408.000, -1.336e-9
-408.500, -1.338e-9
-409.000, -1.339e-9
-409.500, -1.339e-9
-410.000, -1.339e-9
-410.500, -1.340e-9
-411.000, -1.340e-9
-411.500, -1.341e-9
-412.000, -1.341e-9
-412.500, -1.340e-9
-413.000, -1.340e-9
-413.500, -1.341e-9
-414.000, -1.341e-9
-414.500, -1.341e-9
-415.000, -1.342e-9
-415.500, -1.341e-9
-416.000, -1.342e-9
-416.500, -1.343e-9
-417.000, -1.343e-9
-417.500, -1.344e-9
-418.000, -1.345e-9
-418.500, -1.346e-9
-419.000, -1.346e-9
-419.500, -1.348e-9
-420.000, -1.348e-9
-420.500, -1.348e-9
-421.000, -1.349e-9
-421.500, -1.349e-9
-422.000, -1.348e-9
-422.500, -1.348e-9
-423.000, -1.348e-9
-423.500, -1.348e-9
-424.000, -1.348e-9
-424.500, -1.347e-9
-425.000, -1.347e-9
-425.500, -1.347e-9
-426.000, -1.347e-9
-426.500, -1.347e-9
-427.000, -1.348e-9
-427.500, -1.347e-9
-428.000, -1.348e-9
-428.500, -1.349e-9
-429.000, -1.350e-9
-429.500, -1.350e-9
-430.000, -1.351e-9
-430.500, -1.352e-9
-431.000, -1.353e-9
-431.500, -1.354e-9
-432.000, -1.354e-9
-432.500, -1.355e-9
-433.000, -1.355e-9
-433.500, -1.356e-9
-434.000, -1.356e-9
-434.500, -1.356e-9
-435.000, -1.356e-9
-435.500, -1.356e-9
-436.000, -1.356e-9
-436.500, -1.356e-9
-437.000, -1.356e-9
-437.500, -1.355e-9
-438.000, -1.355e-9
-438.500, -1.355e-9
-439.000, -1.355e-9
-439.500, -1.354e-9
-440.000, -1.354e-9
-440.500, -1.354e-9
-441.000, -1.353e-9
-441.500, -1.353e-9
-442.000, -1.352e-9
-442.500, -1.352e-9
-443.000, -1.352e-9
-443.500, -1.352e-9
-444.000, -1.352e-9
-444.500, -1.352e-9
-445.000, -1.352e-9
-445.500, -1.351e-9
-446.000, -1.352e-9
-446.500, -1.351e-9
-447.000, -1.350e-9
-447.500, -1.350e-9
-448.000, -1.349e-9
-448.500, -1.348e-9
-449.000, -1.347e-9
-449.500, -1.347e-9
-450.000, -1.346e-9
-450.500, -1.346e-9
-451.000, -1.346e-9
-451.500, -1.346e-9
-452.000, -1.345e-9
-452.500, -1.345e-9
-453.000, -1.346e-9
-453.500, -1.348e-9
-454.000, -1.349e-9
-454.500, -1.349e-9
-455.000, -1.349e-9
-455.500, -1.350e-9
-456.000, -1.350e-9
-456.500, -1.351e-9
-457.000, -1.351e-9
-457.500, -1.350e-9
-458.000, -1.350e-9
-458.500, -1.350e-9
-459.000, -1.349e-9
-459.500, -1.348e-9
-460.000, -1.346e-9
-460.500, -1.345e-9
-461.000, -1.344e-9
-461.500, -1.342e-9
-462.000, -1.341e-9
-462.500, -1.340e-9
-463.000, -1.339e-9
-463.500, -1.338e-9
-464.000, -1.337e-9
-464.500, -1.336e-9
-465.000, -1.335e-9
-465.500, -1.335e-9
-466.000, -1.335e-9
-466.500, -1.335e-9
-467.000, -1.335e-9
-467.500, -1.335e-9
-468.000, -1.335e-9
-468.500, -1.336e-9
-469.000, -1.337e-9
-469.500, -1.337e-9
-470.000, -1.338e-9
-470.500, -1.337e-9
-471.000, -1.338e-9
-471.500, -1.338e-9
-472.000, -1.338e-9
-472.500, -1.338e-9
-473.000, -1.338e-9
-473.500, -1.337e-9
-474.000, -1.336e-9
-474.500, -1.336e-9
-475.000, -1.335e-9
-475.500, -1.334e-9
-476.000, -1.333e-9
-476.500, -1.331e-9
-477.000, -1.329e-9
-477.500, -1.328e-9
-478.000, -1.326e-9
-478.500, -1.324e-9
-479.000, -1.322e-9
-479.500, -1.321e-9
-480.000, -1.319e-9
-480.500, -1.318e-9
-481.000, -1.316e-9
-481.500, -1.315e-9
-482.000, -1.313e-9
-482.500, -1.313e-9
-483.000, -1.311e-9
-483.500, -1.311e-9
-484.000, -1.310e-9
-484.500, -1.309e-9
-485.000, -1.309e-9
-485.500, -1.308e-9
-486.000, -1.308e-9
-486.500, -1.308e-9
-487.000, -1.309e-9
-487.500, -1.308e-9
-488.000, -1.309e-9
-488.500, -1.309e-9
-489.000, -1.311e-9
-489.500, -1.311e-9
-490.000, -1.312e-9
-490.500, -1.312e-9
-491.000, -1.313e-9
-491.500, -1.313e-9
-492.000, -1.313e-9
-492.500, -1.312e-9
-493.000, -1.312e-9
-493.500, -1.312e-9
-494.000, -1.312e-9
-494.500, -1.313e-9
-495.000, -1.313e-9
-495.500, -1.313e-9
-496.000, -1.314e-9
-496.500, -1.314e-9
-497.000, -1.314e-9
-497.500, -1.313e-9
-498.000, -1.314e-9
-498.500, -1.314e-9
-499.000, -1.316e-9
-499.500, -1.316e-9
-500.000, -1.315e-9
-500.500, -1.315e-9
-501.000, -1.315e-9
-501.500, -1.315e-9
-502.000, -1.314e-9
-502.500, -1.313e-9
-503.000, -1.313e-9
-503.500, -1.312e-9
-504.000, -1.310e-9
-504.500, -1.308e-9
-505.000, -1.306e-9
-505.500, -1.305e-9
-506.000, -1.304e-9
-506.500, -1.303e-9
-507.000, -1.302e-9
-507.500, -1.302e-9
-508.000, -1.302e-9
-508.500, -1.303e-9
-509.000, -1.304e-9
-509.500, -1.305e-9
-510.000, -1.306e-9
-510.500, -1.307e-9
-511.000, -1.309e-9
-511.500, -1.309e-9
-512.000, -1.310e-9
-512.500, -1.310e-9
-513.000, -1.311e-9
-513.500, -1.312e-9
-514.000, -1.313e-9
-514.500, -1.313e-9
-515.000, -1.313e-9
-515.500, -1.312e-9
-516.000, -1.313e-9
-516.500, -1.312e-9
-517.000, -1.311e-9
-517.500, -1.311e-9
-518.000, -1.310e-9
-518.500, -1.310e-9
-519.000, -1.309e-9
-519.500, -1.307e-9
-520.000, -1.305e-9
-520.500, -1.305e-9
-521.000, -1.303e-9
-521.500, -1.301e-9
-522.000, -1.299e-9
-522.500, -1.297e-9
-523.000, -1.296e-9
-523.500, -1.295e-9
-524.000, -1.294e-9
-524.500, -1.292e-9
-525.000, -1.292e-9
-525.500, -1.291e-9
-526.000, -1.291e-9
-526.500, -1.292e-9
-527.000, -1.291e-9
-527.500, -1.291e-9
-528.000, -1.292e-9
-528.500, -1.292e-9
-529.000, -1.294e-9
-529.500, -1.294e-9
-530.000, -1.295e-9
-530.500, -1.295e-9
-531.000, -1.296e-9
-531.500, -1.297e-9
-532.000, -1.296e-9
-532.500, -1.296e-9
-533.000, -1.296e-9
-533.500, -1.297e-9
-534.000, -1.297e-9
-534.500, -1.297e-9
-535.000, -1.296e-9
-535.500, -1.296e-9
-536.000, -1.297e-9
-536.500, -1.297e-9
-537.000, -1.297e-9
-537.500, -1.298e-9
-538.000, -1.298e-9
-538.500, -1.299e-9
-539.000, -1.300e-9
-539.500, -1.300e-9
-540.000, -1.300e-9
-540.500, -1.301e-9
-541.000, -1.302e-9
-541.500, -1.302e-9
-542.000, -1.303e-9
-542.500, -1.303e-9
-543.000, -1.303e-9
-543.500, -1.305e-9
-544.000, -1.306e-9
-544.500, -1.306e-9
-545.000, -1.307e-9
-545.500, -1.307e-9
-546.000, -1.307e-9
-546.500, -1.307e-9
-547.000, -1.307e-9
-547.500, -1.307e-9
-548.000, -1.306e-9
-548.500, -1.306e-9
-549.000, -1.304e-9
-549.500, -1.304e-9
-550.000, -1.302e-9
-550.500, -1.301e-9
-551.000, -1.300e-9
-551.500, -1.299e-9
-552.000, -1.297e-9
-552.500, -1.297e-9
-553.000, -1.297e-9
-553.500, -1.298e-9
-554.000, -1.299e-9
-554.500, -1.300e-9
-555.000, -1.300e-9
-555.500, -1.301e-9
-556.000, -1.302e-9
-556.500, -1.303e-9
-557.000, -1.304e-9
-557.500, -1.305e-9
-558.000, -1.306e-9
-558.500, -1.308e-9
-559.000, -1.310e-9
-559.500, -1.311e-9
-560.000, -1.312e-9
-560.500, -1.313e-9
-561.000, -1.313e-9
-561.500, -1.314e-9
-562.000, -1.313e-9
-562.500, -1.313e-9
-563.000, -1.312e-9
-563.500, -1.312e-9
-564.000, -1.311e-9
-564.500, -1.310e-9
-565.000, -1.309e-9
-565.500, -1.308e-9
-566.000, -1.308e-9
-566.500, -1.308e-9
-567.000, -1.306e-9
-567.500, -1.305e-9
-568.000, -1.305e-9
-568.500, -1.306e-9
-569.000, -1.307e-9
-569.500, -1.307e-9
-570.000, -1.308e-9
-570.500, -1.308e-9
-571.000, -1.308e-9
-571.500, -1.308e-9
-572.000, -1.308e-9
-572.500, -1.307e-9
-573.000, -1.306e-9
-573.500, -1.304e-9
-574.000, -1.302e-9
-574.500, -1.300e-9
-575.000, -1.298e-9
-575.500, -1.297e-9
-576.000, -1.293e-9
-576.500, -1.289e-9
-577.000, -1.288e-9
-577.500, -1.286e-9
-578.000, -1.284e-9
-578.500, -1.282e-9
-579.000, -1.281e-9
-579.500, -1.279e-9
-580.000, -1.278e-9
-580.500, -1.274e-9
-581.000, -1.266e-9
-581.500, -1.260e-9
-582.000, -1.257e-9
-582.500, -1.256e-9
-583.000, -1.254e-9
-583.500, -1.248e-9
-584.000, -1.243e-9
-584.500, -1.244e-9
-585.000, -1.247e-9
-585.500, -1.249e-9
-586.000, -1.254e-9
-586.500, -1.263e-9
-587.000, -1.270e-9
-587.500, -1.273e-9
-588.000, -1.271e-9
-588.500, -1.270e-9
-589.000, -1.271e-9
-589.500, -1.271e-9
-590.000, -1.269e-9
-590.500, -1.264e-9
-591.000, -1.263e-9
-591.500, -1.261e-9
-592.000, -1.259e-9
-592.500, -1.255e-9
-593.000, -1.251e-9
-593.500, -1.252e-9
-594.000, -1.252e-9
-594.500, -1.250e-9
-595.000, -1.250e-9
-595.500, -1.251e-9
-596.000, -1.251e-9
-596.500, -1.247e-9
-597.000, -1.245e-9
-597.500, -1.240e-9
-598.000, -1.235e-9
-598.500, -1.232e-9
-599.000, -1.230e-9
-599.500, -1.234e-9
-600.000, -1.236e-9
-600.500, -1.236e-9
-601.000, -1.238e-9
-601.500, -1.238e-9
-602.000, -1.239e-9
-602.500, -1.237e-9
-603.000, -1.234e-9
-603.500, -1.233e-9
-604.000, -1.232e-9
-604.500, -1.233e-9
-605.000, -1.233e-9
-605.500, -1.234e-9
-606.000, -1.233e-9
-606.500, -1.233e-9
-607.000, -1.235e-9
-607.500, -1.237e-9
-608.000, -1.238e-9
-608.500, -1.239e-9
-609.000, -1.242e-9
-609.500, -1.244e-9
-610.000, -1.246e-9
-610.500, -1.247e-9
-611.000, -1.249e-9
-611.500, -1.252e-9
-612.000, -1.253e-9
-612.500, -1.253e-9
-613.000, -1.256e-9
-613.500, -1.256e-9
-614.000, -1.254e-9
-614.500, -1.254e-9
-615.000, -1.255e-9
-615.500, -1.255e-9
-616.000, -1.258e-9
-616.500, -1.262e-9
-617.000, -1.264e-9
-617.500, -1.265e-9
-618.000, -1.266e-9
-618.500, -1.268e-9
-619.000, -1.270e-9
-619.500, -1.272e-9
-620.000, -1.273e-9
-620.500, -1.273e-9
-621.000, -1.272e-9
-621.500, -1.272e-9
-622.000, -1.269e-9
-622.500, -1.267e-9
-623.000, -1.266e-9
-623.500, -1.266e-9
-624.000, -1.267e-9
-624.500, -1.266e-9
-625.000, -1.265e-9
-625.500, -1.265e-9
-626.000, -1.263e-9
-626.500, -1.262e-9
-627.000, -1.258e-9
-627.500, -1.255e-9
-628.000, -1.251e-9
-628.500, -1.247e-9
-629.000, -1.243e-9
-629.500, -1.237e-9
-630.000, -1.234e-9
-630.500, -1.230e-9
-631.000, -1.228e-9
-631.500, -1.224e-9
-632.000, -1.220e-9
-632.500, -1.217e-9
-633.000, -1.216e-9
-633.500, -1.217e-9
-634.000, -1.216e-9
-634.500, -1.215e-9
-635.000, -1.215e-9
-635.500, -1.219e-9
-636.000, -1.225e-9
-636.500, -1.229e-9
-637.000, -1.231e-9
-637.500, -1.233e-9
-638.000, -1.241e-9
-638.500, -1.250e-9
-639.000, -1.257e-9
-639.500, -1.260e-9
-640.000, -1.263e-9
-640.500, -1.272e-9
-641.000, -1.283e-9
-641.500, -1.291e-9
-642.000, -1.292e-9
-642.500, -1.296e-9
-643.000, -1.306e-9
-643.500, -1.319e-9
-644.000, -1.330e-9
-644.500, -1.334e-9
-645.000, -1.338e-9
-645.500, -1.348e-9
-646.000, -1.362e-9
-646.500, -1.376e-9
-647.000, -1.386e-9
-647.500, -1.399e-9
-648.000, -1.419e-9
-648.500, -1.442e-9
-649.000, -1.459e-9
-649.500, -1.469e-9
-650.000, -1.477e-9
-650.500, -1.490e-9
-651.000, -1.505e-9
-651.500, -1.517e-9
-652.000, -1.523e-9
-652.500, -1.529e-9
-653.000, -1.539e-9
-653.500, -1.551e-9
-654.000, -1.562e-9
-654.500, -1.568e-9
-655.000, -1.573e-9
-655.500, -1.580e-9
-656.000, -1.589e-9
-656.500, -1.597e-9
-657.000, -1.603e-9
-657.500, -1.608e-9
-658.000, -1.615e-9
-658.500, -1.625e-9
-659.000, -1.634e-9
-659.500, -1.641e-9
-660.000, -1.647e-9
-660.500, -1.657e-9
-661.000, -1.669e-9
-661.500, -1.681e-9
-662.000, -1.691e-9
-662.500, -1.700e-9
-663.000, -1.713e-9
-663.500, -1.730e-9
-664.000, -1.747e-9
-664.500, -1.762e-9
-665.000, -1.775e-9
-665.500, -1.792e-9
-666.000, -1.812e-9
-666.500, -1.834e-9
-667.000, -1.852e-9
-667.500, -1.868e-9
-668.000, -1.887e-9
-668.500, -1.913e-9
-669.000, -1.939e-9
-669.500, -1.959e-9
-670.000, -1.978e-9
-670.500, -2.001e-9
-671.000, -2.026e-9
-671.500, -2.049e-9
-672.000, -2.067e-9
-672.500, -2.082e-9
-673.000, -2.101e-9
-673.500, -2.128e-9
-674.000, -2.155e-9
-674.500, -2.178e-9
-675.000, -2.198e-9
-675.500, -2.220e-9
-676.000, -2.249e-9
-676.500, -2.279e-9
-677.000, -2.303e-9
-677.500, -2.323e-9
-678.000, -2.346e-9
-678.500, -2.372e-9
-679.000, -2.396e-9
-679.500, -2.417e-9
-680.000, -2.434e-9
-680.500, -2.453e-9
-681.000, -2.474e-9
-681.500, -2.494e-9
-682.000, -2.510e-9
-682.500, -2.523e-9
-683.000, -2.538e-9
-683.500, -2.555e-9
-684.000, -2.571e-9
-684.500, -2.583e-9
-685.000, -2.594e-9
-685.500, -2.607e-9
-686.000, -2.621e-9
-686.500, -2.634e-9
-687.000, -2.645e-9
-687.500, -2.655e-9
-688.000, -2.667e-9
-688.500, -2.681e-9
-689.000, -2.694e-9
-689.500, -2.705e-9
-690.000, -2.714e-9
-690.500, -2.725e-9
-691.000, -2.737e-9
-691.500, -2.748e-9
-692.000, -2.757e-9
-692.500, -2.765e-9
-693.000, -2.774e-9
-693.500, -2.784e-9
-694.000, -2.794e-9
-694.500, -2.803e-9
-695.000, -2.811e-9
-695.500, -2.819e-9
-696.000, -2.828e-9
-696.500, -2.838e-9
-697.000, -2.845e-9
-697.500, -2.851e-9
-698.000, -2.857e-9
-698.500, -2.864e-9
-699.000, -2.870e-9
-699.500, -2.876e-9
-700.000, -2.880e-9
-700.500, -2.885e-9
-701.000, -2.891e-9
-701.500, -2.895e-9
-702.000, -2.899e-9
-702.500, -2.902e-9
-703.000, -2.906e-9
-703.500, -2.910e-9
-704.000, -2.914e-9
-704.500, -2.917e-9
-705.000, -2.919e-9
-705.500, -2.922e-9
-706.000, -2.925e-9
-706.500, -2.928e-9
-707.000, -2.930e-9
-707.500, -2.932e-9
-708.000, -2.934e-9
-708.500, -2.937e-9
-709.000, -2.939e-9
-709.500, -2.940e-9
-710.000, -2.941e-9
-710.500, -2.943e-9
-711.000, -2.944e-9
-711.500, -2.945e-9
-712.000, -2.945e-9
-712.500, -2.946e-9
-713.000, -2.946e-9
-713.500, -2.948e-9
-714.000, -2.948e-9
-714.500, -2.948e-9
-715.000, -2.948e-9
-715.500, -2.949e-9
-716.000, -2.949e-9
-716.500, -2.949e-9
-717.000, -2.949e-9
-717.500, -2.949e-9
-718.000, -2.949e-9
-718.500, -2.949e-9
-719.000, -2.950e-9
-719.500, -2.949e-9
-720.000, -2.949e-9
-720.500, -2.949e-9
-721.000, -2.950e-9
-721.500, -2.950e-9
-722.000, -2.950e-9
-722.500, -2.950e-9
-723.000, -2.951e-9
-723.500, -2.951e-9
-724.000, -2.951e-9
-724.500, -2.951e-9
-725.000, -2.951e-9
-725.500, -2.952e-9
-726.000, -2.952e-9
-726.500, -2.953e-9
-727.000, -2.953e-9
-727.500, -2.953e-9
-728.000, -2.954e-9
-728.500, -2.955e-9
-729.000, -2.956e-9
-729.500, -2.956e-9
-730.000, -2.956e-9
-730.500, -2.957e-9
-731.000, -2.958e-9
-731.500, -2.959e-9
-732.000, -2.959e-9
-732.500, -2.960e-9
-733.000, -2.961e-9
-733.500, -2.963e-9
-734.000, -2.964e-9
-734.500, -2.965e-9
-735.000, -2.966e-9
-735.500, -2.967e-9
-736.000, -2.969e-9
-736.500, -2.970e-9
-737.000, -2.972e-9
-737.500, -2.973e-9
-738.000, -2.974e-9
-738.500, -2.977e-9
-739.000, -2.979e-9
-739.500, -2.981e-9
-740.000, -2.984e-9
-740.500, -2.986e-9
-741.000, -2.989e-9
-741.500, -2.991e-9
-742.000, -2.994e-9
-742.500, -2.995e-9
-743.000, -2.997e-9
-743.500, -3.000e-9
-744.000, -3.004e-9
-744.500, -3.006e-9
-745.000, -3.008e-9
-745.500, -3.011e-9
-746.000, -3.013e-9
-746.500, -3.016e-9
-747.000, -3.018e-9
-747.500, -3.021e-9
-748.000, -3.023e-9
-748.500, -3.026e-9
-749.000, -3.030e-9
-749.500, -3.032e-9
-750.000, -3.034e-9
-750.500, -3.037e-9
-751.000, -3.040e-9
-751.500, -3.043e-9
-752.000, -3.046e-9
-752.500, -3.048e-9
-753.000, -3.051e-9
-753.500, -3.054e-9
-754.000, -3.058e-9
-754.500, -3.060e-9
-755.000, -3.063e-9
-755.500, -3.065e-9
-756.000, -3.068e-9
-756.500, -3.071e-9
-757.000, -3.074e-9
-757.500, -3.076e-9
-758.000, -3.079e-9
-758.500, -3.082e-9
-759.000, -3.085e-9
-759.500, -3.087e-9
-760.000, -3.089e-9
-760.500, -3.091e-9
-761.000, -3.094e-9
-761.500, -3.095e-9
-762.000, -3.097e-9
-762.500, -3.098e-9
-763.000, -3.099e-9
-763.500, -3.101e-9
-764.000, -3.102e-9
-764.500, -3.103e-9
-765.000, -3.103e-9
-765.500, -3.105e-9
-766.000, -3.106e-9
-766.500, -3.106e-9
-767.000, -3.106e-9
-767.500, -3.106e-9
-768.000, -3.107e-9
-768.500, -3.108e-9
-769.000, -3.107e-9
-769.500, -3.107e-9
-770.000, -3.106e-9
-770.500, -3.106e-9
-771.000, -3.106e-9
-771.500, -3.106e-9
-772.000, -3.104e-9
-772.500, -3.103e-9
-773.000, -3.103e-9
-773.500, -3.102e-9
-774.000, -3.101e-9
-774.500, -3.099e-9
-775.000, -3.098e-9
-775.500, -3.097e-9
-776.000, -3.096e-9
-776.500, -3.094e-9
-777.000, -3.092e-9
-777.500, -3.091e-9
-778.000, -3.090e-9
-778.500, -3.088e-9
-779.000, -3.086e-9
-779.500, -3.084e-9
-780.000, -3.082e-9
-780.500, -3.080e-9
-781.000, -3.078e-9
-781.500, -3.075e-9
-782.000, -3.072e-9
-782.500, -3.070e-9
-783.000, -3.068e-9
-783.500, -3.066e-9
-784.000, -3.063e-9
-784.500, -3.061e-9
-785.000, -3.059e-9
-785.500, -3.057e-9
-786.000, -3.055e-9
-786.500, -3.053e-9
-787.000, -3.050e-9
-787.500, -3.048e-9
-788.000, -3.047e-9
-788.500, -3.045e-9
-789.000, -3.042e-9
-789.500, -3.040e-9
-790.000, -3.038e-9
-790.500, -3.035e-9
-791.000, -3.034e-9
-791.500, -3.031e-9
-792.000, -3.028e-9
-792.500, -3.026e-9
-793.000, -3.025e-9
-793.500, -3.023e-9
-794.000, -3.021e-9
-794.500, -3.020e-9
-795.000, -3.018e-9
-795.500, -3.017e-9
-796.000, -3.017e-9
-796.500, -3.016e-9
-797.000, -3.015e-9
-797.500, -3.014e-9
-798.000, -3.014e-9
-798.500, -3.014e-9
-799.000, -3.014e-9
-799.500, -3.014e-9
-800.000, -3.013e-9
-800.500, -3.013e-9
-801.000, -3.013e-9
-801.500, -3.013e-9
-802.000, -3.013e-9
-802.500, -3.013e-9
-803.000, -3.013e-9
-803.500, -3.013e-9
-804.000, -3.013e-9
-804.500, -3.013e-9
-805.000, -3.012e-9
-805.500, -3.011e-9
-806.000, -3.011e-9
-806.500, -3.010e-9
-807.000, -3.010e-9
-807.500, -3.009e-9
-808.000, -3.008e-9
-808.500, -3.007e-9
-809.000, -3.006e-9
-809.500, -3.005e-9
-810.000, -3.004e-9
-810.500, -3.003e-9
-811.000, -3.002e-9
-811.500, -3.000e-9
-812.000, -2.999e-9
-812.500, -2.998e-9
-813.000, -2.997e-9
-813.500, -2.996e-9
-814.000, -2.996e-9
-814.500, -2.994e-9
-815.000, -2.994e-9
-815.500, -2.994e-9
-816.000, -2.993e-9
-816.500, -2.992e-9
-817.000, -2.992e-9
-817.500, -2.992e-9
-818.000, -2.992e-9
-818.500, -2.992e-9
-819.000, -2.992e-9
-819.500, -2.992e-9
-820.000, -2.992e-9
-820.500, -2.993e-9
-821.000, -2.994e-9
-821.500, -2.995e-9
-822.000, -2.995e-9
-822.500, -2.996e-9
-823.000, -2.997e-9
-823.500, -2.999e-9
-824.000, -3.001e-9
-824.500, -3.003e-9
-825.000, -3.004e-9
-825.500, -3.006e-9
-826.000, -3.008e-9
-826.500, -3.009e-9
-827.000, -3.010e-9
-827.500, -3.011e-9
-828.000, -3.012e-9
-828.500, -3.013e-9
-829.000, -3.014e-9
-829.500, -3.015e-9
-830.000, -3.015e-9
-830.500, -3.015e-9
-831.000, -3.016e-9
-831.500, -3.016e-9
-832.000, -3.017e-9
-832.500, -3.017e-9
-833.000, -3.017e-9
-833.500, -3.018e-9
-834.000, -3.018e-9
-834.500, -3.018e-9
-835.000, -3.017e-9
-835.500, -3.017e-9
-836.000, -3.017e-9
-836.500, -3.017e-9
-837.000, -3.016e-9
-837.500, -3.015e-9
-838.000, -3.014e-9
-838.500, -3.013e-9
-839.000, -3.013e-9
-839.500, -3.012e-9
-840.000, -3.010e-9
-840.500, -3.010e-9
-841.000, -3.008e-9
-841.500, -3.007e-9
-842.000, -3.006e-9
-842.500, -3.004e-9
-843.000, -3.003e-9
-843.500, -3.001e-9
-844.000, -2.999e-9
-844.500, -2.997e-9
-845.000, -2.995e-9
-845.500, -2.992e-9
-846.000, -2.990e-9
-846.500, -2.987e-9
-847.000, -2.983e-9
-847.500, -2.979e-9
-848.000, -2.976e-9
-848.500, -2.971e-9
-849.000, -2.966e-9
-849.500, -2.961e-9
-850.000, -2.955e-9
-850.500, -2.950e-9
-851.000, -2.944e-9
-851.500, -2.937e-9
-852.000, -2.931e-9
-852.500, -2.925e-9
-853.000, -2.918e-9
-853.500, -2.911e-9
-854.000, -2.903e-9
-854.500, -2.895e-9
-855.000, -2.888e-9
-855.500, -2.880e-9
-856.000, -2.871e-9
-856.500, -2.862e-9
-857.000, -2.853e-9
-857.500, -2.844e-9
-858.000, -2.835e-9
-858.500, -2.823e-9
-859.000, -2.811e-9
-859.500, -2.800e-9
-860.000, -2.788e-9
-860.500, -2.776e-9
-861.000, -2.763e-9
-861.500, -2.748e-9
-862.000, -2.734e-9
-862.500, -2.721e-9
-863.000, -2.708e-9
-863.500, -2.692e-9
-864.000, -2.675e-9
-864.500, -2.659e-9
-865.000, -2.645e-9
-865.500, -2.630e-9
-866.000, -2.613e-9
-866.500, -2.596e-9
-867.000, -2.580e-9
-867.500, -2.564e-9
-868.000, -2.548e-9
-868.500, -2.531e-9
-869.000, -2.513e-9
-869.500, -2.496e-9
-870.000, -2.481e-9
-870.500, -2.465e-9
-871.000, -2.448e-9
-871.500, -2.431e-9
-872.000, -2.415e-9
-872.500, -2.401e-9
-873.000, -2.387e-9
-873.500, -2.373e-9
-874.000, -2.359e-9
-874.500, -2.345e-9
-875.000, -2.333e-9
-875.500, -2.320e-9
-876.000, -2.308e-9
-876.500, -2.295e-9
-877.000, -2.284e-9
-877.500, -2.273e-9
-878.000, -2.263e-9
-878.500, -2.251e-9
-879.000, -2.239e-9
-879.500, -2.229e-9
-880.000, -2.221e-9
-880.500, -2.212e-9
-881.000, -2.202e-9
-881.500, -2.192e-9
-882.000, -2.184e-9
-882.500, -2.176e-9
-883.000, -2.168e-9
-883.500, -2.159e-9
-884.000, -2.150e-9
-884.500, -2.142e-9
-885.000, -2.135e-9
-885.500, -2.127e-9
-886.000, -2.119e-9
-886.500, -2.112e-9
-887.000, -2.105e-9
-887.500, -2.098e-9
-888.000, -2.091e-9
-888.500, -2.085e-9
-889.000, -2.079e-9
-889.500, -2.073e-9
-890.000, -2.067e-9
-890.500, -2.062e-9
-891.000, -2.055e-9
-891.500, -2.049e-9
-892.000, -2.044e-9
-892.500, -2.040e-9
-893.000, -2.035e-9
-893.500, -2.030e-9
-894.000, -2.025e-9
-894.500, -2.021e-9
-895.000, -2.017e-9
-895.500, -2.012e-9
-896.000, -2.008e-9
-896.500, -2.004e-9
-897.000, -2.000e-9
-897.500, -1.997e-9
-898.000, -1.993e-9
-898.500, -1.989e-9
-899.000, -1.986e-9
-899.500, -1.983e-9
-900.000, -1.980e-9
-900.500, -1.976e-9
-901.000, -1.973e-9
-901.500, -1.969e-9
-902.000, -1.966e-9
-902.500, -1.963e-9
-903.000, -1.959e-9
-903.500, -1.956e-9
-904.000, -1.953e-9
-904.500, -1.950e-9
-905.000, -1.947e-9
-905.500, -1.944e-9
-906.000, -1.941e-9
-906.500, -1.939e-9
-907.000, -1.936e-9
-907.500, -1.934e-9
-908.000, -1.932e-9
-908.500, -1.930e-9
-909.000, -1.928e-9
-909.500, -1.926e-9
-910.000, -1.924e-9
-910.500, -1.922e-9
-911.000, -1.920e-9
-911.500, -1.918e-9
-912.000, -1.916e-9
-912.500, -1.914e-9
-913.000, -1.912e-9
-913.500, -1.910e-9
-914.000, -1.908e-9
-914.500, -1.907e-9
-915.000, -1.904e-9
-915.500, -1.902e-9
-916.000, -1.901e-9
-916.500, -1.899e-9
-917.000, -1.898e-9
-917.500, -1.896e-9
-918.000, -1.894e-9
-918.500, -1.893e-9
-919.000, -1.892e-9
-919.500, -1.891e-9
-920.000, -1.890e-9
-920.500, -1.888e-9
-921.000, -1.887e-9
-921.500, -1.886e-9
-922.000, -1.885e-9
-922.500, -1.883e-9
-923.000, -1.883e-9
-923.500, -1.882e-9
-924.000, -1.881e-9
-924.500, -1.880e-9
-925.000, -1.879e-9
-925.500, -1.878e-9
-926.000, -1.877e-9
-926.500, -1.876e-9
-927.000, -1.875e-9
-927.500, -1.874e-9
-928.000, -1.873e-9
-928.500, -1.872e-9
-929.000, -1.872e-9
-929.500, -1.871e-9
-930.000, -1.869e-9
-930.500, -1.868e-9
-931.000, -1.867e-9
-931.500, -1.866e-9
-932.000, -1.865e-9
-932.500, -1.863e-9
-933.000, -1.861e-9
-933.500, -1.861e-9
-934.000, -1.859e-9
-934.500, -1.858e-9
-935.000, -1.856e-9
-935.500, -1.854e-9
-936.000, -1.853e-9
-936.500, -1.852e-9
-937.000, -1.850e-9
-937.500, -1.849e-9
-938.000, -1.847e-9
-938.500, -1.846e-9
-939.000, -1.846e-9
-939.500, -1.844e-9
-940.000, -1.843e-9
-940.500, -1.842e-9
-941.000, -1.842e-9
-941.500, -1.841e-9
-942.000, -1.840e-9
-942.500, -1.838e-9
-943.000, -1.837e-9
-943.500, -1.836e-9
-944.000, -1.835e-9
-944.500, -1.835e-9
-945.000, -1.834e-9
-945.500, -1.833e-9
-946.000, -1.832e-9
-946.500, -1.832e-9
-947.000, -1.831e-9
-947.500, -1.830e-9
-948.000, -1.830e-9
-948.500, -1.830e-9
-949.000, -1.830e-9
-949.500, -1.829e-9
-950.000, -1.829e-9
-950.500, -1.828e-9
-951.000, -1.828e-9
-951.500, -1.828e-9
-952.000, -1.827e-9
-952.500, -1.826e-9
-953.000, -1.825e-9
-953.500, -1.825e-9
-954.000, -1.824e-9
-954.500, -1.823e-9
-955.000, -1.822e-9
-955.500, -1.821e-9
-956.000, -1.821e-9
-956.500, -1.820e-9
-957.000, -1.819e-9
-957.500, -1.818e-9
-958.000, -1.817e-9
-958.500, -1.816e-9
-959.000, -1.816e-9
-959.500, -1.815e-9
-960.000, -1.813e-9
-960.500, -1.812e-9
-961.000, -1.812e-9
-961.500, -1.812e-9
-962.000, -1.811e-9
-962.500, -1.810e-9
-963.000, -1.809e-9
-963.500, -1.809e-9
-964.000, -1.809e-9
-964.500, -1.809e-9
-965.000, -1.808e-9
-965.500, -1.808e-9
-966.000, -1.808e-9
-966.500, -1.809e-9
-967.000, -1.809e-9
-967.500, -1.808e-9
-968.000, -1.808e-9
-968.500, -1.808e-9
-969.000, -1.808e-9
-969.500, -1.808e-9
-970.000, -1.808e-9
-970.500, -1.808e-9
-971.000, -1.807e-9
-971.500, -1.807e-9
-972.000, -1.806e-9
-972.500, -1.805e-9
-973.000, -1.804e-9
-973.500, -1.803e-9
-974.000, -1.802e-9
-974.500, -1.801e-9
-975.000, -1.800e-9
-975.500, -1.799e-9
-976.000, -1.798e-9
-976.500, -1.797e-9
-977.000, -1.796e-9
-977.500, -1.795e-9
-978.000, -1.794e-9
-978.500, -1.793e-9
-979.000, -1.793e-9
-979.500, -1.792e-9
-980.000, -1.791e-9
-980.500, -1.791e-9
-981.000, -1.791e-9
-981.500, -1.790e-9
-982.000, -1.790e-9
-982.500, -1.789e-9
-983.000, -1.788e-9
-983.500, -1.788e-9
-984.000, -1.788e-9
-984.500, -1.788e-9
-985.000, -1.787e-9
-985.500, -1.786e-9
-986.000, -1.786e-9
-986.500, -1.786e-9
-987.000, -1.784e-9
-987.500, -1.783e-9
-988.000, -1.782e-9
-988.500, -1.782e-9
-989.000, -1.781e-9
-989.500, -1.780e-9
-990.000, -1.779e-9
-990.500, -1.778e-9
-991.000, -1.777e-9
-991.500, -1.777e-9
-992.000, -1.776e-9
-992.500, -1.775e-9
-993.000, -1.774e-9
-993.500, -1.773e-9
-994.000, -1.773e-9
-994.500, -1.772e-9
-995.000, -1.771e-9
-995.500, -1.771e-9
-996.000, -1.771e-9
-996.500, -1.770e-9
-997.000, -1.770e-9
-997.500, -1.769e-9
-998.000, -1.769e-9
-998.500, -1.769e-9
-999.000, -1.769e-9
-999.500, -1.769e-9
-1000.000, -1.769e-9
