Distance/um, Current/A

-0.500, 1.124e-8
-1.000, 1.124e-8
-1.500, 1.124e-8
-2.000, 1.125e-8
-2.500, 1.124e-8
-3.000, 1.124e-8
-3.500, 1.123e-8
-4.000, 1.122e-8
-4.500, 1.123e-8
-5.000, 1.123e-8
-5.500, 1.122e-8
-6.000, 1.122e-8
-6.500, 1.121e-8
-7.000, 1.121e-8
-7.500, 1.121e-8
-8.000, 1.121e-8
-8.500, 1.120e-8
-9.000, 1.120e-8
-9.500, 1.120e-8
-10.000, 1.119e-8
-10.500, 1.119e-8
-11.000, 1.119e-8
-11.500, 1.119e-8
-12.000, 1.119e-8
-12.500, 1.118e-8
-13.000, 1.118e-8
-13.500, 1.118e-8
-14.000, 1.118e-8
-14.500, 1.118e-8
-15.000, 1.117e-8
-15.500, 1.117e-8
-16.000, 1.117e-8
-16.500, 1.117e-8
-17.000, 1.117e-8
-17.500, 1.117e-8
-18.000, 1.116e-8
-18.500, 1.116e-8
-19.000, 1.116e-8
-19.500, 1.116e-8
-20.000, 1.116e-8
-20.500, 1.115e-8
-21.000, 1.116e-8
-21.500, 1.115e-8
-22.000, 1.115e-8
-22.500, 1.115e-8
-23.000, 1.114e-8
-23.500, 1.115e-8
-24.000, 1.114e-8
-24.500, 1.114e-8
-25.000, 1.114e-8
-25.500, 1.114e-8
-26.000, 1.113e-8
-26.500, 1.113e-8
-27.000, 1.114e-8
-27.500, 1.113e-8
-28.000, 1.113e-8
-28.500, 1.113e-8
-29.000, 1.112e-8
-29.500, 1.113e-8
-30.000, 1.113e-8
-30.500, 1.112e-8
-31.000, 1.113e-8
-31.500, 1.112e-8
-32.000, 1.111e-8
-32.500, 1.112e-8
-33.000, 1.112e-8
-33.500, 1.111e-8
-34.000, 1.112e-8
-34.500, 1.111e-8
-35.000, 1.111e-8
-35.500, 1.111e-8
-36.000, 1.111e-8
-36.500, 1.110e-8
-37.000, 1.111e-8
-37.500, 1.110e-8
-38.000, 1.110e-8
-38.500, 1.110e-8
-39.000, 1.110e-8
-39.500, 1.110e-8
-40.000, 1.110e-8
-40.500, 1.110e-8
-41.000, 1.109e-8
-41.500, 1.110e-8
-42.000, 1.109e-8
-42.500, 1.109e-8
-43.000, 1.109e-8
-43.500, 1.109e-8
-44.000, 1.109e-8
-44.500, 1.109e-8
-45.000, 1.109e-8
-45.500, 1.108e-8
-46.000, 1.109e-8
-46.500, 1.108e-8
-47.000, 1.107e-8
-47.500, 1.108e-8
-48.000, 1.108e-8
-48.500, 1.108e-8
-49.000, 1.108e-8
-49.500, 1.107e-8
-50.000, 1.107e-8
-50.500, 1.108e-8
-51.000, 1.108e-8
-51.500, 1.108e-8
-52.000, 1.107e-8
-52.500, 1.107e-8
-53.000, 1.107e-8
-53.500, 1.107e-8
-54.000, 1.107e-8
-54.500, 1.107e-8
-55.000, 1.107e-8
-55.500, 1.107e-8
-56.000, 1.106e-8
-56.500, 1.107e-8
-57.000, 1.107e-8
-57.500, 1.106e-8
-58.000, 1.107e-8
-58.500, 1.106e-8
-59.000, 1.106e-8
-59.500, 1.106e-8
-60.000, 1.106e-8
-60.500, 1.106e-8
-61.000, 1.106e-8
-61.500, 1.105e-8
-62.000, 1.106e-8
-62.500, 1.105e-8
-63.000, 1.105e-8
-63.500, 1.106e-8
-64.000, 1.105e-8
-64.500, 1.104e-8
-65.000, 1.106e-8
-65.500, 1.105e-8
-66.000, 1.105e-8
-66.500, 1.105e-8
-67.000, 1.105e-8
-67.500, 1.105e-8
-68.000, 1.105e-8
-68.500, 1.104e-8
-69.000, 1.105e-8
-69.500, 1.105e-8
-70.000, 1.104e-8
-70.500, 1.104e-8
-71.000, 1.105e-8
-71.500, 1.104e-8
-72.000, 1.104e-8
-72.500, 1.104e-8
-73.000, 1.104e-8
-73.500, 1.104e-8
-74.000, 1.104e-8
-74.500, 1.104e-8
-75.000, 1.104e-8
-75.500, 1.104e-8
-76.000, 1.104e-8
-76.500, 1.104e-8
-77.000, 1.103e-8
-77.500, 1.103e-8
-78.000, 1.104e-8
-78.500, 1.103e-8
-79.000, 1.103e-8
-79.500, 1.103e-8
-80.000, 1.103e-8
-80.500, 1.103e-8
-81.000, 1.103e-8
-81.500, 1.103e-8
-82.000, 1.103e-8
-82.500, 1.102e-8
-83.000, 1.103e-8
-83.500, 1.103e-8
-84.000, 1.102e-8
-84.500, 1.102e-8
-85.000, 1.102e-8
-85.500, 1.102e-8
-86.000, 1.102e-8
-86.500, 1.102e-8
-87.000, 1.102e-8
-87.500, 1.102e-8
-88.000, 1.102e-8
-88.500, 1.101e-8
-89.000, 1.102e-8
-89.500, 1.101e-8
-90.000, 1.101e-8
-90.500, 1.101e-8
-91.000, 1.101e-8
-91.500, 1.102e-8
-92.000, 1.101e-8
-92.500, 1.101e-8
-93.000, 1.101e-8
-93.500, 1.101e-8
-94.000, 1.100e-8
-94.500, 1.101e-8
-95.000, 1.100e-8
-95.500, 1.101e-8
-96.000, 1.101e-8
-96.500, 1.100e-8
-97.000, 1.100e-8
-97.500, 1.100e-8
-98.000, 1.100e-8
-98.500, 1.100e-8
-99.000, 1.100e-8
-99.500, 1.099e-8
-100.000, 1.100e-8
-100.500, 1.100e-8
-101.000, 1.099e-8
-101.500, 1.099e-8
-102.000, 1.099e-8
-102.500, 1.098e-8
-103.000, 1.099e-8
-103.500, 1.099e-8
-104.000, 1.098e-8
-104.500, 1.098e-8
-105.000, 1.099e-8
-105.500, 1.098e-8
-106.000, 1.098e-8
-106.500, 1.098e-8
-107.000, 1.098e-8
-107.500, 1.098e-8
-108.000, 1.099e-8
-108.500, 1.098e-8
-109.000, 1.098e-8
-109.500, 1.098e-8
-110.000, 1.097e-8
-110.500, 1.098e-8
-111.000, 1.098e-8
-111.500, 1.097e-8
-112.000, 1.098e-8
-112.500, 1.098e-8
-113.000, 1.097e-8
-113.500, 1.098e-8
-114.000, 1.097e-8
-114.500, 1.097e-8
-115.000, 1.097e-8
-115.500, 1.097e-8
-116.000, 1.097e-8
-116.500, 1.097e-8
-117.000, 1.097e-8
-117.500, 1.097e-8
-118.000, 1.097e-8
-118.500, 1.097e-8
-119.000, 1.097e-8
-119.500, 1.097e-8
-120.000, 1.096e-8
-120.500, 1.097e-8
-121.000, 1.097e-8
-121.500, 1.097e-8
-122.000, 1.097e-8
-122.500, 1.097e-8
-123.000, 1.097e-8
-123.500, 1.097e-8
-124.000, 1.097e-8
-124.500, 1.097e-8
-125.000, 1.097e-8
-125.500, 1.098e-8
-126.000, 1.098e-8
-126.500, 1.098e-8
-127.000, 1.098e-8
-127.500, 1.099e-8
-128.000, 1.099e-8
-128.500, 1.100e-8
-129.000, 1.100e-8
-129.500, 1.100e-8
-130.000, 1.100e-8
-130.500, 1.101e-8
-131.000, 1.100e-8
-131.500, 1.100e-8
-132.000, 1.100e-8
-132.500, 1.100e-8
-133.000, 1.100e-8
-133.500, 1.100e-8
-134.000, 1.099e-8
-134.500, 1.099e-8
-135.000, 1.098e-8
-135.500, 1.097e-8
-136.000, 1.097e-8
-136.500, 1.096e-8
-137.000, 1.095e-8
-137.500, 1.095e-8
-138.000, 1.094e-8
-138.500, 1.093e-8
-139.000, 1.093e-8
-139.500, 1.091e-8
-140.000, 1.090e-8
-140.500, 1.091e-8
-141.000, 1.089e-8
-141.500, 1.087e-8
-142.000, 1.087e-8
-142.500, 1.085e-8
-143.000, 1.084e-8
-143.500, 1.084e-8
-144.000, 1.081e-8
-144.500, 1.080e-8
-145.000, 1.079e-8
-145.500, 1.077e-8
-146.000, 1.077e-8
-146.500, 1.075e-8
-147.000, 1.074e-8
-147.500, 1.072e-8
-148.000, 1.071e-8
-148.500, 1.070e-8
-149.000, 1.069e-8
-149.500, 1.067e-8
-150.000, 1.066e-8
-150.500, 1.065e-8
-151.000, 1.063e-8
-151.500, 1.062e-8
-152.000, 1.061e-8
-152.500, 1.060e-8
-153.000, 1.059e-8
-153.500, 1.058e-8
-154.000, 1.056e-8
-154.500, 1.056e-8
-155.000, 1.056e-8
-155.500, 1.054e-8
-156.000, 1.054e-8
-156.500, 1.053e-8
-157.000, 1.053e-8
-157.500, 1.054e-8
-158.000, 1.053e-8
-158.500, 1.054e-8
-159.000, 1.055e-8
-159.500, 1.055e-8
-160.000, 1.055e-8
-160.500, 1.057e-8
-161.000, 1.057e-8
-161.500, 1.057e-8
-162.000, 1.059e-8
-162.500, 1.058e-8
-163.000, 1.059e-8
-163.500, 1.059e-8
-164.000, 1.059e-8
-164.500, 1.060e-8
-165.000, 1.060e-8
-165.500, 1.060e-8
-166.000, 1.060e-8
-166.500, 1.060e-8
-167.000, 1.060e-8
-167.500, 1.060e-8
-168.000, 1.060e-8
-168.500, 1.060e-8
-169.000, 1.060e-8
-169.500, 1.060e-8
-170.000, 1.061e-8
-170.500, 1.060e-8
-171.000, 1.060e-8
-171.500, 1.060e-8
-172.000, 1.060e-8
-172.500, 1.060e-8
-173.000, 1.060e-8
-173.500, 1.060e-8
-174.000, 1.059e-8
-174.500, 1.059e-8
-175.000, 1.059e-8
-175.500, 1.059e-8
-176.000, 1.059e-8
-176.500, 1.059e-8
-177.000, 1.059e-8
-177.500, 1.059e-8
-178.000, 1.059e-8
-178.500, 1.059e-8
-179.000, 1.058e-8
-179.500, 1.059e-8
-180.000, 1.058e-8
-180.500, 1.059e-8
-181.000, 1.059e-8
-181.500, 1.058e-8
-182.000, 1.058e-8
-182.500, 1.059e-8
-183.000, 1.058e-8
-183.500, 1.058e-8
-184.000, 1.059e-8
-184.500, 1.058e-8
-185.000, 1.058e-8
-185.500, 1.059e-8
-186.000, 1.058e-8
-186.500, 1.059e-8
-187.000, 1.058e-8
-187.500, 1.058e-8
-188.000, 1.058e-8
-188.500, 1.058e-8
-189.000, 1.058e-8
-189.500, 1.058e-8
-190.000, 1.058e-8
-190.500, 1.058e-8
-191.000, 1.058e-8
-191.500, 1.059e-8
-192.000, 1.058e-8
-192.500, 1.058e-8
-193.000, 1.058e-8
-193.500, 1.058e-8
-194.000, 1.058e-8
-194.500, 1.058e-8
-195.000, 1.058e-8
-195.500, 1.058e-8
-196.000, 1.058e-8
-196.500, 1.058e-8
-197.000, 1.058e-8
-197.500, 1.058e-8
-198.000, 1.058e-8
-198.500, 1.058e-8
-199.000, 1.057e-8
-199.500, 1.071e-8
-200.000, 1.405e-8
-200.500, 1.640e-8
-201.000, 1.558e-8
-201.500, 1.429e-8
-202.000, 1.323e-8
-202.500, 1.252e-8
-203.000, 1.206e-8
-203.500, 1.177e-8
-204.000, 1.159e-8
-204.500, 1.146e-8
-205.000, 1.138e-8
-205.500, 1.133e-8
-206.000, 1.128e-8
-206.500, 1.125e-8
-207.000, 1.123e-8
-207.500, 1.120e-8
-208.000, 1.120e-8
-208.500, 1.118e-8
-209.000, 1.116e-8
-209.500, 1.116e-8
-210.000, 1.115e-8
-210.500, 1.113e-8
-211.000, 1.113e-8
-211.500, 1.111e-8
-212.000, 1.111e-8
-212.500, 1.110e-8
-213.000, 1.109e-8
-213.500, 1.108e-8
-214.000, 1.107e-8
-214.500, 1.106e-8
-215.000, 1.105e-8
-215.500, 1.105e-8
-216.000, 1.104e-8
-216.500, 1.102e-8
-217.000, 1.102e-8
-217.500, 1.101e-8
-218.000, 1.100e-8
-218.500, 1.099e-8
-219.000, 1.097e-8
-219.500, 1.097e-8
-220.000, 1.096e-8
-220.500, 1.095e-8
-221.000, 1.094e-8
-221.500, 1.093e-8
-222.000, 1.092e-8
-222.500, 1.090e-8
-223.000, 1.089e-8
-223.500, 1.088e-8
-224.000, 1.086e-8
-224.500, 1.086e-8
-225.000, 1.085e-8
-225.500, 1.083e-8
-226.000, 1.082e-8
-226.500, 1.081e-8
-227.000, 1.080e-8
-227.500, 1.079e-8
-228.000, 1.077e-8
-228.500, 1.076e-8
-229.000, 1.075e-8
-229.500, 1.074e-8
-230.000, 1.073e-8
-230.500, 1.072e-8
-231.000, 1.071e-8
-231.500, 1.069e-8
-232.000, 1.069e-8
-232.500, 1.068e-8
-233.000, 1.066e-8
-233.500, 1.066e-8
-234.000, 1.065e-8
-234.500, 1.063e-8
-235.000, 1.063e-8
-235.500, 1.062e-8
-236.000, 1.061e-8
-236.500, 1.060e-8
-237.000, 1.058e-8
-237.500, 1.058e-8
-238.000, 1.058e-8
-238.500, 1.056e-8
-239.000, 1.056e-8
-239.500, 1.055e-8
-240.000, 1.054e-8
-240.500, 1.053e-8
-241.000, 1.053e-8
-241.500, 1.051e-8
-242.000, 1.051e-8
-242.500, 1.050e-8
-243.000, 1.049e-8
-243.500, 1.049e-8
-244.000, 1.049e-8
-244.500, 1.048e-8
-245.000, 1.048e-8
-245.500, 1.048e-8
-246.000, 1.047e-8
-246.500, 1.048e-8
-247.000, 1.047e-8
-247.500, 1.047e-8
-248.000, 1.047e-8
-248.500, 1.046e-8
-249.000, 1.046e-8
-249.500, 1.047e-8
-250.000, 1.046e-8
-250.500, 1.046e-8
-251.000, 1.047e-8
-251.500, 1.046e-8
-252.000, 1.046e-8
-252.500, 1.047e-8
-253.000, 1.046e-8
-253.500, 1.047e-8
-254.000, 1.047e-8
-254.500, 1.046e-8
-255.000, 1.047e-8
-255.500, 1.047e-8
-256.000, 1.047e-8
-256.500, 1.047e-8
-257.000, 1.047e-8
-257.500, 1.047e-8
-258.000, 1.048e-8
-258.500, 1.048e-8
-259.000, 1.048e-8
-259.500, 1.048e-8
-260.000, 1.048e-8
-260.500, 1.048e-8
-261.000, 1.048e-8
-261.500, 1.048e-8
-262.000, 1.049e-8
-262.500, 1.049e-8
-263.000, 1.049e-8
-263.500, 1.049e-8
-264.000, 1.049e-8
-264.500, 1.049e-8
-265.000, 1.050e-8
-265.500, 1.050e-8
-266.000, 1.050e-8
-266.500, 1.051e-8
-267.000, 1.050e-8
-267.500, 1.050e-8
-268.000, 1.051e-8
-268.500, 1.051e-8
-269.000, 1.051e-8
-269.500, 1.051e-8
-270.000, 1.051e-8
-270.500, 1.051e-8
-271.000, 1.052e-8
-271.500, 1.051e-8
-272.000, 1.052e-8
-272.500, 1.052e-8
-273.000, 1.052e-8
-273.500, 1.052e-8
-274.000, 1.052e-8
-274.500, 1.052e-8
-275.000, 1.052e-8
-275.500, 1.052e-8
-276.000, 1.053e-8
-276.500, 1.052e-8
-277.000, 1.052e-8
-277.500, 1.053e-8
-278.000, 1.053e-8
-278.500, 1.053e-8
-279.000, 1.053e-8
-279.500, 1.053e-8
-280.000, 1.053e-8
-280.500, 1.053e-8
-281.000, 1.053e-8
-281.500, 1.053e-8
-282.000, 1.053e-8
-282.500, 1.053e-8
-283.000, 1.053e-8
-283.500, 1.053e-8
-284.000, 1.053e-8
-284.500, 1.053e-8
-285.000, 1.053e-8
-285.500, 1.052e-8
-286.000, 1.054e-8
-286.500, 1.053e-8
-287.000, 1.053e-8
-287.500, 1.053e-8
-288.000, 1.053e-8
-288.500, 1.053e-8
-289.000, 1.053e-8
-289.500, 1.052e-8
-290.000, 1.053e-8
-290.500, 1.053e-8
-291.000, 1.052e-8
-291.500, 1.053e-8
-292.000, 1.052e-8
-292.500, 1.052e-8
-293.000, 1.053e-8
-293.500, 1.053e-8
-294.000, 1.052e-8
-294.500, 1.052e-8
-295.000, 1.052e-8
-295.500, 1.052e-8
-296.000, 1.052e-8
-296.500, 1.052e-8
-297.000, 1.051e-8
-297.500, 1.051e-8
-298.000, 1.051e-8
-298.500, 1.051e-8
-299.000, 1.051e-8
-299.500, 1.051e-8
-300.000, 1.051e-8
-300.500, 1.050e-8
-301.000, 1.050e-8
-301.500, 1.051e-8
-302.000, 1.050e-8
-302.500, 1.051e-8
-303.000, 1.051e-8
-303.500, 1.050e-8
-304.000, 1.050e-8
-304.500, 1.050e-8
-305.000, 1.050e-8
-305.500, 1.050e-8
-306.000, 1.050e-8
-306.500, 1.050e-8
-307.000, 1.049e-8
-307.500, 1.050e-8
-308.000, 1.049e-8
-308.500, 1.049e-8
-309.000, 1.049e-8
-309.500, 1.049e-8
-310.000, 1.049e-8
-310.500, 1.049e-8
-311.000, 1.049e-8
-311.500, 1.049e-8
-312.000, 1.049e-8
-312.500, 1.049e-8
-313.000, 1.048e-8
-313.500, 1.048e-8
-314.000, 1.048e-8
-314.500, 1.048e-8
-315.000, 1.048e-8
-315.500, 1.048e-8
-316.000, 1.048e-8
-316.500, 1.047e-8
-317.000, 1.048e-8
-317.500, 1.048e-8
-318.000, 1.047e-8
-318.500, 1.048e-8
-319.000, 1.047e-8
-319.500, 1.047e-8
-320.000, 1.047e-8
-320.500, 1.047e-8
-321.000, 1.047e-8
-321.500, 1.047e-8
-322.000, 1.046e-8
-322.500, 1.047e-8
-323.000, 1.046e-8
-323.500, 1.046e-8
-324.000, 1.046e-8
-324.500, 1.046e-8
-325.000, 1.046e-8
-325.500, 1.046e-8
-326.000, 1.046e-8
-326.500, 1.046e-8
-327.000, 1.045e-8
-327.500, 1.046e-8
-328.000, 1.045e-8
-328.500, 1.045e-8
-329.000, 1.045e-8
-329.500, 1.045e-8
-330.000, 1.045e-8
-330.500, 1.045e-8
-331.000, 1.045e-8
-331.500, 1.045e-8
-332.000, 1.045e-8
-332.500, 1.044e-8
-333.000, 1.044e-8
-333.500, 1.045e-8
-334.000, 1.044e-8
-334.500, 1.044e-8
-335.000, 1.044e-8
-335.500, 1.044e-8
-336.000, 1.044e-8
-336.500, 1.043e-8
-337.000, 1.043e-8
-337.500, 1.043e-8
-338.000, 1.043e-8
-338.500, 1.043e-8
-339.000, 1.043e-8
-339.500, 1.043e-8
-340.000, 1.042e-8
-340.500, 1.043e-8
-341.000, 1.043e-8
-341.500, 1.042e-8
-342.000, 1.042e-8
-342.500, 1.042e-8
-343.000, 1.042e-8
-343.500, 1.042e-8
-344.000, 1.042e-8
-344.500, 1.041e-8
-345.000, 1.042e-8
-345.500, 1.042e-8
-346.000, 1.041e-8
-346.500, 1.041e-8
-347.000, 1.041e-8
-347.500, 1.041e-8
-348.000, 1.041e-8
-348.500, 1.041e-8
-349.000, 1.040e-8
-349.500, 1.040e-8
-350.000, 1.039e-8
-350.500, 1.040e-8
-351.000, 1.039e-8
-351.500, 1.039e-8
-352.000, 1.038e-8
-352.500, 1.039e-8
-353.000, 1.038e-8
-353.500, 1.038e-8
-354.000, 1.038e-8
-354.500, 1.037e-8
-355.000, 1.037e-8
-355.500, 1.037e-8
-356.000, 1.036e-8
-356.500, 1.036e-8
-357.000, 1.036e-8
-357.500, 1.035e-8
-358.000, 1.035e-8
-358.500, 1.035e-8
-359.000, 1.034e-8
-359.500, 1.034e-8
-360.000, 1.034e-8
-360.500, 1.033e-8
-361.000, 1.034e-8
-361.500, 1.032e-8
-362.000, 1.032e-8
-362.500, 1.033e-8
-363.000, 1.031e-8
-363.500, 1.031e-8
-364.000, 1.031e-8
-364.500, 1.030e-8
-365.000, 1.030e-8
-365.500, 1.029e-8
-366.000, 1.029e-8
-366.500, 1.028e-8
-367.000, 1.028e-8
-367.500, 1.027e-8
-368.000, 1.027e-8
-368.500, 1.026e-8
-369.000, 1.026e-8
-369.500, 1.026e-8
-370.000, 1.025e-8
-370.500, 1.024e-8
-371.000, 1.024e-8
-371.500, 1.022e-8
-372.000, 1.023e-8
-372.500, 1.022e-8
-373.000, 1.021e-8
-373.500, 1.022e-8
-374.000, 1.020e-8
-374.500, 1.019e-8
-375.000, 1.019e-8
-375.500, 1.018e-8
-376.000, 1.018e-8
-376.500, 1.018e-8
-377.000, 1.017e-8
-377.500, 1.016e-8
-378.000, 1.016e-8
-378.500, 1.015e-8
-379.000, 1.014e-8
-379.500, 1.013e-8
-380.000, 1.013e-8
-380.500, 1.012e-8
-381.000, 1.011e-8
-381.500, 1.011e-8
-382.000, 1.010e-8
-382.500, 1.010e-8
-383.000, 1.009e-8
-383.500, 1.008e-8
-384.000, 1.007e-8
-384.500, 1.006e-8
-385.000, 1.006e-8
-385.500, 1.005e-8
-386.000, 1.004e-8
-386.500, 1.003e-8
-387.000, 1.002e-8
-387.500, 1.002e-8
-388.000, 1.001e-8
-388.500, 1.001e-8
-389.000, 1.000e-8
-389.500, 9.998e-9
-390.000, 9.994e-9
-390.500, 9.986e-9
-391.000, 9.986e-9
-391.500, 9.973e-9
-392.000, 9.965e-9
-392.500, 9.961e-9
-393.000, 9.952e-9
-393.500, 9.949e-9
-394.000, 9.942e-9
-394.500, 9.926e-9
-395.000, 9.922e-9
-395.500, 9.913e-9
-396.000, 9.905e-9
-396.500, 9.899e-9
-397.000, 9.884e-9
-397.500, 9.875e-9
-398.000, 9.868e-9
-398.500, 9.858e-9
-399.000, 9.845e-9
-399.500, 9.844e-9
-400.000, 9.827e-9
-400.500, 9.821e-9
-401.000, 9.818e-9
-401.500, 9.800e-9
-402.000, 9.795e-9
-402.500, 9.789e-9
-403.000, 9.776e-9
-403.500, 9.770e-9
-404.000, 9.755e-9
-404.500, 9.736e-9
-405.000, 9.742e-9
-405.500, 9.723e-9
-406.000, 9.709e-9
-406.500, 9.701e-9
-407.000, 9.682e-9
-407.500, 9.666e-9
-408.000, 9.669e-9
-408.500, 9.653e-9
-409.000, 9.636e-9
-409.500, 9.629e-9
-410.000, 9.610e-9
-410.500, 9.602e-9
-411.000, 9.593e-9
-411.500, 9.580e-9
-412.000, 9.562e-9
-412.500, 9.560e-9
-413.000, 9.547e-9
-413.500, 9.532e-9
-414.000, 9.530e-9
-414.500, 9.506e-9
-415.000, 9.496e-9
-415.500, 9.491e-9
-416.000, 9.474e-9
-416.500, 9.462e-9
-417.000, 9.455e-9
-417.500, 9.445e-9
-418.000, 9.430e-9
-418.500, 9.422e-9
-419.000, 9.403e-9
-419.500, 9.397e-9
-420.000, 9.389e-9
-420.500, 9.375e-9
-421.000, 9.370e-9
-421.500, 9.349e-9
-422.000, 9.335e-9
-422.500, 9.327e-9
-423.000, 9.314e-9
-423.500, 9.306e-9
-424.000, 9.291e-9
-424.500, 9.279e-9
-425.000, 9.268e-9
-425.500, 9.256e-9
-426.000, 9.246e-9
-426.500, 9.233e-9
-427.000, 9.218e-9
-427.500, 9.206e-9
-428.000, 9.200e-9
-428.500, 9.183e-9
-429.000, 9.167e-9
-429.500, 9.157e-9
-430.000, 9.147e-9
-430.500, 9.140e-9
-431.000, 9.123e-9
-431.500, 9.114e-9
-432.000, 9.099e-9
-432.500, 9.088e-9
-433.000, 9.075e-9
-433.500, 9.064e-9
-434.000, 9.043e-9
-434.500, 9.019e-9
-435.000, 9.017e-9
-435.500, 8.991e-9
-436.000, 8.982e-9
-436.500, 8.968e-9
-437.000, 8.946e-9
-437.500, 8.943e-9
-438.000, 8.932e-9
-438.500, 8.913e-9
-439.000, 8.904e-9
-439.500, 8.890e-9
-440.000, 8.882e-9
-440.500, 8.877e-9
-441.000, 8.869e-9
-441.500, 8.845e-9
-442.000, 8.848e-9
-442.500, 8.837e-9
-443.000, 8.823e-9
-443.500, 8.818e-9
-444.000, 8.806e-9
-444.500, 8.789e-9
-445.000, 8.787e-9
-445.500, 8.777e-9
-446.000, 8.759e-9
-446.500, 8.757e-9
-447.000, 8.743e-9
-447.500, 8.727e-9
-448.000, 8.725e-9
-448.500, 8.708e-9
-449.000, 8.694e-9
-449.500, 8.689e-9
-450.000, 8.679e-9
-450.500, 8.662e-9
-451.000, 8.663e-9
-451.500, 8.643e-9
-452.000, 8.624e-9
-452.500, 8.630e-9
-453.000, 8.616e-9
-453.500, 8.597e-9
-454.000, 8.588e-9
-454.500, 8.574e-9
-455.000, 8.566e-9
-455.500, 8.553e-9
-456.000, 8.539e-9
-456.500, 8.517e-9
-457.000, 8.510e-9
-457.500, 8.485e-9
-458.000, 8.484e-9
-458.500, 8.471e-9
-459.000, 8.446e-9
-459.500, 8.437e-9
-460.000, 8.425e-9
-460.500, 8.405e-9
-461.000, 8.396e-9
-461.500, 8.386e-9
-462.000, 8.357e-9
-462.500, 8.359e-9
-463.000, 8.345e-9
-463.500, 8.317e-9
-464.000, 8.318e-9
-464.500, 8.288e-9
-465.000, 8.280e-9
-465.500, 8.276e-9
-466.000, 8.247e-9
-466.500, 8.235e-9
-467.000, 8.232e-9
-467.500, 8.202e-9
-468.000, 8.199e-9
-468.500, 8.196e-9
-469.000, 8.150e-9
-469.500, 8.150e-9
-470.000, 8.142e-9
-470.500, 8.113e-9
-471.000, 8.117e-9
-471.500, 8.094e-9
-472.000, 8.063e-9
-472.500, 8.067e-9
-473.000, 8.048e-9
-473.500, 8.013e-9
-474.000, 8.024e-9
-474.500, 7.989e-9
-475.000, 7.971e-9
-475.500, 7.968e-9
-476.000, 7.941e-9
-476.500, 7.917e-9
-477.000, 7.908e-9
-477.500, 7.886e-9
-478.000, 7.880e-9
-478.500, 7.860e-9
-479.000, 7.825e-9
-479.500, 7.818e-9
-480.000, 7.799e-9
-480.500, 7.784e-9
-481.000, 7.756e-9
-481.500, 7.744e-9
-482.000, 7.714e-9
-482.500, 7.691e-9
-483.000, 7.685e-9
-483.500, 7.659e-9
-484.000, 7.631e-9
-484.500, 7.623e-9
-485.000, 7.608e-9
-485.500, 7.582e-9
-486.000, 7.574e-9
-486.500, 7.552e-9
-487.000, 7.526e-9
-487.500, 7.528e-9
-488.000, 7.503e-9
-488.500, 7.497e-9
-489.000, 7.470e-9
-489.500, 7.454e-9
-490.000, 7.449e-9
-490.500, 7.434e-9
-491.000, 7.427e-9
-491.500, 7.399e-9
-492.000, 7.394e-9
-492.500, 7.355e-9
-493.000, 7.361e-9
-493.500, 7.333e-9
-494.000, 7.303e-9
-494.500, 7.289e-9
-495.000, 7.275e-9
-495.500, 7.255e-9
-496.000, 7.240e-9
-496.500, 7.215e-9
-497.000, 7.188e-9
-497.500, 7.191e-9
-498.000, 7.163e-9
-498.500, 7.144e-9
-499.000, 7.141e-9
-499.500, 7.107e-9
-500.000, 7.110e-9
-500.500, 7.098e-9
-501.000, 7.071e-9
-501.500, 7.064e-9
-502.000, 7.051e-9
-502.500, 7.013e-9
-503.000, 7.033e-9
-503.500, 7.004e-9
-504.000, 6.964e-9
-504.500, 6.965e-9
-505.000, 6.936e-9
-505.500, 6.914e-9
-506.000, 6.915e-9
-506.500, 6.870e-9
-507.000, 6.854e-9
-507.500, 6.859e-9
-508.000, 6.837e-9
-508.500, 6.801e-9
-509.000, 6.804e-9
-509.500, 6.770e-9
-510.000, 6.764e-9
-510.500, 6.759e-9
-511.000, 6.737e-9
-511.500, 6.720e-9
-512.000, 6.722e-9
-512.500, 6.691e-9
-513.000, 6.704e-9
-513.500, 6.694e-9
-514.000, 6.649e-9
-514.500, 6.654e-9
-515.000, 6.636e-9
-515.500, 6.615e-9
-516.000, 6.615e-9
-516.500, 6.586e-9
-517.000, 6.573e-9
-517.500, 6.576e-9
-518.000, 6.542e-9
-518.500, 6.532e-9
-519.000, 6.511e-9
-519.500, 6.478e-9
-520.000, 6.486e-9
-520.500, 6.471e-9
-521.000, 6.450e-9
-521.500, 6.424e-9
-522.000, 6.421e-9
-522.500, 6.408e-9
-523.000, 6.402e-9
-523.500, 6.374e-9
-524.000, 6.367e-9
-524.500, 6.348e-9
-525.000, 6.347e-9
-525.500, 6.341e-9
-526.000, 6.327e-9
-526.500, 6.309e-9
-527.000, 6.293e-9
-527.500, 6.308e-9
-528.000, 6.285e-9
-528.500, 6.270e-9
-529.000, 6.247e-9
-529.500, 6.245e-9
-530.000, 6.235e-9
-530.500, 6.219e-9
-531.000, 6.222e-9
-531.500, 6.173e-9
-532.000, 6.182e-9
-532.500, 6.166e-9
-533.000, 6.144e-9
-533.500, 6.144e-9
-534.000, 6.108e-9
-534.500, 6.085e-9
-535.000, 6.094e-9
-535.500, 6.073e-9
-536.000, 6.044e-9
-536.500, 6.046e-9
-537.000, 6.022e-9
-537.500, 6.017e-9
-538.000, 6.021e-9
-538.500, 5.995e-9
-539.000, 5.992e-9
-539.500, 5.966e-9
-540.000, 5.979e-9
-540.500, 5.958e-9
-541.000, 5.957e-9
-541.500, 5.941e-9
-542.000, 5.931e-9
-542.500, 5.927e-9
-543.000, 5.922e-9
-543.500, 5.921e-9
-544.000, 5.918e-9
-544.500, 5.910e-9
-545.000, 5.918e-9
-545.500, 5.910e-9
-546.000, 5.913e-9
-546.500, 5.902e-9
-547.000, 5.906e-9
-547.500, 5.912e-9
-548.000, 5.905e-9
-548.500, 5.906e-9
-549.000, 5.909e-9
-549.500, 5.907e-9
-550.000, 5.903e-9
-550.500, 5.908e-9
-551.000, 5.911e-9
-551.500, 5.908e-9
-552.000, 5.911e-9
-552.500, 5.911e-9
-553.000, 5.909e-9
-553.500, 5.906e-9
-554.000, 5.912e-9
-554.500, 5.912e-9
-555.000, 5.912e-9
-555.500, 5.921e-9
-556.000, 5.920e-9
-556.500, 5.913e-9
-557.000, 5.918e-9
-557.500, 5.918e-9
-558.000, 5.915e-9
-558.500, 5.912e-9
-559.000, 5.910e-9
-559.500, 5.917e-9
-560.000, 5.909e-9
-560.500, 5.905e-9
-561.000, 5.910e-9
-561.500, 5.905e-9
-562.000, 5.903e-9
-562.500, 5.902e-9
-563.000, 5.909e-9
-563.500, 5.903e-9
-564.000, 5.898e-9
-564.500, 5.889e-9
-565.000, 5.894e-9
-565.500, 5.891e-9
-566.000, 5.893e-9
-566.500, 5.885e-9
-567.000, 5.879e-9
-567.500, 5.873e-9
-568.000, 5.874e-9
-568.500, 5.869e-9
-569.000, 5.868e-9
-569.500, 5.861e-9
-570.000, 5.863e-9
-570.500, 5.866e-9
-571.000, 5.862e-9
-571.500, 5.865e-9
-572.000, 5.864e-9
-572.500, 5.864e-9
-573.000, 5.855e-9
-573.500, 5.863e-9
-574.000, 5.859e-9
-574.500, 5.857e-9
-575.000, 5.857e-9
-575.500, 5.850e-9
-576.000, 5.873e-9
-576.500, 5.869e-9
-577.000, 5.859e-9
-577.500, 5.849e-9
-578.000, 5.855e-9
-578.500, 5.857e-9
-579.000, 5.851e-9
-579.500, 5.858e-9
-580.000, 5.855e-9
-580.500, 5.850e-9
-581.000, 5.857e-9
-581.500, 5.862e-9
-582.000, 5.857e-9
-582.500, 5.862e-9
-583.000, 5.857e-9
-583.500, 5.855e-9
-584.000, 5.878e-9
-584.500, 5.882e-9
-585.000, 5.871e-9
-585.500, 5.862e-9
-586.000, 5.853e-9
-586.500, 5.880e-9
-587.000, 5.881e-9
-587.500, 5.868e-9
-588.000, 5.862e-9
-588.500, 5.871e-9
-589.000, 5.872e-9
-589.500, 5.865e-9
-590.000, 5.857e-9
-590.500, 5.850e-9
-591.000, 5.877e-9
-591.500, 5.898e-9
-592.000, 5.882e-9
-592.500, 5.867e-9
-593.000, 5.856e-9
-593.500, 5.849e-9
-594.000, 5.843e-9
-594.500, 5.856e-9
-595.000, 5.883e-9
-595.500, 5.872e-9
-596.000, 5.859e-9
-596.500, 5.849e-9
-597.000, 5.843e-9
-597.500, 5.876e-9
-598.000, 5.876e-9
-598.500, 5.864e-9
-599.000, 5.854e-9
-599.500, 5.848e-9
-600.000, 5.863e-9
-600.500, 5.861e-9
-601.000, 5.854e-9
-601.500, 5.848e-9
-602.000, 5.858e-9
-602.500, 5.955e-9
-603.000, 5.942e-9
-603.500, 5.909e-9
-604.000, 5.886e-9
-604.500, 5.870e-9
-605.000, 5.861e-9
-605.500, 5.854e-9
-606.000, 5.852e-9
-606.500, 5.855e-9
-607.000, 5.972e-9
-607.500, 5.978e-9
-608.000, 5.937e-9
-608.500, 5.907e-9
-609.000, 5.886e-9
-609.500, 5.874e-9
-610.000, 5.867e-9
-610.500, 5.861e-9
-611.000, 5.868e-9
-611.500, 5.911e-9
-612.000, 5.902e-9
-612.500, 5.886e-9
-613.000, 5.875e-9
-613.500, 5.865e-9
-614.000, 5.863e-9
-614.500, 5.890e-9
-615.000, 5.886e-9
-615.500, 5.876e-9
-616.000, 5.869e-9
-616.500, 5.862e-9
-617.000, 5.867e-9
-617.500, 5.899e-9
-618.000, 5.892e-9
-618.500, 5.879e-9
-619.000, 5.868e-9
-619.500, 5.860e-9
-620.000, 5.855e-9
-620.500, 5.880e-9
-621.000, 5.902e-9
-621.500, 5.889e-9
-622.000, 5.877e-9
-622.500, 5.868e-9
-623.000, 5.862e-9
-623.500, 5.889e-9
-624.000, 5.900e-9
-624.500, 5.888e-9
-625.000, 5.878e-9
-625.500, 5.869e-9
-626.000, 5.863e-9
-626.500, 5.870e-9
-627.000, 5.956e-9
-627.500, 5.945e-9
-628.000, 5.914e-9
-628.500, 5.890e-9
-629.000, 5.871e-9
-629.500, 5.863e-9
-630.000, 5.856e-9
-630.500, 5.850e-9
-631.000, 5.847e-9
-631.500, 5.844e-9
-632.000, 5.863e-9
-632.500, 5.937e-9
-633.000, 5.916e-9
-633.500, 5.887e-9
-634.000, 5.868e-9
-634.500, 5.853e-9
-635.000, 5.846e-9
-635.500, 5.860e-9
-636.000, 5.856e-9
-636.500, 5.852e-9
-637.000, 5.891e-9
-637.500, 5.887e-9
-638.000, 5.871e-9
-638.500, 5.858e-9
-639.000, 5.846e-9
-639.500, 5.847e-9
-640.000, 5.850e-9
-640.500, 5.845e-9
-641.000, 5.840e-9
-641.500, 5.844e-9
-642.000, 5.890e-9
-642.500, 5.881e-9
-643.000, 5.862e-9
-643.500, 5.846e-9
-644.000, 5.837e-9
-644.500, 5.830e-9
-645.000, 5.831e-9
-645.500, 5.876e-9
-646.000, 5.872e-9
-646.500, 5.855e-9
-647.000, 5.843e-9
-647.500, 5.835e-9
-648.000, 5.830e-9
-648.500, 5.825e-9
-649.000, 5.855e-9
-649.500, 5.900e-9
-650.000, 5.881e-9
-650.500, 5.861e-9
-651.000, 5.848e-9
-651.500, 5.838e-9
-652.000, 5.831e-9
-652.500, 5.827e-9
-653.000, 5.854e-9
-653.500, 5.864e-9
-654.000, 5.852e-9
-654.500, 5.841e-9
-655.000, 5.836e-9
-655.500, 5.832e-9
-656.000, 5.865e-9
-656.500, 5.909e-9
-657.000, 5.889e-9
-657.500, 5.867e-9
-658.000, 5.854e-9
-658.500, 5.844e-9
-659.000, 5.837e-9
-659.500, 5.833e-9
-660.000, 5.828e-9
-660.500, 5.838e-9
-661.000, 5.889e-9
-661.500, 5.879e-9
-662.000, 5.862e-9
-662.500, 5.851e-9
-663.000, 5.842e-9
-663.500, 5.837e-9
-664.000, 5.831e-9
-664.500, 5.828e-9
-665.000, 5.825e-9
-665.500, 5.822e-9
-666.000, 5.823e-9
-666.500, 5.927e-9
-667.000, 5.926e-9
-667.500, 5.887e-9
-668.000, 5.861e-9
-668.500, 5.844e-9
-669.000, 5.831e-9
-669.500, 5.824e-9
-670.000, 5.818e-9
-670.500, 5.813e-9
-671.000, 5.811e-9
-671.500, 5.806e-9
-672.000, 5.823e-9
-672.500, 5.915e-9
-673.000, 5.895e-9
-673.500, 5.863e-9
-674.000, 5.839e-9
-674.500, 5.824e-9
-675.000, 5.816e-9
-675.500, 5.809e-9
-676.000, 5.804e-9
-676.500, 5.800e-9
-677.000, 5.797e-9
-677.500, 5.795e-9
-678.000, 5.793e-9
-678.500, 5.790e-9
-679.000, 5.861e-9
-679.500, 5.967e-9
-680.000, 5.918e-9
-680.500, 5.871e-9
-681.000, 5.839e-9
-681.500, 5.821e-9
-682.000, 5.810e-9
-682.500, 5.802e-9
-683.000, 5.797e-9
-683.500, 5.793e-9
-684.000, 5.789e-9
-684.500, 5.787e-9
-685.000, 5.785e-9
-685.500, 5.782e-9
-686.000, 5.780e-9
-686.500, 5.778e-9
-687.000, 5.776e-9
-687.500, 5.787e-9
-688.000, 5.958e-9
-688.500, 5.946e-9
-689.000, 5.886e-9
-689.500, 5.845e-9
-690.000, 5.821e-9
-690.500, 5.808e-9
-691.000, 5.799e-9
-691.500, 5.793e-9
-692.000, 5.789e-9
-692.500, 5.786e-9
-693.000, 5.782e-9
-693.500, 5.780e-9
-694.000, 5.778e-9
-694.500, 5.776e-9
-695.000, 5.775e-9
-695.500, 5.774e-9
-696.000, 5.772e-9
-696.500, 5.771e-9
-697.000, 5.770e-9
-697.500, 5.770e-9
-698.000, 5.821e-9
-698.500, 6.105e-9
-699.000, 6.049e-9
-699.500, 5.952e-9
-700.000, 5.890e-9
-700.500, 5.855e-9
-701.000, 5.835e-9
-701.500, 5.823e-9
-702.000, 5.814e-9
-702.500, 5.809e-9
-703.000, 5.806e-9
-703.500, 5.802e-9
-704.000, 5.799e-9
-704.500, 5.798e-9
-705.000, 5.795e-9
-705.500, 5.795e-9
-706.000, 5.792e-9
-706.500, 5.790e-9
-707.000, 5.789e-9
-707.500, 5.788e-9
-708.000, 5.786e-9
-708.500, 5.786e-9
-709.000, 5.782e-9
-709.500, 5.781e-9
-710.000, 5.781e-9
-710.500, 5.778e-9
-711.000, 5.831e-9
-711.500, 6.154e-9
-712.000, 6.095e-9
-712.500, 5.986e-9
-713.000, 5.915e-9
-713.500, 5.874e-9
-714.000, 5.853e-9
-714.500, 5.839e-9
-715.000, 5.830e-9
-715.500, 5.824e-9
-716.000, 5.820e-9
-716.500, 5.815e-9
-717.000, 5.814e-9
-717.500, 5.811e-9
-718.000, 5.808e-9
-718.500, 5.806e-9
-719.000, 5.803e-9
-719.500, 5.801e-9
-720.000, 5.801e-9
-720.500, 5.798e-9
-721.000, 5.797e-9
-721.500, 5.795e-9
-722.000, 5.793e-9
-722.500, 5.796e-9
-723.000, 6.044e-9
-723.500, 6.075e-9
-724.000, 5.985e-9
-724.500, 5.921e-9
-725.000, 5.882e-9
-725.500, 5.862e-9
-726.000, 5.850e-9
-726.500, 5.840e-9
-727.000, 5.836e-9
-727.500, 5.830e-9
-728.000, 5.827e-9
-728.500, 5.824e-9
-729.000, 5.820e-9
-729.500, 5.817e-9
-730.000, 5.815e-9
-730.500, 5.812e-9
-731.000, 5.810e-9
-731.500, 5.807e-9
-732.000, 5.805e-9
-732.500, 5.803e-9
-733.000, 5.801e-9
-733.500, 5.799e-9
-734.000, 5.844e-9
-734.500, 6.193e-9
-735.000, 6.136e-9
-735.500, 6.014e-9
-736.000, 5.937e-9
-736.500, 5.892e-9
-737.000, 5.868e-9
-737.500, 5.854e-9
-738.000, 5.844e-9
-738.500, 5.838e-9
-739.000, 5.832e-9
-739.500, 5.828e-9
-740.000, 5.825e-9
-740.500, 5.822e-9
-741.000, 5.819e-9
-741.500, 5.817e-9
-742.000, 5.813e-9
-742.500, 5.812e-9
-743.000, 5.811e-9
-743.500, 5.807e-9
-744.000, 5.805e-9
-744.500, 5.803e-9
-745.000, 5.801e-9
-745.500, 5.928e-9
-746.000, 6.069e-9
-746.500, 5.985e-9
-747.000, 5.911e-9
-747.500, 5.866e-9
-748.000, 5.839e-9
-748.500, 5.824e-9
-749.000, 5.814e-9
-749.500, 5.808e-9
-750.000, 5.805e-9
-750.500, 5.801e-9
-751.000, 5.799e-9
-751.500, 5.796e-9
-752.000, 5.794e-9
-752.500, 5.793e-9
-753.000, 5.792e-9
-753.500, 5.790e-9
-754.000, 5.788e-9
-754.500, 5.787e-9
-755.000, 5.786e-9
-755.500, 5.785e-9
-756.000, 5.935e-9
-756.500, 5.985e-9
-757.000, 5.922e-9
-757.500, 5.875e-9
-758.000, 5.847e-9
-758.500, 5.831e-9
-759.000, 5.821e-9
-759.500, 5.815e-9
-760.000, 5.812e-9
-760.500, 5.808e-9
-761.000, 5.805e-9
-761.500, 5.804e-9
-762.000, 5.801e-9
-762.500, 5.800e-9
-763.000, 5.799e-9
-763.500, 5.797e-9
-764.000, 5.795e-9
-764.500, 5.796e-9
-765.000, 5.793e-9
-765.500, 5.842e-9
-766.000, 6.162e-9
-766.500, 6.106e-9
-767.000, 6.001e-9
-767.500, 5.934e-9
-768.000, 5.896e-9
-768.500, 5.874e-9
-769.000, 5.862e-9
-769.500, 5.854e-9
-770.000, 5.849e-9
-770.500, 5.846e-9
-771.000, 5.842e-9
-771.500, 5.839e-9
-772.000, 5.836e-9
-772.500, 5.834e-9
-773.000, 5.833e-9
-773.500, 5.830e-9
-774.000, 5.828e-9
-774.500, 5.826e-9
-775.000, 5.823e-9
-775.500, 5.821e-9
-776.000, 5.819e-9
-776.500, 5.818e-9
-777.000, 5.816e-9
-777.500, 5.816e-9
-778.000, 5.815e-9
-778.500, 6.083e-9
-779.000, 6.272e-9
-779.500, 6.137e-9
-780.000, 6.029e-9
-780.500, 5.963e-9
-781.000, 5.928e-9
-781.500, 5.907e-9
-782.000, 5.894e-9
-782.500, 5.887e-9
-783.000, 5.881e-9
-783.500, 5.876e-9
-784.000, 5.873e-9
-784.500, 5.869e-9
-785.000, 5.866e-9
-785.500, 5.864e-9
-786.000, 5.862e-9
-786.500, 5.860e-9
-787.000, 5.857e-9
-787.500, 5.857e-9
-788.000, 5.854e-9
-788.500, 5.852e-9
-789.000, 5.850e-9
-789.500, 5.848e-9
-790.000, 5.847e-9
-790.500, 5.845e-9
-791.000, 5.843e-9
-791.500, 5.841e-9
-792.000, 5.841e-9
-792.500, 6.022e-9
-793.000, 6.288e-9
-793.500, 6.168e-9
-794.000, 6.053e-9
-794.500, 5.984e-9
-795.000, 5.946e-9
-795.500, 5.923e-9
-796.000, 5.910e-9
-796.500, 5.901e-9
-797.000, 5.897e-9
-797.500, 5.892e-9
-798.000, 5.889e-9
-798.500, 5.885e-9
-799.000, 5.884e-9
-799.500, 5.881e-9
-800.000, 5.879e-9
-800.500, 5.878e-9
-801.000, 5.875e-9
-801.500, 5.873e-9
-802.000, 5.871e-9
-802.500, 5.868e-9
-803.000, 5.868e-9
-803.500, 5.867e-9
-804.000, 5.864e-9
-804.500, 5.862e-9
-805.000, 5.861e-9
-805.500, 5.859e-9
-806.000, 5.857e-9
-806.500, 5.855e-9
-807.000, 5.854e-9
-807.500, 5.884e-9
-808.000, 6.269e-9
-808.500, 6.234e-9
-809.000, 6.100e-9
-809.500, 6.013e-9
-810.000, 5.965e-9
-810.500, 5.936e-9
-811.000, 5.920e-9
-811.500, 5.910e-9
-812.000, 5.903e-9
-812.500, 5.899e-9
-813.000, 5.895e-9
-813.500, 5.892e-9
-814.000, 5.890e-9
-814.500, 5.888e-9
-815.000, 5.886e-9
-815.500, 5.884e-9
-816.000, 5.882e-9
-816.500, 5.879e-9
-817.000, 5.876e-9
-817.500, 5.875e-9
-818.000, 5.873e-9
-818.500, 5.871e-9
-819.000, 5.869e-9
-819.500, 5.867e-9
-820.000, 5.866e-9
-820.500, 5.996e-9
-821.000, 6.430e-9
-821.500, 6.301e-9
-822.000, 6.140e-9
-822.500, 6.041e-9
-823.000, 5.987e-9
-823.500, 5.956e-9
-824.000, 5.939e-9
-824.500, 5.927e-9
-825.000, 5.920e-9
-825.500, 5.915e-9
-826.000, 5.911e-9
-826.500, 5.908e-9
-827.000, 5.905e-9
-827.500, 5.902e-9
-828.000, 5.900e-9
-828.500, 5.898e-9
-829.000, 5.894e-9
-829.500, 5.893e-9
-830.000, 5.891e-9
-830.500, 5.889e-9
-831.000, 5.888e-9
-831.500, 5.885e-9
-832.000, 5.883e-9
-832.500, 5.882e-9
-833.000, 5.880e-9
-833.500, 5.938e-9
-834.000, 6.337e-9
-834.500, 6.260e-9
-835.000, 6.117e-9
-835.500, 6.026e-9
-836.000, 5.974e-9
-836.500, 5.945e-9
-837.000, 5.927e-9
-837.500, 5.917e-9
-838.000, 5.910e-9
-838.500, 5.905e-9
-839.000, 5.900e-9
-839.500, 5.896e-9
-840.000, 5.893e-9
-840.500, 5.891e-9
-841.000, 5.888e-9
-841.500, 5.884e-9
-842.000, 5.882e-9
-842.500, 5.880e-9
-843.000, 5.878e-9
-843.500, 5.876e-9
-844.000, 5.875e-9
-844.500, 5.872e-9
-845.000, 5.871e-9
-845.500, 6.136e-9
-846.000, 6.385e-9
-846.500, 6.232e-9
-847.000, 6.100e-9
-847.500, 6.023e-9
-848.000, 5.979e-9
-848.500, 5.955e-9
-849.000, 5.939e-9
-849.500, 5.930e-9
-850.000, 5.924e-9
-850.500, 5.919e-9
-851.000, 5.915e-9
-851.500, 5.912e-9
-852.000, 5.908e-9
-852.500, 5.906e-9
-853.000, 5.904e-9
-853.500, 5.901e-9
-854.000, 5.900e-9
-854.500, 5.897e-9
-855.000, 5.896e-9
-855.500, 5.895e-9
-856.000, 5.893e-9
-856.500, 5.891e-9
-857.000, 5.892e-9
-857.500, 5.890e-9
-858.000, 6.133e-9
-858.500, 6.521e-9
-859.000, 6.341e-9
-859.500, 6.167e-9
-860.000, 6.063e-9
-860.500, 6.006e-9
-861.000, 5.974e-9
-861.500, 5.955e-9
-862.000, 5.942e-9
-862.500, 5.934e-9
-863.000, 5.928e-9
-863.500, 5.923e-9
-864.000, 5.918e-9
-864.500, 5.914e-9
-865.000, 5.912e-9
-865.500, 5.908e-9
-866.000, 5.905e-9
-866.500, 5.902e-9
-867.000, 5.900e-9
-867.500, 5.897e-9
-868.000, 5.896e-9
-868.500, 5.893e-9
-869.000, 5.891e-9
-869.500, 5.889e-9
-870.000, 5.888e-9
-870.500, 5.885e-9
-871.000, 5.884e-9
-871.500, 5.883e-9
-872.000, 6.054e-9
-872.500, 6.611e-9
-873.000, 6.431e-9
-873.500, 6.210e-9
-874.000, 6.075e-9
-874.500, 6.000e-9
-875.000, 5.959e-9
-875.500, 5.934e-9
-876.000, 5.919e-9
-876.500, 5.909e-9
-877.000, 5.902e-9
-877.500, 5.897e-9
-878.000, 5.893e-9
-878.500, 5.888e-9
-879.000, 5.885e-9
-879.500, 5.883e-9
-880.000, 5.880e-9
-880.500, 5.878e-9
-881.000, 5.875e-9
-881.500, 5.872e-9
-882.000, 5.870e-9
-882.500, 5.868e-9
-883.000, 5.865e-9
-883.500, 5.864e-9
-884.000, 5.861e-9
-884.500, 5.859e-9
-885.000, 5.858e-9
-885.500, 5.856e-9
-886.000, 5.855e-9
-886.500, 5.854e-9
-887.000, 5.852e-9
-887.500, 5.852e-9
-888.000, 5.851e-9
-888.500, 5.987e-9
-889.000, 6.849e-9
-889.500, 6.666e-9
-890.000, 6.343e-9
-890.500, 6.136e-9
-891.000, 6.021e-9
-891.500, 5.956e-9
-892.000, 5.920e-9
-892.500, 5.900e-9
-893.000, 5.886e-9
-893.500, 5.877e-9
-894.000, 5.870e-9
-894.500, 5.865e-9
-895.000, 5.861e-9
-895.500, 5.858e-9
-896.000, 5.854e-9
-896.500, 5.852e-9
-897.000, 5.849e-9
-897.500, 5.846e-9
-898.000, 5.844e-9
-898.500, 5.842e-9
-899.000, 5.840e-9
-899.500, 5.837e-9
-900.000, 5.835e-9
-900.500, 5.833e-9
-901.000, 5.832e-9
-901.500, 5.829e-9
-902.000, 5.828e-9
-902.500, 5.826e-9
-903.000, 5.825e-9
-903.500, 5.824e-9
-904.000, 5.821e-9
-904.500, 5.819e-9
-905.000, 5.817e-9
-905.500, 5.816e-9
-906.000, 5.814e-9
-906.500, 5.813e-9
-907.000, 5.812e-9
-907.500, 5.811e-9
-908.000, 5.812e-9
-908.500, 6.597e-9
-909.000, 7.170e-9
-909.500, 6.723e-9
-910.000, 6.353e-9
-910.500, 6.136e-9
-911.000, 6.018e-9
-911.500, 5.952e-9
-912.000, 5.914e-9
-912.500, 5.892e-9
-913.000, 5.877e-9
-913.500, 5.867e-9
-914.000, 5.861e-9
-914.500, 5.854e-9
-915.000, 5.850e-9
-915.500, 5.846e-9
-916.000, 5.842e-9
-916.500, 5.839e-9
-917.000, 5.836e-9
-917.500, 5.835e-9
-918.000, 5.833e-9
-918.500, 5.830e-9
-919.000, 5.827e-9
-919.500, 5.825e-9
-920.000, 5.822e-9
-920.500, 5.820e-9
-921.000, 5.819e-9
-921.500, 5.816e-9
-922.000, 5.814e-9
-922.500, 5.812e-9
-923.000, 5.810e-9
-923.500, 5.808e-9
-924.000, 5.805e-9
-924.500, 5.804e-9
-925.000, 5.802e-9
-925.500, 5.800e-9
-926.000, 5.799e-9
-926.500, 5.797e-9
-927.000, 5.794e-9
-927.500, 5.794e-9
-928.000, 5.791e-9
-928.500, 5.789e-9
-929.000, 5.788e-9
-929.500, 5.786e-9
-930.000, 5.785e-9
-930.500, 5.785e-9
-931.000, 5.784e-9
-931.500, 6.064e-9
-932.000, 7.308e-9
-932.500, 6.985e-9
-933.000, 6.513e-9
-933.500, 6.213e-9
-934.000, 6.046e-9
-934.500, 5.955e-9
-935.000, 5.904e-9
-935.500, 5.874e-9
-936.000, 5.856e-9
-936.500, 5.844e-9
-937.000, 5.835e-9
-937.500, 5.828e-9
-938.000, 5.823e-9
-938.500, 5.819e-9
-939.000, 5.816e-9
-939.500, 5.812e-9
-940.000, 5.810e-9
-940.500, 5.808e-9
-941.000, 5.805e-9
-941.500, 5.803e-9
-942.000, 5.801e-9
-942.500, 5.799e-9
-943.000, 5.797e-9
-943.500, 5.795e-9
-944.000, 5.794e-9
-944.500, 5.792e-9
-945.000, 5.791e-9
-945.500, 5.789e-9
-946.000, 5.788e-9
-946.500, 5.785e-9
-947.000, 5.783e-9
-947.500, 5.782e-9
-948.000, 5.780e-9
-948.500, 5.779e-9
-949.000, 5.777e-9
-949.500, 5.775e-9
-950.000, 5.774e-9
-950.500, 5.773e-9
-951.000, 5.771e-9
-951.500, 5.770e-9
-952.000, 5.768e-9
-952.500, 5.767e-9
-953.000, 5.766e-9
-953.500, 5.765e-9
-954.000, 5.763e-9
-954.500, 5.761e-9
-955.000, 5.760e-9
-955.500, 5.759e-9
-956.000, 5.758e-9
-956.500, 5.757e-9
-957.000, 5.756e-9
-957.500, 5.755e-9
-958.000, 5.755e-9
-958.500, 5.754e-9
-959.000, 5.846e-9
-959.500, 7.675e-9
-960.000, 7.611e-9
-960.500, 6.931e-9
-961.000, 6.460e-9
-961.500, 6.186e-9
-962.000, 6.033e-9
-962.500, 5.949e-9
-963.000, 5.898e-9
-963.500, 5.868e-9
-964.000, 5.847e-9
-964.500, 5.832e-9
-965.000, 5.823e-9
-965.500, 5.815e-9
-966.000, 5.808e-9
-966.500, 5.803e-9
-967.000, 5.799e-9
-967.500, 5.796e-9
-968.000, 5.792e-9
-968.500, 5.789e-9
-969.000, 5.785e-9
-969.500, 5.784e-9
-970.000, 5.782e-9
-970.500, 5.780e-9
-971.000, 5.778e-9
-971.500, 5.775e-9
-972.000, 5.773e-9
-972.500, 5.771e-9
-973.000, 5.770e-9
-973.500, 5.768e-9
-974.000, 5.766e-9
-974.500, 5.764e-9
-975.000, 5.762e-9
-975.500, 5.761e-9
-976.000, 5.760e-9
-976.500, 5.758e-9
-977.000, 5.756e-9
-977.500, 5.755e-9
-978.000, 5.752e-9
-978.500, 5.751e-9
-979.000, 5.749e-9
-979.500, 5.748e-9
-980.000, 5.747e-9
-980.500, 5.746e-9
-981.000, 5.744e-9
-981.500, 5.742e-9
-982.000, 5.741e-9
-982.500, 5.739e-9
-983.000, 5.738e-9
-983.500, 5.736e-9
-984.000, 5.736e-9
-984.500, 5.734e-9
-985.000, 5.733e-9
-985.500, 5.732e-9
-986.000, 5.731e-9
-986.500, 5.730e-9
-987.000, 5.728e-9
-987.500, 5.727e-9
-988.000, 5.726e-9
-988.500, 5.725e-9
-989.000, 5.723e-9
-989.500, 5.723e-9
-990.000, 5.722e-9
-990.500, 5.722e-9
-991.000, 5.721e-9
-991.500, 5.720e-9
-992.000, 5.721e-9
-992.500, 5.721e-9
-993.000, 5.723e-9
-993.500, 7.600e-9
-994.000, 8.441e-9
-994.500, 7.551e-9
-995.000, 6.827e-9
-995.500, 6.385e-9
-996.000, 6.134e-9
-996.500, 5.992e-9
-997.000, 5.907e-9
-997.500, 5.855e-9
-998.000, 5.821e-9
-998.500, 5.799e-9
-999.000, 5.782e-9
-999.500, 5.771e-9
-1000.000, 5.761e-9
