Distance/um, Current/A

-0.500, 1.671e-8
-1.000, 1.670e-8
-1.500, 1.670e-8
-2.000, 1.670e-8
-2.500, 1.670e-8
-3.000, 1.670e-8
-3.500, 1.670e-8
-4.000, 1.670e-8
-4.500, 1.670e-8
-5.000, 1.670e-8
-5.500, 1.670e-8
-6.000, 1.670e-8
-6.500, 1.670e-8
-7.000, 1.670e-8
-7.500, 1.670e-8
-8.000, 1.670e-8
-8.500, 1.669e-8
-9.000, 1.669e-8
-9.500, 1.669e-8
-10.000, 1.669e-8
-10.500, 1.669e-8
-11.000, 1.669e-8
-11.500, 1.669e-8
-12.000, 1.669e-8
-12.500, 1.669e-8
-13.000, 1.669e-8
-13.500, 1.669e-8
-14.000, 1.669e-8
-14.500, 1.669e-8
-15.000, 1.669e-8
-15.500, 1.670e-8
-16.000, 1.670e-8
-16.500, 1.670e-8
-17.000, 1.670e-8
-17.500, 1.670e-8
-18.000, 1.670e-8
-18.500, 1.795e-8
-19.000, 1.804e-8
-19.500, 1.750e-8
-20.000, 1.728e-8
-20.500, 1.721e-8
-21.000, 1.720e-8
-21.500, 1.720e-8
-22.000, 1.721e-8
-22.500, 1.721e-8
-23.000, 1.721e-8
-23.500, 1.722e-8
-24.000, 1.722e-8
-24.500, 1.722e-8
-25.000, 1.721e-8
-25.500, 1.721e-8
-26.000, 1.721e-8
-26.500, 1.721e-8
-27.000, 1.720e-8
-27.500, 1.720e-8
-28.000, 1.719e-8
-28.500, 1.718e-8
-29.000, 1.718e-8
-29.500, 1.717e-8
-30.000, 1.717e-8
-30.500, 1.716e-8
-31.000, 1.716e-8
-31.500, 1.715e-8
-32.000, 1.714e-8
-32.500, 1.714e-8
-33.000, 1.713e-8
-33.500, 1.712e-8
-34.000, 1.712e-8
-34.500, 1.711e-8
-35.000, 1.710e-8
-35.500, 1.710e-8
-36.000, 1.709e-8
-36.500, 1.708e-8
-37.000, 1.708e-8
-37.500, 1.707e-8
-38.000, 1.706e-8
-38.500, 1.767e-8
-39.000, 1.715e-8
-39.500, 1.517e-8
-40.000, 1.420e-8
-40.500, 1.378e-8
-41.000, 1.358e-8
-41.500, 1.349e-8
-42.000, 1.343e-8
-42.500, 1.340e-8
-43.000, 1.338e-8
-43.500, 1.336e-8
-44.000, 1.334e-8
-44.500, 1.333e-8
-45.000, 1.332e-8
-45.500, 1.331e-8
-46.000, 1.331e-8
-46.500, 1.330e-8
-47.000, 1.329e-8
-47.500, 1.329e-8
-48.000, 1.328e-8
-48.500, 1.328e-8
-49.000, 1.327e-8
-49.500, 1.327e-8
-50.000, 1.326e-8
-50.500, 1.326e-8
-51.000, 1.325e-8
-51.500, 1.325e-8
-52.000, 1.324e-8
-52.500, 1.324e-8
-53.000, 1.323e-8
-53.500, 1.322e-8
-54.000, 1.322e-8
-54.500, 1.321e-8
-55.000, 1.320e-8
-55.500, 1.320e-8
-56.000, 1.319e-8
-56.500, 1.318e-8
-57.000, 1.391e-8
-57.500, 1.391e-8
-58.000, 1.314e-8
-58.500, 1.277e-8
-59.000, 1.260e-8
-59.500, 1.253e-8
-60.000, 1.249e-8
-60.500, 1.247e-8
-61.000, 1.246e-8
-61.500, 1.244e-8
-62.000, 1.244e-8
-62.500, 1.243e-8
-63.000, 1.242e-8
-63.500, 1.241e-8
-64.000, 1.240e-8
-64.500, 1.240e-8
-65.000, 1.239e-8
-65.500, 1.238e-8
-66.000, 1.238e-8
-66.500, 1.237e-8
-67.000, 1.237e-8
-67.500, 1.236e-8
-68.000, 1.236e-8
-68.500, 1.235e-8
-69.000, 1.234e-8
-69.500, 1.234e-8
-70.000, 1.234e-8
-70.500, 1.233e-8
-71.000, 1.233e-8
-71.500, 1.233e-8
-72.000, 1.232e-8
-72.500, 1.232e-8
-73.000, 1.303e-8
-73.500, 1.434e-8
-74.000, 1.433e-8
-74.500, 1.430e-8
-75.000, 1.431e-8
-75.500, 1.432e-8
-76.000, 1.433e-8
-76.500, 1.433e-8
-77.000, 1.434e-8
-77.500, 1.434e-8
-78.000, 1.434e-8
-78.500, 1.434e-8
-79.000, 1.433e-8
-79.500, 1.433e-8
-80.000, 1.432e-8
-80.500, 1.431e-8
-81.000, 1.431e-8
-81.500, 1.430e-8
-82.000, 1.430e-8
-82.500, 1.429e-8
-83.000, 1.428e-8
-83.500, 1.427e-8
-84.000, 1.426e-8
-84.500, 1.426e-8
-85.000, 1.425e-8
-85.500, 1.424e-8
-86.000, 1.424e-8
-86.500, 1.423e-8
-87.000, 1.423e-8
-87.500, 1.422e-8
-88.000, 1.438e-8
-88.500, 1.606e-8
-89.000, 1.585e-8
-89.500, 1.566e-8
-90.000, 1.564e-8
-90.500, 1.568e-8
-91.000, 1.573e-8
-91.500, 1.576e-8
-92.000, 1.579e-8
-92.500, 1.580e-8
-93.000, 1.581e-8
-93.500, 1.582e-8
-94.000, 1.582e-8
-94.500, 1.582e-8
-95.000, 1.582e-8
-95.500, 1.582e-8
-96.000, 1.581e-8
-96.500, 1.580e-8
-97.000, 1.580e-8
-97.500, 1.579e-8
-98.000, 1.578e-8
-98.500, 1.577e-8
-99.000, 1.577e-8
-99.500, 1.576e-8
-100.000, 1.575e-8
-100.500, 1.574e-8
-101.000, 1.573e-8
-101.500, 1.572e-8
-102.000, 1.571e-8
-102.500, 1.570e-8
-103.000, 1.569e-8
-103.500, 1.584e-8
-104.000, 1.814e-8
-104.500, 1.872e-8
-105.000, 1.888e-8
-105.500, 1.901e-8
-106.000, 1.910e-8
-106.500, 1.916e-8
-107.000, 1.920e-8
-107.500, 1.922e-8
-108.000, 1.923e-8
-108.500, 1.924e-8
-109.000, 1.923e-8
-109.500, 1.923e-8
-110.000, 1.922e-8
-110.500, 1.921e-8
-111.000, 1.920e-8
-111.500, 1.918e-8
-112.000, 1.917e-8
-112.500, 1.915e-8
-113.000, 1.914e-8
-113.500, 1.913e-8
-114.000, 1.912e-8
-114.500, 1.910e-8
-115.000, 1.909e-8
-115.500, 1.908e-8
-116.000, 1.907e-8
-116.500, 1.905e-8
-117.000, 1.904e-8
-117.500, 1.903e-8
-118.000, 1.902e-8
-118.500, 1.901e-8
-119.000, 1.901e-8
-119.500, 1.900e-8
-120.000, 1.899e-8
-120.500, 1.939e-8
-121.000, 2.157e-8
-121.500, 2.161e-8
-122.000, 2.155e-8
-122.500, 2.156e-8
-123.000, 2.158e-8
-123.500, 2.159e-8
-124.000, 2.160e-8
-124.500, 2.160e-8
-125.000, 2.159e-8
-125.500, 2.158e-8
-126.000, 2.156e-8
-126.500, 2.155e-8
-127.000, 2.153e-8
-127.500, 2.151e-8
-128.000, 2.149e-8
-128.500, 2.147e-8
-129.000, 2.146e-8
-129.500, 2.144e-8
-130.000, 2.142e-8
-130.500, 2.140e-8
-131.000, 2.138e-8
-131.500, 2.137e-8
-132.000, 2.135e-8
-132.500, 2.133e-8
-133.000, 2.131e-8
-133.500, 2.130e-8
-134.000, 2.128e-8
-134.500, 2.127e-8
-135.000, 2.125e-8
-135.500, 2.123e-8
-136.000, 2.121e-8
-136.500, 2.120e-8
-137.000, 2.167e-8
-137.500, 2.155e-8
-138.000, 2.002e-8
-138.500, 1.925e-8
-139.000, 1.891e-8
-139.500, 1.874e-8
-140.000, 1.865e-8
-140.500, 1.859e-8
-141.000, 1.855e-8
-141.500, 1.852e-8
-142.000, 1.849e-8
-142.500, 1.846e-8
-143.000, 1.844e-8
-143.500, 1.842e-8
-144.000, 1.840e-8
-144.500, 1.838e-8
-145.000, 1.836e-8
-145.500, 1.834e-8
-146.000, 1.833e-8
-146.500, 1.831e-8
-147.000, 1.830e-8
-147.500, 1.828e-8
-148.000, 1.826e-8
-148.500, 1.825e-8
-149.000, 1.823e-8
-149.500, 1.822e-8
-150.000, 1.820e-8
-150.500, 1.819e-8
-151.000, 1.817e-8
-151.500, 1.815e-8
-152.000, 1.814e-8
-152.500, 1.812e-8
-153.000, 1.810e-8
-153.500, 1.832e-8
-154.000, 1.750e-8
-154.500, 1.562e-8
-155.000, 1.464e-8
-155.500, 1.416e-8
-156.000, 1.392e-8
-156.500, 1.378e-8
-157.000, 1.370e-8
-157.500, 1.364e-8
-158.000, 1.360e-8
-158.500, 1.356e-8
-159.000, 1.353e-8
-159.500, 1.351e-8
-160.000, 1.348e-8
-160.500, 1.347e-8
-161.000, 1.345e-8
-161.500, 1.343e-8
-162.000, 1.342e-8
-162.500, 1.340e-8
-163.000, 1.339e-8
-163.500, 1.338e-8
-164.000, 1.336e-8
-164.500, 1.335e-8
-165.000, 1.334e-8
-165.500, 1.332e-8
-166.000, 1.331e-8
-166.500, 1.330e-8
-167.000, 1.329e-8
-167.500, 1.327e-8
-168.000, 1.326e-8
-168.500, 1.325e-8
-169.000, 1.311e-8
-169.500, 1.212e-8
-170.000, 1.153e-8
-170.500, 1.126e-8
-171.000, 1.112e-8
-171.500, 1.105e-8
-172.000, 1.101e-8
-172.500, 1.098e-8
-173.000, 1.095e-8
-173.500, 1.094e-8
-174.000, 1.092e-8
-174.500, 1.091e-8
-175.000, 1.089e-8
-175.500, 1.088e-8
-176.000, 1.087e-8
-176.500, 1.086e-8
-177.000, 1.085e-8
-177.500, 1.084e-8
-178.000, 1.083e-8
-178.500, 1.082e-8
-179.000, 1.081e-8
-179.500, 1.081e-8
-180.000, 1.080e-8
-180.500, 1.079e-8
-181.000, 1.078e-8
-181.500, 1.078e-8
-182.000, 1.077e-8
-182.500, 1.076e-8
-183.000, 1.076e-8
-183.500, 1.075e-8
-184.000, 1.074e-8
-184.500, 1.074e-8
-185.000, 1.073e-8
-185.500, 1.072e-8
-186.000, 1.071e-8
-186.500, 1.071e-8
-187.000, 1.070e-8
-187.500, 1.069e-8
-188.000, 1.069e-8
-188.500, 1.068e-8
-189.000, 1.067e-8
-189.500, 1.067e-8
-190.000, 1.066e-8
-190.500, 1.065e-8
-191.000, 1.065e-8
-191.500, 1.064e-8
-192.000, 1.063e-8
-192.500, 1.063e-8
-193.000, 1.114e-8
-193.500, 1.215e-8
-194.000, 1.122e-8
-194.500, 1.065e-8
-195.000, 1.040e-8
-195.500, 1.028e-8
-196.000, 1.022e-8
-196.500, 1.018e-8
-197.000, 1.016e-8
-197.500, 1.013e-8
-198.000, 1.011e-8
-198.500, 1.009e-8
-199.000, 1.008e-8
-199.500, 1.006e-8
-200.000, 1.005e-8
-200.500, 1.003e-8
-201.000, 1.002e-8
-201.500, 1.000e-8
-202.000, 9.990e-9
-202.500, 9.975e-9
-203.000, 9.960e-9
-203.500, 9.946e-9
-204.000, 9.931e-9
-204.500, 9.920e-9
-205.000, 9.908e-9
-205.500, 9.897e-9
-206.000, 9.885e-9
-206.500, 9.874e-9
-207.000, 9.863e-9
-207.500, 9.852e-9
-208.000, 9.842e-9
-208.500, 9.829e-9
-209.000, 9.817e-9
-209.500, 9.805e-9
-210.000, 9.796e-9
-210.500, 9.785e-9
-211.000, 9.775e-9
-211.500, 9.764e-9
-212.000, 9.754e-9
-212.500, 9.744e-9
-213.000, 9.736e-9
-213.500, 9.727e-9
-214.000, 9.716e-9
-214.500, 9.707e-9
-215.000, 9.698e-9
-215.500, 9.690e-9
-216.000, 9.680e-9
-216.500, 9.672e-9
-217.000, 9.665e-9
-217.500, 9.656e-9
-218.000, 9.646e-9
-218.500, 9.636e-9
-219.000, 9.628e-9
-219.500, 9.619e-9
-220.000, 9.611e-9
-220.500, 9.604e-9
-221.000, 9.597e-9
-221.500, 9.589e-9
-222.000, 9.580e-9
-222.500, 9.572e-9
-223.000, 9.564e-9
-223.500, 9.556e-9
-224.000, 9.548e-9
-224.500, 9.541e-9
-225.000, 9.533e-9
-225.500, 9.526e-9
-226.000, 9.519e-9
-226.500, 9.511e-9
-227.000, 9.502e-9
-227.500, 9.495e-9
-228.000, 9.487e-9
-228.500, 9.481e-9
-229.000, 9.474e-9
-229.500, 9.468e-9
-230.000, 9.460e-9
-230.500, 9.455e-9
-231.000, 9.449e-9
-231.500, 9.442e-9
-232.000, 9.436e-9
-232.500, 9.428e-9
-233.000, 9.420e-9
-233.500, 9.414e-9
-234.000, 9.408e-9
-234.500, 9.404e-9
-235.000, 9.397e-9
-235.500, 9.392e-9
-236.000, 9.385e-9
-236.500, 9.378e-9
-237.000, 9.372e-9
-237.500, 9.365e-9
-238.000, 9.360e-9
-238.500, 9.355e-9
-239.000, 9.351e-9
-239.500, 9.347e-9
-240.000, 1.081e-8
-240.500, 1.664e-8
-241.000, 1.418e-8
-241.500, 1.208e-8
-242.000, 1.098e-8
-242.500, 1.044e-8
-243.000, 1.015e-8
-243.500, 9.995e-9
-244.000, 9.897e-9
-244.500, 9.831e-9
-245.000, 9.783e-9
-245.500, 9.744e-9
-246.000, 9.711e-9
-246.500, 9.682e-9
-247.000, 9.658e-9
-247.500, 9.636e-9
-248.000, 9.615e-9
-248.500, 9.596e-9
-249.000, 9.578e-9
-249.500, 9.563e-9
-250.000, 9.547e-9
-250.500, 9.534e-9
-251.000, 9.520e-9
-251.500, 9.506e-9
-252.000, 9.493e-9
-252.500, 9.479e-9
-253.000, 9.464e-9
-253.500, 9.451e-9
-254.000, 9.438e-9
-254.500, 9.426e-9
-255.000, 9.414e-9
-255.500, 9.402e-9
-256.000, 9.389e-9
-256.500, 9.377e-9
-257.000, 9.367e-9
-257.500, 9.355e-9
-258.000, 9.345e-9
-258.500, 9.333e-9
-259.000, 9.323e-9
-259.500, 9.314e-9
-260.000, 9.304e-9
-260.500, 9.294e-9
-261.000, 9.283e-9
-261.500, 9.274e-9
-262.000, 9.264e-9
-262.500, 9.254e-9
-263.000, 9.244e-9
-263.500, 9.235e-9
-264.000, 9.225e-9
-264.500, 9.215e-9
-265.000, 9.206e-9
-265.500, 9.198e-9
-266.000, 9.191e-9
-266.500, 9.183e-9
-267.000, 9.174e-9
-267.500, 9.166e-9
-268.000, 9.158e-9
-268.500, 9.150e-9
-269.000, 9.142e-9
-269.500, 9.134e-9
-270.000, 9.126e-9
-270.500, 9.115e-9
-271.000, 9.106e-9
-271.500, 9.099e-9
-272.000, 9.091e-9
-272.500, 9.083e-9
-273.000, 9.077e-9
-273.500, 9.069e-9
-274.000, 9.060e-9
-274.500, 9.053e-9
-275.000, 9.044e-9
-275.500, 9.036e-9
-276.000, 9.027e-9
-276.500, 9.021e-9
-277.000, 9.014e-9
-277.500, 9.006e-9
-278.000, 8.998e-9
-278.500, 8.990e-9
-279.000, 8.983e-9
-279.500, 8.976e-9
-280.000, 8.968e-9
-280.500, 8.961e-9
-281.000, 8.953e-9
-281.500, 8.947e-9
-282.000, 8.939e-9
-282.500, 8.933e-9
-283.000, 8.927e-9
-283.500, 8.921e-9
-284.000, 8.914e-9
-284.500, 8.907e-9
-285.000, 8.901e-9
-285.500, 8.893e-9
-286.000, 8.887e-9
-286.500, 8.882e-9
-287.000, 8.875e-9
-287.500, 8.869e-9
-288.000, 8.863e-9
-288.500, 8.857e-9
-289.000, 8.850e-9
-289.500, 8.844e-9
-290.000, 8.839e-9
-290.500, 8.833e-9
-291.000, 8.826e-9
-291.500, 8.819e-9
-292.000, 8.814e-9
-292.500, 8.808e-9
-293.000, 8.801e-9
-293.500, 8.794e-9
-294.000, 8.788e-9
-294.500, 8.782e-9
-295.000, 8.775e-9
-295.500, 8.769e-9
-296.000, 8.763e-9
-296.500, 8.758e-9
-297.000, 8.751e-9
-297.500, 8.745e-9
-298.000, 8.739e-9
-298.500, 8.733e-9
-299.000, 8.729e-9
-299.500, 8.724e-9
-300.000, 8.718e-9
-300.500, 8.710e-9
-301.000, 8.705e-9
-301.500, 8.700e-9
-302.000, 8.696e-9
-302.500, 8.691e-9
-303.000, 8.684e-9
-303.500, 8.679e-9
-304.000, 8.674e-9
-304.500, 8.668e-9
-305.000, 8.663e-9
-305.500, 8.658e-9
-306.000, 8.652e-9
-306.500, 8.647e-9
-307.000, 8.643e-9
-307.500, 8.637e-9
-308.000, 8.633e-9
-308.500, 8.626e-9
-309.000, 8.623e-9
-309.500, 8.616e-9
-310.000, 8.611e-9
-310.500, 8.606e-9
-311.000, 8.599e-9
-311.500, 8.594e-9
-312.000, 8.589e-9
-312.500, 8.583e-9
-313.000, 8.577e-9
-313.500, 8.571e-9
-314.000, 8.566e-9
-314.500, 8.560e-9
-315.000, 8.555e-9
-315.500, 8.548e-9
-316.000, 8.553e-9
-316.500, 1.515e-8
-317.000, 1.525e-8
-317.500, 1.208e-8
-318.000, 1.023e-8
-318.500, 9.274e-9
-319.000, 8.780e-9
-319.500, 8.513e-9
-320.000, 8.358e-9
-320.500, 8.262e-9
-321.000, 8.195e-9
-321.500, 8.147e-9
-322.000, 8.110e-9
-322.500, 8.081e-9
-323.000, 8.055e-9
-323.500, 8.035e-9
-324.000, 8.018e-9
-324.500, 8.001e-9
-325.000, 7.985e-9
-325.500, 7.971e-9
-326.000, 7.958e-9
-326.500, 7.947e-9
-327.000, 7.936e-9
-327.500, 7.928e-9
-328.000, 7.918e-9
-328.500, 7.909e-9
-329.000, 7.899e-9
-329.500, 7.891e-9
-330.000, 7.882e-9
-330.500, 7.874e-9
-331.000, 7.867e-9
-331.500, 7.860e-9
-332.000, 7.853e-9
-332.500, 7.845e-9
-333.000, 7.838e-9
-333.500, 7.830e-9
-334.000, 7.825e-9
-334.500, 7.817e-9
-335.000, 7.810e-9
-335.500, 7.803e-9
-336.000, 7.795e-9
-336.500, 7.789e-9
-337.000, 7.783e-9
-337.500, 7.777e-9
-338.000, 7.771e-9
-338.500, 7.765e-9
-339.000, 7.759e-9
-339.500, 7.755e-9
-340.000, 7.747e-9
-340.500, 7.742e-9
-341.000, 7.736e-9
-341.500, 7.731e-9
-342.000, 7.726e-9
-342.500, 7.722e-9
-343.000, 7.718e-9
-343.500, 7.713e-9
-344.000, 7.709e-9
-344.500, 7.704e-9
-345.000, 7.699e-9
-345.500, 7.694e-9
-346.000, 7.689e-9
-346.500, 7.684e-9
-347.000, 7.679e-9
-347.500, 7.673e-9
-348.000, 7.669e-9
-348.500, 7.665e-9
-349.000, 7.660e-9
-349.500, 7.656e-9
-350.000, 7.650e-9
-350.500, 7.646e-9
-351.000, 7.642e-9
-351.500, 7.637e-9
-352.000, 7.635e-9
-352.500, 7.630e-9
-353.000, 7.626e-9
-353.500, 7.621e-9
-354.000, 7.618e-9
-354.500, 7.614e-9
-355.000, 7.610e-9
-355.500, 7.606e-9
-356.000, 7.602e-9
-356.500, 7.598e-9
-357.000, 7.594e-9
-357.500, 7.589e-9
-358.000, 7.585e-9
-358.500, 7.581e-9
-359.000, 7.575e-9
-359.500, 7.572e-9
-360.000, 7.569e-9
-360.500, 7.567e-9
-361.000, 7.564e-9
-361.500, 7.561e-9
-362.000, 7.557e-9
-362.500, 7.555e-9
-363.000, 7.551e-9
-363.500, 7.548e-9
-364.000, 7.544e-9
-364.500, 7.541e-9
-365.000, 7.538e-9
-365.500, 7.534e-9
-366.000, 7.531e-9
-366.500, 7.528e-9
-367.000, 7.525e-9
-367.500, 7.522e-9
-368.000, 7.518e-9
-368.500, 7.514e-9
-369.000, 7.511e-9
-369.500, 7.508e-9
-370.000, 7.505e-9
-370.500, 7.501e-9
-371.000, 7.497e-9
-371.500, 7.494e-9
-372.000, 7.492e-9
-372.500, 7.489e-9
-373.000, 7.486e-9
-373.500, 7.483e-9
-374.000, 7.480e-9
-374.500, 7.478e-9
-375.000, 7.475e-9
-375.500, 7.472e-9
-376.000, 7.470e-9
-376.500, 7.468e-9
-377.000, 7.466e-9
-377.500, 7.464e-9
-378.000, 7.462e-9
-378.500, 7.460e-9
-379.000, 7.457e-9
-379.500, 7.455e-9
-380.000, 7.453e-9
-380.500, 7.450e-9
-381.000, 7.448e-9
-381.500, 7.445e-9
-382.000, 7.443e-9
-382.500, 7.440e-9
-383.000, 7.437e-9
-383.500, 7.435e-9
-384.000, 7.432e-9
-384.500, 7.431e-9
-385.000, 7.430e-9
-385.500, 7.428e-9
-386.000, 7.426e-9
-386.500, 7.424e-9
-387.000, 7.423e-9
-387.500, 7.421e-9
-388.000, 7.420e-9
-388.500, 7.419e-9
-389.000, 7.418e-9
-389.500, 7.417e-9
-390.000, 7.417e-9
-390.500, 7.640e-9
-391.000, 1.542e-8
-391.500, 1.399e-8
-392.000, 1.078e-8
-392.500, 8.905e-9
-393.000, 7.915e-9
-393.500, 7.384e-9
-394.000, 7.085e-9
-394.500, 6.901e-9
-395.000, 6.781e-9
-395.500, 6.696e-9
-396.000, 6.632e-9
-396.500, 6.583e-9
-397.000, 6.543e-9
-397.500, 6.511e-9
-398.000, 6.482e-9
-398.500, 6.458e-9
-399.000, 6.437e-9
-399.500, 6.418e-9
-400.000, 6.402e-9
-400.500, 6.388e-9
-401.000, 6.375e-9
-401.500, 6.363e-9
-402.000, 6.352e-9
-402.500, 6.342e-9
-403.000, 6.332e-9
-403.500, 6.323e-9
-404.000, 6.316e-9
-404.500, 6.308e-9
-405.000, 6.302e-9
-405.500, 6.295e-9
-406.000, 6.289e-9
-406.500, 6.283e-9
-407.000, 6.278e-9
-407.500, 6.272e-9
-408.000, 6.268e-9
-408.500, 6.262e-9
-409.000, 6.258e-9
-409.500, 6.254e-9
-410.000, 6.250e-9
-410.500, 6.246e-9
-411.000, 6.242e-9
-411.500, 6.239e-9
-412.000, 6.236e-9
-412.500, 6.233e-9
-413.000, 6.231e-9
-413.500, 6.227e-9
-414.000, 6.225e-9
-414.500, 6.222e-9
-415.000, 6.219e-9
-415.500, 6.216e-9
-416.000, 6.215e-9
-416.500, 6.212e-9
-417.000, 6.210e-9
-417.500, 6.207e-9
-418.000, 6.205e-9
-418.500, 6.203e-9
-419.000, 6.200e-9
-419.500, 6.199e-9
-420.000, 6.197e-9
-420.500, 6.195e-9
-421.000, 6.193e-9
-421.500, 6.191e-9
-422.000, 6.190e-9
-422.500, 6.188e-9
-423.000, 6.186e-9
-423.500, 6.185e-9
-424.000, 6.183e-9
-424.500, 6.181e-9
-425.000, 6.180e-9
-425.500, 6.179e-9
-426.000, 6.177e-9
-426.500, 6.175e-9
-427.000, 6.174e-9
-427.500, 6.172e-9
-428.000, 6.171e-9
-428.500, 6.170e-9
-429.000, 6.169e-9
-429.500, 6.167e-9
-430.000, 6.166e-9
-430.500, 6.165e-9
-431.000, 6.163e-9
-431.500, 6.162e-9
-432.000, 6.162e-9
-432.500, 6.161e-9
-433.000, 6.159e-9
-433.500, 6.158e-9
-434.000, 6.157e-9
-434.500, 6.157e-9
-435.000, 6.155e-9
-435.500, 6.154e-9
-436.000, 6.153e-9
-436.500, 6.152e-9
-437.000, 6.152e-9
-437.500, 6.151e-9
-438.000, 6.149e-9
-438.500, 6.148e-9
-439.000, 6.147e-9
-439.500, 6.147e-9
-440.000, 6.145e-9
-440.500, 6.145e-9
-441.000, 6.144e-9
-441.500, 6.143e-9
-442.000, 6.143e-9
-442.500, 6.142e-9
-443.000, 6.141e-9
-443.500, 6.140e-9
-444.000, 6.140e-9
-444.500, 6.139e-9
-445.000, 6.138e-9
-445.500, 6.137e-9
-446.000, 6.136e-9
-446.500, 6.137e-9
-447.000, 6.137e-9
-447.500, 6.136e-9
-448.000, 6.135e-9
-448.500, 6.135e-9
-449.000, 6.134e-9
-449.500, 6.134e-9
-450.000, 6.133e-9
-450.500, 6.132e-9
-451.000, 6.131e-9
-451.500, 6.131e-9
-452.000, 6.129e-9
-452.500, 6.129e-9
-453.000, 6.128e-9
-453.500, 6.127e-9
-454.000, 6.127e-9
-454.500, 6.127e-9
-455.000, 6.126e-9
-455.500, 6.126e-9
-456.000, 6.125e-9
-456.500, 6.125e-9
-457.000, 6.124e-9
-457.500, 6.124e-9
-458.000, 6.124e-9
-458.500, 6.124e-9
-459.000, 6.122e-9
-459.500, 6.122e-9
-460.000, 6.122e-9
-460.500, 6.122e-9
-461.000, 6.121e-9
-461.500, 6.121e-9
-462.000, 6.121e-9
-462.500, 6.121e-9
-463.000, 6.120e-9
-463.500, 6.119e-9
-464.000, 6.119e-9
-464.500, 6.120e-9
-465.000, 6.119e-9
-465.500, 6.119e-9
-466.000, 6.118e-9
-466.500, 6.119e-9
-467.000, 6.119e-9
-467.500, 6.120e-9
-468.000, 6.120e-9
-468.500, 6.120e-9
-469.000, 6.120e-9
-469.500, 6.218e-9
-470.000, 1.541e-8
-470.500, 1.532e-8
-471.000, 1.179e-8
-471.500, 9.630e-9
-472.000, 8.448e-9
-472.500, 7.797e-9
-473.000, 7.420e-9
-473.500, 7.184e-9
-474.000, 7.025e-9
-474.500, 6.912e-9
-475.000, 6.826e-9
-475.500, 6.758e-9
-476.000, 6.703e-9
-476.500, 6.657e-9
-477.000, 6.620e-9
-477.500, 6.587e-9
-478.000, 6.558e-9
-478.500, 6.532e-9
-479.000, 6.511e-9
-479.500, 6.491e-9
-480.000, 6.474e-9
-480.500, 6.457e-9
-481.000, 6.441e-9
-481.500, 6.427e-9
-482.000, 6.415e-9
-482.500, 6.403e-9
-483.000, 6.392e-9
-483.500, 6.382e-9
-484.000, 6.373e-9
-484.500, 6.365e-9
-485.000, 6.357e-9
-485.500, 6.350e-9
-486.000, 6.343e-9
-486.500, 6.336e-9
-487.000, 6.330e-9
-487.500, 6.324e-9
-488.000, 6.319e-9
-488.500, 6.313e-9
-489.000, 6.308e-9
-489.500, 6.304e-9
-490.000, 6.299e-9
-490.500, 6.294e-9
-491.000, 6.290e-9
-491.500, 6.285e-9
-492.000, 6.282e-9
-492.500, 6.277e-9
-493.000, 6.273e-9
-493.500, 6.270e-9
-494.000, 6.267e-9
-494.500, 6.263e-9
-495.000, 6.259e-9
-495.500, 6.256e-9
-496.000, 6.253e-9
-496.500, 6.250e-9
-497.000, 6.248e-9
-497.500, 6.245e-9
-498.000, 6.243e-9
-498.500, 6.240e-9
-499.000, 6.238e-9
-499.500, 6.236e-9
-500.000, 6.234e-9
-500.500, 6.232e-9
-501.000, 6.229e-9
-501.500, 6.227e-9
-502.000, 6.225e-9
-502.500, 6.223e-9
-503.000, 6.222e-9
-503.500, 6.219e-9
-504.000, 6.217e-9
-504.500, 6.216e-9
-505.000, 6.213e-9
-505.500, 6.211e-9
-506.000, 6.210e-9
-506.500, 6.208e-9
-507.000, 6.206e-9
-507.500, 6.205e-9
-508.000, 6.202e-9
-508.500, 6.201e-9
-509.000, 6.199e-9
-509.500, 6.198e-9
-510.000, 6.197e-9
-510.500, 6.195e-9
-511.000, 6.193e-9
-511.500, 6.192e-9
-512.000, 6.190e-9
-512.500, 6.188e-9
-513.000, 6.187e-9
-513.500, 6.187e-9
-514.000, 6.185e-9
-514.500, 6.184e-9
-515.000, 6.182e-9
-515.500, 6.181e-9
-516.000, 6.179e-9
-516.500, 6.179e-9
-517.000, 6.178e-9
-517.500, 6.176e-9
-518.000, 6.175e-9
-518.500, 6.173e-9
-519.000, 6.172e-9
-519.500, 6.171e-9
-520.000, 6.170e-9
-520.500, 6.168e-9
-521.000, 6.167e-9
-521.500, 6.165e-9
-522.000, 6.165e-9
-522.500, 6.164e-9
-523.000, 6.163e-9
-523.500, 6.162e-9
-524.000, 6.161e-9
-524.500, 6.159e-9
-525.000, 6.158e-9
-525.500, 6.157e-9
-526.000, 6.156e-9
-526.500, 6.154e-9
-527.000, 6.154e-9
-527.500, 6.153e-9
-528.000, 6.151e-9
-528.500, 6.150e-9
-529.000, 6.149e-9
-529.500, 6.149e-9
-530.000, 6.148e-9
-530.500, 6.147e-9
-531.000, 6.146e-9
-531.500, 6.145e-9
-532.000, 6.145e-9
-532.500, 6.144e-9
-533.000, 6.143e-9
-533.500, 6.142e-9
-534.000, 6.140e-9
-534.500, 6.139e-9
-535.000, 6.138e-9
-535.500, 6.138e-9
-536.000, 6.136e-9
-536.500, 6.136e-9
-537.000, 6.136e-9
-537.500, 6.135e-9
-538.000, 6.135e-9
-538.500, 6.133e-9
-539.000, 6.132e-9
-539.500, 6.131e-9
-540.000, 6.131e-9
-540.500, 6.130e-9
-541.000, 6.129e-9
-541.500, 6.129e-9
-542.000, 6.128e-9
-542.500, 6.126e-9
-543.000, 6.126e-9
-543.500, 6.125e-9
-544.000, 6.125e-9
-544.500, 6.125e-9
-545.000, 6.124e-9
-545.500, 6.123e-9
-546.000, 6.121e-9
-546.500, 6.121e-9
-547.000, 6.121e-9
-547.500, 6.120e-9
-548.000, 6.119e-9
-548.500, 6.118e-9
-549.000, 6.117e-9
-549.500, 6.116e-9
-550.000, 6.116e-9
-550.500, 6.115e-9
-551.000, 6.114e-9
-551.500, 6.114e-9
-552.000, 6.113e-9
-552.500, 6.113e-9
-553.000, 6.112e-9
-553.500, 6.112e-9
-554.000, 6.111e-9
-554.500, 6.111e-9
-555.000, 6.110e-9
-555.500, 6.109e-9
-556.000, 6.108e-9
-556.500, 6.107e-9
-557.000, 6.108e-9
-557.500, 6.107e-9
-558.000, 6.107e-9
-558.500, 6.106e-9
-559.000, 6.105e-9
-559.500, 6.105e-9
-560.000, 6.105e-9
-560.500, 6.104e-9
-561.000, 6.103e-9
-561.500, 6.102e-9
-562.000, 6.102e-9
-562.500, 6.101e-9
-563.000, 6.101e-9
-563.500, 6.100e-9
-564.000, 6.100e-9
-564.500, 6.099e-9
-565.000, 6.099e-9
-565.500, 6.099e-9
-566.000, 6.098e-9
-566.500, 6.098e-9
-567.000, 6.097e-9
-567.500, 6.097e-9
-568.000, 6.096e-9
-568.500, 6.095e-9
-569.000, 6.095e-9
-569.500, 6.094e-9
-570.000, 6.094e-9
-570.500, 6.093e-9
-571.000, 6.093e-9
-571.500, 6.092e-9
-572.000, 6.092e-9
-572.500, 6.091e-9
-573.000, 6.091e-9
-573.500, 6.090e-9
-574.000, 6.090e-9
-574.500, 6.090e-9
-575.000, 6.089e-9
-575.500, 6.090e-9
-576.000, 6.089e-9
-576.500, 6.088e-9
-577.000, 6.088e-9
-577.500, 6.088e-9
-578.000, 6.088e-9
-578.500, 6.088e-9
-579.000, 6.087e-9
-579.500, 6.087e-9
-580.000, 6.087e-9
-580.500, 6.086e-9
-581.000, 6.087e-9
-581.500, 6.086e-9
-582.000, 6.086e-9
-582.500, 6.085e-9
-583.000, 6.085e-9
-583.500, 6.085e-9
-584.000, 6.085e-9
-584.500, 6.085e-9
-585.000, 6.084e-9
-585.500, 6.084e-9
-586.000, 6.084e-9
-586.500, 6.084e-9
-587.000, 6.085e-9
-587.500, 6.085e-9
-588.000, 6.085e-9
-588.500, 6.085e-9
-589.000, 6.085e-9
-589.500, 6.086e-9
-590.000, 6.087e-9
-590.500, 6.088e-9
-591.000, 1.192e-8
-591.500, 1.691e-8
-592.000, 1.364e-8
-592.500, 1.136e-8
-593.000, 1.014e-8
-593.500, 9.498e-9
-594.000, 9.163e-9
-594.500, 8.979e-9
-595.000, 8.870e-9
-595.500, 8.801e-9
-596.000, 8.756e-9
-596.500, 8.726e-9
-597.000, 8.706e-9
-597.500, 8.692e-9
-598.000, 8.680e-9
-598.500, 8.672e-9
-599.000, 8.665e-9
-599.500, 8.660e-9
-600.000, 8.653e-9
-600.500, 8.649e-9
-601.000, 8.644e-9
-601.500, 8.642e-9
-602.000, 8.639e-9
-602.500, 8.636e-9
-603.000, 8.631e-9
-603.500, 8.628e-9
-604.000, 8.626e-9
-604.500, 8.623e-9
-605.000, 8.620e-9
-605.500, 8.616e-9
-606.000, 8.611e-9
-606.500, 8.608e-9
-607.000, 8.605e-9
-607.500, 8.603e-9
-608.000, 8.601e-9
-608.500, 8.597e-9
-609.000, 8.593e-9
-609.500, 8.590e-9
-610.000, 8.587e-9
-610.500, 8.585e-9
-611.000, 8.580e-9
-611.500, 8.577e-9
-612.000, 8.574e-9
-612.500, 8.571e-9
-613.000, 8.567e-9
-613.500, 8.564e-9
-614.000, 8.561e-9
-614.500, 8.559e-9
-615.000, 8.556e-9
-615.500, 8.553e-9
-616.000, 8.550e-9
-616.500, 8.547e-9
-617.000, 8.546e-9
-617.500, 8.542e-9
-618.000, 8.538e-9
-618.500, 8.536e-9
-619.000, 8.533e-9
-619.500, 8.530e-9
-620.000, 8.528e-9
-620.500, 8.525e-9
-621.000, 8.522e-9
-621.500, 8.519e-9
-622.000, 8.517e-9
-622.500, 8.514e-9
-623.000, 8.512e-9
-623.500, 8.508e-9
-624.000, 8.505e-9
-624.500, 8.504e-9
-625.000, 8.501e-9
-625.500, 8.499e-9
-626.000, 8.497e-9
-626.500, 8.494e-9
-627.000, 8.491e-9
-627.500, 8.488e-9
-628.000, 8.485e-9
-628.500, 8.482e-9
-629.000, 8.480e-9
-629.500, 8.479e-9
-630.000, 8.477e-9
-630.500, 8.474e-9
-631.000, 8.471e-9
-631.500, 8.468e-9
-632.000, 8.465e-9
-632.500, 8.463e-9
-633.000, 8.461e-9
-633.500, 8.458e-9
-634.000, 8.456e-9
-634.500, 8.454e-9
-635.000, 8.451e-9
-635.500, 8.448e-9
-636.000, 8.447e-9
-636.500, 8.445e-9
-637.000, 8.442e-9
-637.500, 8.439e-9
-638.000, 8.437e-9
-638.500, 8.434e-9
-639.000, 8.432e-9
-639.500, 8.430e-9
-640.000, 8.428e-9
-640.500, 8.426e-9
-641.000, 8.423e-9
-641.500, 8.421e-9
-642.000, 8.418e-9
-642.500, 8.415e-9
-643.000, 8.413e-9
-643.500, 8.411e-9
-644.000, 8.409e-9
-644.500, 8.406e-9
-645.000, 8.404e-9
-645.500, 8.401e-9
-646.000, 8.400e-9
-646.500, 8.398e-9
-647.000, 8.397e-9
-647.500, 8.395e-9
-648.000, 8.393e-9
-648.500, 8.389e-9
-649.000, 8.387e-9
-649.500, 8.384e-9
-650.000, 8.383e-9
-650.500, 8.381e-9
-651.000, 8.378e-9
-651.500, 8.376e-9
-652.000, 8.375e-9
-652.500, 8.374e-9
-653.000, 8.372e-9
-653.500, 8.369e-9
-654.000, 8.367e-9
-654.500, 8.366e-9
-655.000, 8.363e-9
-655.500, 8.362e-9
-656.000, 8.360e-9
-656.500, 8.358e-9
-657.000, 8.356e-9
-657.500, 8.352e-9
-658.000, 8.351e-9
-658.500, 8.349e-9
-659.000, 8.348e-9
-659.500, 8.347e-9
-660.000, 8.346e-9
-660.500, 8.345e-9
-661.000, 8.342e-9
-661.500, 8.340e-9
-662.000, 8.339e-9
-662.500, 8.338e-9
-663.000, 8.337e-9
-663.500, 8.335e-9
-664.000, 8.333e-9
-664.500, 8.331e-9
-665.000, 8.330e-9
-665.500, 8.329e-9
-666.000, 8.327e-9
-666.500, 8.325e-9
-667.000, 8.323e-9
-667.500, 8.321e-9
-668.000, 8.319e-9
-668.500, 8.318e-9
-669.000, 8.317e-9
-669.500, 8.315e-9
-670.000, 8.314e-9
-670.500, 8.312e-9
-671.000, 8.309e-9
-671.500, 8.308e-9
-672.000, 8.307e-9
-672.500, 8.306e-9
-673.000, 8.305e-9
-673.500, 8.304e-9
-674.000, 8.302e-9
-674.500, 8.300e-9
-675.000, 8.299e-9
-675.500, 8.298e-9
-676.000, 8.296e-9
-676.500, 8.294e-9
-677.000, 8.292e-9
-677.500, 8.292e-9
-678.000, 8.292e-9
-678.500, 8.291e-9
-679.000, 8.289e-9
-679.500, 8.288e-9
-680.000, 8.286e-9
-680.500, 8.283e-9
-681.000, 8.282e-9
-681.500, 8.281e-9
-682.000, 8.279e-9
-682.500, 8.279e-9
-683.000, 8.277e-9
-683.500, 8.276e-9
-684.000, 8.275e-9
-684.500, 8.275e-9
-685.000, 8.273e-9
-685.500, 8.270e-9
-686.000, 8.269e-9
-686.500, 8.269e-9
-687.000, 8.267e-9
-687.500, 8.266e-9
-688.000, 8.266e-9
-688.500, 8.265e-9
-689.000, 8.263e-9
-689.500, 8.263e-9
-690.000, 8.262e-9
-690.500, 8.261e-9
-691.000, 8.260e-9
-691.500, 8.260e-9
-692.000, 8.259e-9
-692.500, 8.259e-9
-693.000, 8.258e-9
-693.500, 8.256e-9
-694.000, 8.255e-9
-694.500, 8.254e-9
-695.000, 8.253e-9
-695.500, 8.251e-9
-696.000, 8.251e-9
-696.500, 8.250e-9
-697.000, 8.249e-9
-697.500, 8.249e-9
-698.000, 8.247e-9
-698.500, 8.247e-9
-699.000, 8.245e-9
-699.500, 8.245e-9
-700.000, 8.244e-9
-700.500, 8.243e-9
-701.000, 8.242e-9
-701.500, 8.241e-9
-702.000, 8.240e-9
-702.500, 8.239e-9
-703.000, 8.239e-9
-703.500, 8.238e-9
-704.000, 8.238e-9
-704.500, 8.237e-9
-705.000, 8.236e-9
-705.500, 8.236e-9
-706.000, 8.235e-9
-706.500, 8.234e-9
-707.000, 8.233e-9
-707.500, 8.233e-9
-708.000, 8.232e-9
-708.500, 8.230e-9
-709.000, 8.229e-9
-709.500, 8.228e-9
-710.000, 8.228e-9
-710.500, 8.227e-9
-711.000, 8.226e-9
-711.500, 8.226e-9
-712.000, 8.225e-9
-712.500, 8.225e-9
-713.000, 8.225e-9
-713.500, 8.224e-9
-714.000, 8.223e-9
-714.500, 8.223e-9
-715.000, 8.223e-9
-715.500, 8.223e-9
-716.000, 8.221e-9
-716.500, 8.221e-9
-717.000, 8.221e-9
-717.500, 8.221e-9
-718.000, 8.220e-9
-718.500, 8.219e-9
-719.000, 8.218e-9
-719.500, 8.218e-9
-720.000, 8.218e-9
-720.500, 8.218e-9
-721.000, 8.216e-9
-721.500, 8.216e-9
-722.000, 8.215e-9
-722.500, 8.215e-9
-723.000, 8.214e-9
-723.500, 8.213e-9
-724.000, 8.212e-9
-724.500, 8.212e-9
-725.000, 8.212e-9
-725.500, 8.212e-9
-726.000, 8.212e-9
-726.500, 8.212e-9
-727.000, 8.212e-9
-727.500, 8.212e-9
-728.000, 8.212e-9
-728.500, 8.212e-9
-729.000, 8.212e-9
-729.500, 8.214e-9
-730.000, 8.215e-9
-730.500, 8.217e-9
-731.000, 1.455e-8
-731.500, 1.835e-8
-732.000, 1.371e-8
-732.500, 1.068e-8
-733.000, 9.039e-9
-733.500, 8.147e-9
-734.000, 7.637e-9
-734.500, 7.322e-9
-735.000, 7.109e-9
-735.500, 6.956e-9
-736.000, 6.839e-9
-736.500, 6.745e-9
-737.000, 6.670e-9
-737.500, 6.606e-9
-738.000, 6.552e-9
-738.500, 6.503e-9
-739.000, 6.461e-9
-739.500, 6.424e-9
-740.000, 6.390e-9
-740.500, 6.361e-9
-741.000, 6.334e-9
-741.500, 6.310e-9
-742.000, 6.289e-9
-742.500, 6.269e-9
-743.000, 6.251e-9
-743.500, 6.233e-9
-744.000, 6.218e-9
-744.500, 6.204e-9
-745.000, 6.190e-9
-745.500, 6.178e-9
-746.000, 6.165e-9
-746.500, 6.155e-9
-747.000, 6.144e-9
-747.500, 6.135e-9
-748.000, 6.126e-9
-748.500, 6.117e-9
-749.000, 6.109e-9
-749.500, 6.102e-9
-750.000, 6.094e-9
-750.500, 6.087e-9
-751.000, 6.081e-9
-751.500, 6.075e-9
-752.000, 6.070e-9
-752.500, 6.064e-9
-753.000, 6.059e-9
-753.500, 6.053e-9
-754.000, 6.049e-9
-754.500, 6.045e-9
-755.000, 6.041e-9
-755.500, 6.036e-9
-756.000, 6.032e-9
-756.500, 6.028e-9
-757.000, 6.024e-9
-757.500, 6.021e-9
-758.000, 6.018e-9
-758.500, 6.014e-9
-759.000, 6.010e-9
-759.500, 6.007e-9
-760.000, 6.004e-9
-760.500, 6.001e-9
-761.000, 5.999e-9
-761.500, 5.996e-9
-762.000, 5.994e-9
-762.500, 5.992e-9
-763.000, 5.990e-9
-763.500, 5.987e-9
-764.000, 5.985e-9
-764.500, 5.984e-9
-765.000, 5.981e-9
-765.500, 5.978e-9
-766.000, 5.976e-9
-766.500, 5.973e-9
-767.000, 5.971e-9
-767.500, 5.970e-9
-768.000, 5.968e-9
-768.500, 5.966e-9
-769.000, 5.964e-9
-769.500, 5.963e-9
-770.000, 5.962e-9
-770.500, 5.960e-9
-771.000, 5.959e-9
-771.500, 5.957e-9
-772.000, 5.956e-9
-772.500, 5.954e-9
-773.000, 5.952e-9
-773.500, 5.950e-9
-774.000, 5.949e-9
-774.500, 5.948e-9
-775.000, 5.946e-9
-775.500, 5.944e-9
-776.000, 5.943e-9
-776.500, 5.942e-9
-777.000, 5.941e-9
-777.500, 5.940e-9
-778.000, 5.939e-9
-778.500, 5.938e-9
-779.000, 5.937e-9
-779.500, 5.937e-9
-780.000, 5.936e-9
-780.500, 5.935e-9
-781.000, 5.933e-9
-781.500, 5.932e-9
-782.000, 5.931e-9
-782.500, 5.930e-9
-783.000, 5.929e-9
-783.500, 5.928e-9
-784.000, 5.928e-9
-784.500, 5.926e-9
-785.000, 5.925e-9
-785.500, 5.924e-9
-786.000, 5.923e-9
-786.500, 5.922e-9
-787.000, 5.922e-9
-787.500, 5.921e-9
-788.000, 5.920e-9
-788.500, 5.919e-9
-789.000, 5.918e-9
-789.500, 5.918e-9
-790.000, 5.917e-9
-790.500, 5.917e-9
-791.000, 5.915e-9
-791.500, 5.914e-9
-792.000, 5.915e-9
-792.500, 5.914e-9
-793.000, 5.912e-9
-793.500, 5.911e-9
-794.000, 5.911e-9
-794.500, 5.911e-9
-795.000, 5.910e-9
-795.500, 5.908e-9
-796.000, 5.908e-9
-796.500, 5.907e-9
-797.000, 5.906e-9
-797.500, 5.906e-9
-798.000, 5.905e-9
-798.500, 5.905e-9
-799.000, 5.904e-9
-799.500, 5.904e-9
-800.000, 5.904e-9
-800.500, 5.903e-9
-801.000, 5.901e-9
-801.500, 5.901e-9
-802.000, 5.901e-9
-802.500, 5.901e-9
-803.000, 5.899e-9
-803.500, 5.899e-9
-804.000, 5.898e-9
-804.500, 5.897e-9
-805.000, 5.897e-9
-805.500, 5.897e-9
-806.000, 5.896e-9
-806.500, 5.895e-9
-807.000, 5.895e-9
-807.500, 5.894e-9
-808.000, 5.894e-9
-808.500, 5.894e-9
-809.000, 5.893e-9
-809.500, 5.892e-9
-810.000, 5.892e-9
-810.500, 5.892e-9
-811.000, 5.891e-9
-811.500, 5.890e-9
-812.000, 5.890e-9
-812.500, 5.890e-9
-813.000, 5.889e-9
-813.500, 5.888e-9
-814.000, 5.887e-9
-814.500, 5.887e-9
-815.000, 5.887e-9
-815.500, 5.886e-9
-816.000, 5.885e-9
-816.500, 5.885e-9
-817.000, 5.884e-9
-817.500, 5.884e-9
-818.000, 5.884e-9
-818.500, 5.883e-9
-819.000, 5.883e-9
-819.500, 5.883e-9
-820.000, 5.882e-9
-820.500, 5.882e-9
-821.000, 5.881e-9
-821.500, 5.881e-9
-822.000, 5.881e-9
-822.500, 5.880e-9
-823.000, 5.879e-9
-823.500, 5.879e-9
-824.000, 5.879e-9
-824.500, 5.879e-9
-825.000, 5.879e-9
-825.500, 5.878e-9
-826.000, 5.878e-9
-826.500, 5.877e-9
-827.000, 5.877e-9
-827.500, 5.877e-9
-828.000, 5.877e-9
-828.500, 5.877e-9
-829.000, 5.876e-9
-829.500, 5.876e-9
-830.000, 5.875e-9
-830.500, 5.875e-9
-831.000, 5.874e-9
-831.500, 5.874e-9
-832.000, 5.874e-9
-832.500, 5.873e-9
-833.000, 5.872e-9
-833.500, 5.872e-9
-834.000, 5.872e-9
-834.500, 5.873e-9
-835.000, 5.873e-9
-835.500, 5.873e-9
-836.000, 5.871e-9
-836.500, 5.871e-9
-837.000, 5.871e-9
-837.500, 5.871e-9
-838.000, 5.871e-9
-838.500, 5.870e-9
-839.000, 5.870e-9
-839.500, 5.869e-9
-840.000, 5.869e-9
-840.500, 5.869e-9
-841.000, 5.869e-9
-841.500, 5.869e-9
-842.000, 5.868e-9
-842.500, 5.868e-9
-843.000, 5.868e-9
-843.500, 5.867e-9
-844.000, 5.868e-9
-844.500, 5.867e-9
-845.000, 5.867e-9
-845.500, 5.866e-9
-846.000, 5.866e-9
-846.500, 5.866e-9
-847.000, 5.866e-9
-847.500, 5.866e-9
-848.000, 5.865e-9
-848.500, 5.864e-9
-849.000, 5.864e-9
-849.500, 5.864e-9
-850.000, 5.864e-9
-850.500, 5.864e-9
-851.000, 5.864e-9
-851.500, 5.864e-9
-852.000, 5.863e-9
-852.500, 5.863e-9
-853.000, 5.863e-9
-853.500, 5.863e-9
-854.000, 5.862e-9
-854.500, 5.863e-9
-855.000, 5.863e-9
-855.500, 5.863e-9
-856.000, 5.862e-9
-856.500, 5.862e-9
-857.000, 5.863e-9
-857.500, 5.863e-9
-858.000, 5.862e-9
-858.500, 5.862e-9
-859.000, 5.862e-9
-859.500, 5.861e-9
-860.000, 5.861e-9
-860.500, 5.861e-9
-861.000, 5.861e-9
-861.500, 5.861e-9
-862.000, 5.861e-9
-862.500, 5.861e-9
-863.000, 5.861e-9
-863.500, 5.860e-9
-864.000, 5.860e-9
-864.500, 5.859e-9
-865.000, 5.860e-9
-865.500, 5.860e-9
-866.000, 5.859e-9
-866.500, 5.859e-9
-867.000, 5.859e-9
-867.500, 5.859e-9
-868.000, 5.859e-9
-868.500, 5.859e-9
-869.000, 5.858e-9
-869.500, 5.859e-9
-870.000, 5.858e-9
-870.500, 5.860e-9
-871.000, 5.859e-9
-871.500, 5.859e-9
-872.000, 5.859e-9
-872.500, 5.859e-9
-873.000, 5.859e-9
-873.500, 5.859e-9
-874.000, 5.859e-9
-874.500, 5.859e-9
-875.000, 5.859e-9
-875.500, 5.858e-9
-876.000, 5.859e-9
-876.500, 5.859e-9
-877.000, 5.859e-9
-877.500, 5.859e-9
-878.000, 5.860e-9
-878.500, 5.859e-9
-879.000, 5.859e-9
-879.500, 5.859e-9
-880.000, 5.859e-9
-880.500, 5.859e-9
-881.000, 5.859e-9
-881.500, 5.859e-9
-882.000, 5.859e-9
-882.500, 5.859e-9
-883.000, 5.860e-9
-883.500, 5.860e-9
-884.000, 5.860e-9
-884.500, 5.861e-9
-885.000, 5.861e-9
-885.500, 5.862e-9
-886.000, 5.862e-9
-886.500, 5.863e-9
-887.000, 5.864e-9
-887.500, 5.879e-9
-888.000, 1.568e-8
-888.500, 1.684e-8
-889.000, 1.272e-8
-889.500, 1.015e-8
-890.000, 8.748e-9
-890.500, 7.968e-9
-891.000, 7.508e-9
-891.500, 7.218e-9
-892.000, 7.019e-9
-892.500, 6.876e-9
-893.000, 6.765e-9
-893.500, 6.679e-9
-894.000, 6.608e-9
-894.500, 6.549e-9
-895.000, 6.500e-9
-895.500, 6.456e-9
-896.000, 6.418e-9
-896.500, 6.385e-9
-897.000, 6.357e-9
-897.500, 6.331e-9
-898.000, 6.308e-9
-898.500, 6.287e-9
-899.000, 6.267e-9
-899.500, 6.250e-9
-900.000, 6.234e-9
-900.500, 6.219e-9
-901.000, 6.205e-9
-901.500, 6.193e-9
-902.000, 6.181e-9
-902.500, 6.170e-9
-903.000, 6.160e-9
-903.500, 6.150e-9
-904.000, 6.141e-9
-904.500, 6.133e-9
-905.000, 6.124e-9
-905.500, 6.117e-9
-906.000, 6.109e-9
-906.500, 6.102e-9
-907.000, 6.096e-9
-907.500, 6.090e-9
-908.000, 6.085e-9
-908.500, 6.080e-9
-909.000, 6.074e-9
-909.500, 6.070e-9
-910.000, 6.065e-9
-910.500, 6.061e-9
-911.000, 6.057e-9
-911.500, 6.054e-9
-912.000, 6.049e-9
-912.500, 6.045e-9
-913.000, 6.041e-9
-913.500, 6.038e-9
-914.000, 6.034e-9
-914.500, 6.031e-9
-915.000, 6.027e-9
-915.500, 6.024e-9
-916.000, 6.020e-9
-916.500, 6.017e-9
-917.000, 6.014e-9
-917.500, 6.011e-9
-918.000, 6.008e-9
-918.500, 6.005e-9
-919.000, 6.002e-9
-919.500, 6.000e-9
-920.000, 5.997e-9
-920.500, 5.995e-9
-921.000, 5.992e-9
-921.500, 5.991e-9
-922.000, 5.988e-9
-922.500, 5.986e-9
-923.000, 5.983e-9
-923.500, 5.982e-9
-924.000, 5.980e-9
-924.500, 5.979e-9
-925.000, 5.977e-9
-925.500, 5.975e-9
-926.000, 5.973e-9
-926.500, 5.971e-9
-927.000, 5.970e-9
-927.500, 5.968e-9
-928.000, 5.967e-9
-928.500, 5.965e-9
-929.000, 5.963e-9
-929.500, 5.962e-9
-930.000, 5.961e-9
-930.500, 5.960e-9
-931.000, 5.958e-9
-931.500, 5.956e-9
-932.000, 5.955e-9
-932.500, 5.953e-9
-933.000, 5.952e-9
-933.500, 5.950e-9
-934.000, 5.948e-9
-934.500, 5.947e-9
-935.000, 5.945e-9
-935.500, 5.944e-9
-936.000, 5.943e-9
-936.500, 5.942e-9
-937.000, 5.941e-9
-937.500, 5.939e-9
-938.000, 5.938e-9
-938.500, 5.936e-9
-939.000, 5.935e-9
-939.500, 5.935e-9
-940.000, 5.933e-9
-940.500, 5.933e-9
-941.000, 5.932e-9
-941.500, 5.931e-9
-942.000, 5.929e-9
-942.500, 5.928e-9
-943.000, 5.927e-9
-943.500, 5.926e-9
-944.000, 5.924e-9
-944.500, 5.923e-9
-945.000, 5.922e-9
-945.500, 5.921e-9
-946.000, 5.919e-9
-946.500, 5.919e-9
-947.000, 5.918e-9
-947.500, 5.917e-9
-948.000, 5.916e-9
-948.500, 5.915e-9
-949.000, 5.914e-9
-949.500, 5.913e-9
-950.000, 5.912e-9
-950.500, 5.911e-9
-951.000, 5.911e-9
-951.500, 5.910e-9
-952.000, 5.908e-9
-952.500, 5.908e-9
-953.000, 5.907e-9
-953.500, 5.906e-9
-954.000, 5.905e-9
-954.500, 5.904e-9
-955.000, 5.903e-9
-955.500, 5.901e-9
-956.000, 5.900e-9
-956.500, 5.899e-9
-957.000, 5.899e-9
-957.500, 5.898e-9
-958.000, 5.897e-9
-958.500, 5.896e-9
-959.000, 5.895e-9
-959.500, 5.895e-9
-960.000, 5.894e-9
-960.500, 5.893e-9
-961.000, 5.892e-9
-961.500, 5.891e-9
-962.000, 5.890e-9
-962.500, 5.889e-9
-963.000, 5.888e-9
-963.500, 5.888e-9
-964.000, 5.888e-9
-964.500, 5.888e-9
-965.000, 5.886e-9
-965.500, 5.885e-9
-966.000, 5.884e-9
-966.500, 5.884e-9
-967.000, 5.883e-9
-967.500, 5.882e-9
-968.000, 5.881e-9
-968.500, 5.881e-9
-969.000, 5.880e-9
-969.500, 5.879e-9
-970.000, 5.879e-9
-970.500, 5.878e-9
-971.000, 5.877e-9
-971.500, 5.876e-9
-972.000, 5.876e-9
-972.500, 5.875e-9
-973.000, 5.875e-9
-973.500, 5.874e-9
-974.000, 5.874e-9
-974.500, 5.873e-9
-975.000, 5.872e-9
-975.500, 5.871e-9
-976.000, 5.871e-9
-976.500, 5.870e-9
-977.000, 5.870e-9
-977.500, 5.869e-9
-978.000, 5.869e-9
-978.500, 5.867e-9
-979.000, 5.867e-9
-979.500, 5.866e-9
-980.000, 5.866e-9
-980.500, 5.865e-9
-981.000, 5.864e-9
-981.500, 5.863e-9
-982.000, 5.863e-9
-982.500, 5.863e-9
-983.000, 5.862e-9
-983.500, 5.861e-9
-984.000, 5.860e-9
-984.500, 5.860e-9
-985.000, 5.860e-9
-985.500, 5.858e-9
-986.000, 5.858e-9
-986.500, 5.857e-9
-987.000, 5.857e-9
-987.500, 5.856e-9
-988.000, 5.856e-9
-988.500, 5.855e-9
-989.000, 5.855e-9
-989.500, 5.854e-9
-990.000, 5.854e-9
-990.500, 5.853e-9
-991.000, 5.853e-9
-991.500, 5.852e-9
-992.000, 5.852e-9
-992.500, 5.852e-9
-993.000, 5.851e-9
-993.500, 5.850e-9
-994.000, 5.849e-9
-994.500, 5.849e-9
-995.000, 5.848e-9
-995.500, 5.848e-9
-996.000, 5.848e-9
-996.500, 5.847e-9
-997.000, 5.847e-9
-997.500, 5.847e-9
-998.000, 5.846e-9
-998.500, 5.845e-9
-999.000, 5.844e-9
-999.500, 5.845e-9
-1000.000, 5.844e-9
