Distance/um, Current/A

-0.500, -3.635e-9
-1.000, -3.634e-9
-1.500, -3.634e-9
-2.000, -3.634e-9
-2.500, -3.633e-9
-3.000, -3.634e-9
-3.500, -3.634e-9
-4.000, -3.633e-9
-4.500, -3.633e-9
-5.000, -3.633e-9
-5.500, -3.633e-9
-6.000, -3.633e-9
-6.500, -3.633e-9
-7.000, -3.633e-9
-7.500, -3.633e-9
-8.000, -3.633e-9
-8.500, -3.633e-9
-9.000, -3.633e-9
-9.500, -3.633e-9
-10.000, -3.633e-9
-10.500, -3.633e-9
-11.000, -3.633e-9
-11.500, -3.632e-9
-12.000, -3.632e-9
-12.500, -3.632e-9
-13.000, -3.632e-9
-13.500, -3.633e-9
-14.000, -3.633e-9
-14.500, -3.632e-9
-15.000, -3.632e-9
-15.500, -3.632e-9
-16.000, -3.632e-9
-16.500, -3.633e-9
-17.000, -3.632e-9
-17.500, -3.632e-9
-18.000, -3.632e-9
-18.500, -3.632e-9
-19.000, -3.632e-9
-19.500, -3.632e-9
-20.000, -3.632e-9
-20.500, -3.632e-9
-21.000, -3.632e-9
-21.500, -3.632e-9
-22.000, -3.632e-9
-22.500, -3.632e-9
-23.000, -3.632e-9
-23.500, -3.632e-9
-24.000, -3.632e-9
-24.500, -3.631e-9
-25.000, -3.631e-9
-25.500, -3.632e-9
-26.000, -3.631e-9
-26.500, -3.632e-9
-27.000, -3.631e-9
-27.500, -3.631e-9
-28.000, -3.631e-9
-28.500, -3.631e-9
-29.000, -3.631e-9
-29.500, -3.631e-9
-30.000, -3.631e-9
-30.500, -3.631e-9
-31.000, -3.631e-9
-31.500, -3.631e-9
-32.000, -3.631e-9
-32.500, -3.631e-9
-33.000, -3.631e-9
-33.500, -3.630e-9
-34.000, -3.630e-9
-34.500, -3.630e-9
-35.000, -3.630e-9
-35.500, -3.630e-9
-36.000, -3.630e-9
-36.500, -3.630e-9
-37.000, -3.630e-9
-37.500, -3.630e-9
-38.000, -3.630e-9
-38.500, -3.630e-9
-39.000, -3.630e-9
-39.500, -3.630e-9
-40.000, -3.630e-9
-40.500, -3.630e-9
-41.000, -3.630e-9
-41.500, -3.630e-9
-42.000, -3.630e-9
-42.500, -3.630e-9
-43.000, -3.630e-9
-43.500, -3.629e-9
-44.000, -3.629e-9
-44.500, -3.630e-9
-45.000, -3.630e-9
-45.500, -3.629e-9
-46.000, -3.629e-9
-46.500, -3.630e-9
-47.000, -3.630e-9
-47.500, -3.629e-9
-48.000, -3.629e-9
-48.500, -3.629e-9
-49.000, -3.629e-9
-49.500, -3.629e-9
-50.000, -3.629e-9
-50.500, -3.629e-9
-51.000, -3.629e-9
-51.500, -3.629e-9
-52.000, -3.629e-9
-52.500, -3.629e-9
-53.000, -3.629e-9
-53.500, -3.629e-9
-54.000, -3.629e-9
-54.500, -3.629e-9
-55.000, -3.629e-9
-55.500, -3.629e-9
-56.000, -3.629e-9
-56.500, -3.629e-9
-57.000, -3.629e-9
-57.500, -3.629e-9
-58.000, -3.629e-9
-58.500, -3.629e-9
-59.000, -3.629e-9
-59.500, -3.628e-9
-60.000, -3.628e-9
-60.500, -3.628e-9
-61.000, -3.628e-9
-61.500, -3.628e-9
-62.000, -3.628e-9
-62.500, -3.628e-9
-63.000, -3.628e-9
-63.500, -3.628e-9
-64.000, -3.628e-9
-64.500, -3.628e-9
-65.000, -3.628e-9
-65.500, -3.628e-9
-66.000, -3.628e-9
-66.500, -3.628e-9
-67.000, -3.628e-9
-67.500, -3.628e-9
-68.000, -3.628e-9
-68.500, -3.628e-9
-69.000, -3.628e-9
-69.500, -3.628e-9
-70.000, -3.628e-9
-70.500, -3.628e-9
-71.000, -3.628e-9
-71.500, -3.628e-9
-72.000, -3.628e-9
-72.500, -3.628e-9
-73.000, -3.628e-9
-73.500, -3.627e-9
-74.000, -3.627e-9
-74.500, -3.627e-9
-75.000, -3.627e-9
-75.500, -3.628e-9
-76.000, -3.627e-9
-76.500, -3.627e-9
-77.000, -3.627e-9
-77.500, -3.627e-9
-78.000, -3.627e-9
-78.500, -3.627e-9
-79.000, -3.627e-9
-79.500, -3.627e-9
-80.000, -3.627e-9
-80.500, -3.627e-9
-81.000, -3.627e-9
-81.500, -3.627e-9
-82.000, -3.627e-9
-82.500, -3.627e-9
-83.000, -3.627e-9
-83.500, -3.627e-9
-84.000, -3.627e-9
-84.500, -3.627e-9
-85.000, -3.627e-9
-85.500, -3.627e-9
-86.000, -3.627e-9
-86.500, -3.627e-9
-87.000, -3.627e-9
-87.500, -3.627e-9
-88.000, -3.627e-9
-88.500, -3.627e-9
-89.000, -3.627e-9
-89.500, -3.627e-9
-90.000, -3.627e-9
-90.500, -3.627e-9
-91.000, -3.627e-9
-91.500, -3.627e-9
-92.000, -3.627e-9
-92.500, -3.627e-9
-93.000, -3.627e-9
-93.500, -3.627e-9
-94.000, -3.627e-9
-94.500, -3.627e-9
-95.000, -3.627e-9
-95.500, -3.627e-9
-96.000, -3.626e-9
-96.500, -3.627e-9
-97.000, -3.627e-9
-97.500, -3.627e-9
-98.000, -3.627e-9
-98.500, -3.627e-9
-99.000, -3.627e-9
-99.500, -3.626e-9
-100.000, -3.627e-9
-100.500, -3.627e-9
-101.000, -3.627e-9
-101.500, -3.627e-9
-102.000, -3.626e-9
-102.500, -3.626e-9
-103.000, -3.626e-9
-103.500, -3.626e-9
-104.000, -3.626e-9
-104.500, -3.626e-9
-105.000, -3.626e-9
-105.500, -3.626e-9
-106.000, -3.626e-9
-106.500, -3.626e-9
-107.000, -3.626e-9
-107.500, -3.626e-9
-108.000, -3.626e-9
-108.500, -3.626e-9
-109.000, -3.626e-9
-109.500, -3.625e-9
-110.000, -3.625e-9
-110.500, -3.625e-9
-111.000, -3.625e-9
-111.500, -3.625e-9
-112.000, -3.625e-9
-112.500, -3.625e-9
-113.000, -3.625e-9
-113.500, -3.625e-9
-114.000, -3.625e-9
-114.500, -3.625e-9
-115.000, -3.625e-9
-115.500, -3.625e-9
-116.000, -3.625e-9
-116.500, -3.625e-9
-117.000, -3.625e-9
-117.500, -3.625e-9
-118.000, -3.625e-9
-118.500, -3.625e-9
-119.000, -3.625e-9
-119.500, -3.624e-9
-120.000, -3.624e-9
-120.500, -3.624e-9
-121.000, -3.624e-9
-121.500, -3.624e-9
-122.000, -3.624e-9
-122.500, -3.624e-9
-123.000, -3.624e-9
-123.500, -3.624e-9
-124.000, -3.624e-9
-124.500, -3.624e-9
-125.000, -3.624e-9
-125.500, -3.624e-9
-126.000, -3.624e-9
-126.500, -3.624e-9
-127.000, -3.624e-9
-127.500, -3.624e-9
-128.000, -3.624e-9
-128.500, -3.624e-9
-129.000, -3.624e-9
-129.500, -3.624e-9
-130.000, -3.624e-9
-130.500, -3.624e-9
-131.000, -3.623e-9
-131.500, -3.623e-9
-132.000, -3.623e-9
-132.500, -3.623e-9
-133.000, -3.623e-9
-133.500, -3.623e-9
-134.000, -3.623e-9
-134.500, -3.623e-9
-135.000, -3.623e-9
-135.500, -3.623e-9
-136.000, -3.623e-9
-136.500, -3.623e-9
-137.000, -3.623e-9
-137.500, -3.623e-9
-138.000, -3.623e-9
-138.500, -3.623e-9
-139.000, -3.622e-9
-139.500, -3.622e-9
-140.000, -3.622e-9
-140.500, -3.622e-9
-141.000, -3.622e-9
-141.500, -3.622e-9
-142.000, -3.622e-9
-142.500, -3.622e-9
-143.000, -3.622e-9
-143.500, -3.622e-9
-144.000, -3.622e-9
-144.500, -3.622e-9
-145.000, -3.622e-9
-145.500, -3.622e-9
-146.000, -3.622e-9
-146.500, -3.622e-9
-147.000, -3.622e-9
-147.500, -3.621e-9
-148.000, -3.622e-9
-148.500, -3.622e-9
-149.000, -3.621e-9
-149.500, -3.621e-9
-150.000, -3.621e-9
-150.500, -3.622e-9
-151.000, -3.621e-9
-151.500, -3.621e-9
-152.000, -3.621e-9
-152.500, -3.621e-9
-153.000, -3.622e-9
-153.500, -3.622e-9
-154.000, -3.622e-9
-154.500, -3.621e-9
-155.000, -3.621e-9
-155.500, -3.621e-9
-156.000, -3.622e-9
-156.500, -3.621e-9
-157.000, -3.621e-9
-157.500, -3.621e-9
-158.000, -3.621e-9
-158.500, -3.621e-9
-159.000, -3.621e-9
-159.500, -3.621e-9
-160.000, -3.621e-9
-160.500, -3.622e-9
-161.000, -3.621e-9
-161.500, -3.621e-9
-162.000, -3.621e-9
-162.500, -3.621e-9
-163.000, -3.621e-9
-163.500, -3.621e-9
-164.000, -3.621e-9
-164.500, -3.621e-9
-165.000, -3.621e-9
-165.500, -3.621e-9
-166.000, -3.621e-9
-166.500, -3.621e-9
-167.000, -3.621e-9
-167.500, -3.621e-9
-168.000, -3.621e-9
-168.500, -3.621e-9
-169.000, -3.620e-9
-169.500, -3.621e-9
-170.000, -3.621e-9
-170.500, -3.621e-9
-171.000, -3.620e-9
-171.500, -3.620e-9
-172.000, -3.620e-9
-172.500, -3.620e-9
-173.000, -3.620e-9
-173.500, -3.620e-9
-174.000, -3.620e-9
-174.500, -3.620e-9
-175.000, -3.620e-9
-175.500, -3.620e-9
-176.000, -3.620e-9
-176.500, -3.620e-9
-177.000, -3.620e-9
-177.500, -3.620e-9
-178.000, -3.620e-9
-178.500, -3.620e-9
-179.000, -3.620e-9
-179.500, -3.620e-9
-180.000, -3.620e-9
-180.500, -3.620e-9
-181.000, -3.620e-9
-181.500, -3.620e-9
-182.000, -3.620e-9
-182.500, -3.620e-9
-183.000, -3.620e-9
-183.500, -3.620e-9
-184.000, -3.620e-9
-184.500, -3.620e-9
-185.000, -3.620e-9
-185.500, -3.620e-9
-186.000, -3.620e-9
-186.500, -3.620e-9
-187.000, -3.620e-9
-187.500, -3.620e-9
-188.000, -3.620e-9
-188.500, -3.620e-9
-189.000, -3.620e-9
-189.500, -3.620e-9
-190.000, -3.619e-9
-190.500, -3.620e-9
-191.000, -3.620e-9
-191.500, -3.620e-9
-192.000, -3.620e-9
-192.500, -3.619e-9
-193.000, -3.619e-9
-193.500, -3.619e-9
-194.000, -3.620e-9
-194.500, -3.620e-9
-195.000, -3.620e-9
-195.500, -3.620e-9
-196.000, -3.620e-9
-196.500, -3.619e-9
-197.000, -3.619e-9
-197.500, -3.619e-9
-198.000, -3.620e-9
-198.500, -3.619e-9
-199.000, -3.619e-9
-199.500, -3.619e-9
-200.000, -3.619e-9
-200.500, -3.619e-9
-201.000, -3.619e-9
-201.500, -3.619e-9
-202.000, -3.619e-9
-202.500, -3.619e-9
-203.000, -3.619e-9
-203.500, -3.619e-9
-204.000, -3.619e-9
-204.500, -3.619e-9
-205.000, -3.619e-9
-205.500, -3.619e-9
-206.000, -3.619e-9
-206.500, -3.619e-9
-207.000, -3.619e-9
-207.500, -3.619e-9
-208.000, -3.619e-9
-208.500, -3.619e-9
-209.000, -3.619e-9
-209.500, -3.619e-9
-210.000, -3.619e-9
-210.500, -3.619e-9
-211.000, -3.619e-9
-211.500, -3.619e-9
-212.000, -3.619e-9
-212.500, -3.619e-9
-213.000, -3.619e-9
-213.500, -3.619e-9
-214.000, -3.619e-9
-214.500, -3.619e-9
-215.000, -3.619e-9
-215.500, -3.619e-9
-216.000, -3.619e-9
-216.500, -3.618e-9
-217.000, -3.618e-9
-217.500, -3.618e-9
-218.000, -3.618e-9
-218.500, -3.618e-9
-219.000, -3.618e-9
-219.500, -3.618e-9
-220.000, -3.618e-9
-220.500, -3.618e-9
-221.000, -3.618e-9
-221.500, -3.618e-9
-222.000, -3.618e-9
-222.500, -3.617e-9
-223.000, -3.618e-9
-223.500, -3.617e-9
-224.000, -3.617e-9
-224.500, -3.617e-9
-225.000, -3.616e-9
-225.500, -3.616e-9
-226.000, -3.615e-9
-226.500, -3.615e-9
-227.000, -3.614e-9
-227.500, -3.614e-9
-228.000, -3.614e-9
-228.500, -3.613e-9
-229.000, -3.612e-9
-229.500, -3.612e-9
-230.000, -3.611e-9
-230.500, -3.610e-9
-231.000, -3.609e-9
-231.500, -3.608e-9
-232.000, -3.607e-9
-232.500, -3.606e-9
-233.000, -3.605e-9
-233.500, -3.604e-9
-234.000, -3.602e-9
-234.500, -3.601e-9
-235.000, -3.600e-9
-235.500, -3.600e-9
-236.000, -3.598e-9
-236.500, -3.597e-9
-237.000, -3.596e-9
-237.500, -3.595e-9
-238.000, -3.594e-9
-238.500, -3.593e-9
-239.000, -3.592e-9
-239.500, -3.591e-9
-240.000, -3.590e-9
-240.500, -3.589e-9
-241.000, -3.588e-9
-241.500, -3.587e-9
-242.000, -3.586e-9
-242.500, -3.585e-9
-243.000, -3.584e-9
-243.500, -3.583e-9
-244.000, -3.582e-9
-244.500, -3.581e-9
-245.000, -3.580e-9
-245.500, -3.580e-9
-246.000, -3.579e-9
-246.500, -3.579e-9
-247.000, -3.578e-9
-247.500, -3.577e-9
-248.000, -3.577e-9
-248.500, -3.577e-9
-249.000, -3.577e-9
-249.500, -3.578e-9
-250.000, -3.578e-9
-250.500, -3.578e-9
-251.000, -3.578e-9
-251.500, -3.579e-9
-252.000, -3.579e-9
-252.500, -3.580e-9
-253.000, -3.581e-9
-253.500, -3.582e-9
-254.000, -3.582e-9
-254.500, -3.583e-9
-255.000, -3.584e-9
-255.500, -3.586e-9
-256.000, -3.587e-9
-256.500, -3.588e-9
-257.000, -3.590e-9
-257.500, -3.592e-9
-258.000, -3.594e-9
-258.500, -3.596e-9
-259.000, -3.598e-9
-259.500, -3.600e-9
-260.000, -3.602e-9
-260.500, -3.604e-9
-261.000, -3.606e-9
-261.500, -3.608e-9
-262.000, -3.610e-9
-262.500, -3.611e-9
-263.000, -3.613e-9
-263.500, -3.615e-9
-264.000, -3.616e-9
-264.500, -3.617e-9
-265.000, -3.618e-9
-265.500, -3.619e-9
-266.000, -3.620e-9
-266.500, -3.621e-9
-267.000, -3.622e-9
-267.500, -3.622e-9
-268.000, -3.624e-9
-268.500, -3.624e-9
-269.000, -3.624e-9
-269.500, -3.624e-9
-270.000, -3.624e-9
-270.500, -3.625e-9
-271.000, -3.625e-9
-271.500, -3.624e-9
-272.000, -3.624e-9
-272.500, -3.624e-9
-273.000, -3.624e-9
-273.500, -3.623e-9
-274.000, -3.623e-9
-274.500, -3.622e-9
-275.000, -3.622e-9
-275.500, -3.622e-9
-276.000, -3.622e-9
-276.500, -3.622e-9
-277.000, -3.621e-9
-277.500, -3.621e-9
-278.000, -3.621e-9
-278.500, -3.621e-9
-279.000, -3.621e-9
-279.500, -3.621e-9
-280.000, -3.621e-9
-280.500, -3.622e-9
-281.000, -3.622e-9
-281.500, -3.622e-9
-282.000, -3.623e-9
-282.500, -3.624e-9
-283.000, -3.625e-9
-283.500, -3.626e-9
-284.000, -3.627e-9
-284.500, -3.628e-9
-285.000, -3.630e-9
-285.500, -3.631e-9
-286.000, -3.633e-9
-286.500, -3.634e-9
-287.000, -3.635e-9
-287.500, -3.637e-9
-288.000, -3.638e-9
-288.500, -3.640e-9
-289.000, -3.642e-9
-289.500, -3.643e-9
-290.000, -3.644e-9
-290.500, -3.646e-9
-291.000, -3.648e-9
-291.500, -3.649e-9
-292.000, -3.651e-9
-292.500, -3.653e-9
-293.000, -3.656e-9
-293.500, -3.659e-9
-294.000, -3.661e-9
-294.500, -3.664e-9
-295.000, -3.667e-9
-295.500, -3.670e-9
-296.000, -3.672e-9
-296.500, -3.674e-9
-297.000, -3.676e-9
-297.500, -3.679e-9
-298.000, -3.681e-9
-298.500, -3.683e-9
-299.000, -3.684e-9
-299.500, -3.686e-9
-300.000, -3.687e-9
-300.500, -3.689e-9
-301.000, -3.691e-9
-301.500, -3.692e-9
-302.000, -3.693e-9
-302.500, -3.694e-9
-303.000, -3.696e-9
-303.500, -3.697e-9
-304.000, -3.698e-9
-304.500, -3.699e-9
-305.000, -3.700e-9
-305.500, -3.701e-9
-306.000, -3.702e-9
-306.500, -3.702e-9
-307.000, -3.704e-9
-307.500, -3.704e-9
-308.000, -3.705e-9
-308.500, -3.705e-9
-309.000, -3.706e-9
-309.500, -3.706e-9
-310.000, -3.706e-9
-310.500, -3.707e-9
-311.000, -3.707e-9
-311.500, -3.707e-9
-312.000, -3.707e-9
-312.500, -3.707e-9
-313.000, -3.707e-9
-313.500, -3.707e-9
-314.000, -3.708e-9
-314.500, -3.707e-9
-315.000, -3.707e-9
-315.500, -3.707e-9
-316.000, -3.707e-9
-316.500, -3.707e-9
-317.000, -3.707e-9
-317.500, -3.706e-9
-318.000, -3.707e-9
-318.500, -3.706e-9
-319.000, -3.706e-9
-319.500, -3.705e-9
-320.000, -3.705e-9
-320.500, -3.705e-9
-321.000, -3.704e-9
-321.500, -3.704e-9
-322.000, -3.703e-9
-322.500, -3.702e-9
-323.000, -3.702e-9
-323.500, -3.701e-9
-324.000, -3.700e-9
-324.500, -3.698e-9
-325.000, -3.697e-9
-325.500, -3.696e-9
-326.000, -3.695e-9
-326.500, -3.693e-9
-327.000, -3.692e-9
-327.500, -3.690e-9
-328.000, -3.688e-9
-328.500, -3.686e-9
-329.000, -3.684e-9
-329.500, -3.682e-9
-330.000, -3.679e-9
-330.500, -3.677e-9
-331.000, -3.674e-9
-331.500, -3.671e-9
-332.000, -3.669e-9
-332.500, -3.666e-9
-333.000, -3.662e-9
-333.500, -3.658e-9
-334.000, -3.655e-9
-334.500, -3.652e-9
-335.000, -3.648e-9
-335.500, -3.644e-9
-336.000, -3.639e-9
-336.500, -3.635e-9
-337.000, -3.632e-9
-337.500, -3.627e-9
-338.000, -3.622e-9
-338.500, -3.617e-9
-339.000, -3.612e-9
-339.500, -3.607e-9
-340.000, -3.602e-9
-340.500, -3.598e-9
-341.000, -3.593e-9
-341.500, -3.589e-9
-342.000, -3.585e-9
-342.500, -3.580e-9
-343.000, -3.575e-9
-343.500, -3.569e-9
-344.000, -3.564e-9
-344.500, -3.560e-9
-345.000, -3.554e-9
-345.500, -3.549e-9
-346.000, -3.544e-9
-346.500, -3.540e-9
-347.000, -3.536e-9
-347.500, -3.532e-9
-348.000, -3.528e-9
-348.500, -3.524e-9
-349.000, -3.521e-9
-349.500, -3.517e-9
-350.000, -3.514e-9
-350.500, -3.510e-9
-351.000, -3.506e-9
-351.500, -3.503e-9
-352.000, -3.498e-9
-352.500, -3.495e-9
-353.000, -3.490e-9
-353.500, -3.485e-9
-354.000, -3.481e-9
-354.500, -3.476e-9
-355.000, -3.470e-9
-355.500, -3.463e-9
-356.000, -3.456e-9
-356.500, -3.449e-9
-357.000, -3.442e-9
-357.500, -3.434e-9
-358.000, -3.424e-9
-358.500, -3.412e-9
-359.000, -3.401e-9
-359.500, -3.389e-9
-360.000, -3.376e-9
-360.500, -3.361e-9
-361.000, -3.344e-9
-361.500, -3.329e-9
-362.000, -3.313e-9
-362.500, -3.294e-9
-363.000, -3.274e-9
-363.500, -3.253e-9
-364.000, -3.233e-9
-364.500, -3.212e-9
-365.000, -3.189e-9
-365.500, -3.164e-9
-366.000, -3.140e-9
-366.500, -3.118e-9
-367.000, -3.096e-9
-367.500, -3.072e-9
-368.000, -3.046e-9
-368.500, -3.020e-9
-369.000, -2.996e-9
-369.500, -2.972e-9
-370.000, -2.946e-9
-370.500, -2.917e-9
-371.000, -2.887e-9
-371.500, -2.859e-9
-372.000, -2.830e-9
-372.500, -2.797e-9
-373.000, -2.762e-9
-373.500, -2.729e-9
-374.000, -2.698e-9
-374.500, -2.667e-9
-375.000, -2.633e-9
-375.500, -2.600e-9
-376.000, -2.568e-9
-376.500, -2.540e-9
-377.000, -2.512e-9
-377.500, -2.482e-9
-378.000, -2.450e-9
-378.500, -2.418e-9
-379.000, -2.389e-9
-379.500, -2.362e-9
-380.000, -2.337e-9
-380.500, -2.312e-9
-381.000, -2.288e-9
-381.500, -2.266e-9
-382.000, -2.243e-9
-382.500, -2.219e-9
-383.000, -2.195e-9
-383.500, -2.171e-9
-384.000, -2.149e-9
-384.500, -2.128e-9
-385.000, -2.106e-9
-385.500, -2.084e-9
-386.000, -2.063e-9
-386.500, -2.044e-9
-387.000, -2.027e-9
-387.500, -2.008e-9
-388.000, -1.990e-9
-388.500, -1.973e-9
-389.000, -1.957e-9
-389.500, -1.942e-9
-390.000, -1.925e-9
-390.500, -1.910e-9
-391.000, -1.894e-9
-391.500, -1.881e-9
-392.000, -1.868e-9
-392.500, -1.854e-9
-393.000, -1.842e-9
-393.500, -1.829e-9
-394.000, -1.819e-9
-394.500, -1.808e-9
-395.000, -1.798e-9
-395.500, -1.788e-9
-396.000, -1.778e-9
-396.500, -1.769e-9
-397.000, -1.760e-9
-397.500, -1.751e-9
-398.000, -1.743e-9
-398.500, -1.735e-9
-399.000, -1.727e-9
-399.500, -1.720e-9
-400.000, -1.713e-9
-400.500, -1.706e-9
-401.000, -1.700e-9
-401.500, -1.694e-9
-402.000, -1.688e-9
-402.500, -1.682e-9
-403.000, -1.677e-9
-403.500, -1.671e-9
-404.000, -1.666e-9
-404.500, -1.660e-9
-405.000, -1.655e-9
-405.500, -1.649e-9
-406.000, -1.644e-9
-406.500, -1.639e-9
-407.000, -1.634e-9
-407.500, -1.629e-9
-408.000, -1.624e-9
-408.500, -1.620e-9
-409.000, -1.615e-9
-409.500, -1.611e-9
-410.000, -1.607e-9
-410.500, -1.602e-9
-411.000, -1.598e-9
-411.500, -1.594e-9
-412.000, -1.590e-9
-412.500, -1.586e-9
-413.000, -1.583e-9
-413.500, -1.579e-9
-414.000, -1.576e-9
-414.500, -1.572e-9
-415.000, -1.569e-9
-415.500, -1.566e-9
-416.000, -1.562e-9
-416.500, -1.559e-9
-417.000, -1.556e-9
-417.500, -1.553e-9
-418.000, -1.550e-9
-418.500, -1.546e-9
-419.000, -1.543e-9
-419.500, -1.541e-9
-420.000, -1.538e-9
-420.500, -1.535e-9
-421.000, -1.533e-9
-421.500, -1.530e-9
-422.000, -1.527e-9
-422.500, -1.525e-9
-423.000, -1.522e-9
-423.500, -1.519e-9
-424.000, -1.517e-9
-424.500, -1.515e-9
-425.000, -1.513e-9
-425.500, -1.510e-9
-426.000, -1.509e-9
-426.500, -1.506e-9
-427.000, -1.504e-9
-427.500, -1.502e-9
-428.000, -1.500e-9
-428.500, -1.498e-9
-429.000, -1.496e-9
-429.500, -1.493e-9
-430.000, -1.492e-9
-430.500, -1.490e-9
-431.000, -1.488e-9
-431.500, -1.486e-9
-432.000, -1.484e-9
-432.500, -1.483e-9
-433.000, -1.482e-9
-433.500, -1.479e-9
-434.000, -1.478e-9
-434.500, -1.476e-9
-435.000, -1.475e-9
-435.500, -1.474e-9
-436.000, -1.472e-9
-436.500, -1.471e-9
-437.000, -1.469e-9
-437.500, -1.468e-9
-438.000, -1.467e-9
-438.500, -1.466e-9
-439.000, -1.465e-9
-439.500, -1.464e-9
-440.000, -1.462e-9
-440.500, -1.461e-9
-441.000, -1.460e-9
-441.500, -1.458e-9
-442.000, -1.457e-9
-442.500, -1.456e-9
-443.000, -1.455e-9
-443.500, -1.454e-9
-444.000, -1.453e-9
-444.500, -1.452e-9
-445.000, -1.451e-9
-445.500, -1.451e-9
-446.000, -1.450e-9
-446.500, -1.449e-9
-447.000, -1.448e-9
-447.500, -1.448e-9
-448.000, -1.447e-9
-448.500, -1.446e-9
-449.000, -1.445e-9
-449.500, -1.444e-9
-450.000, -1.444e-9
-450.500, -1.443e-9
-451.000, -1.442e-9
-451.500, -1.442e-9
-452.000, -1.441e-9
-452.500, -1.441e-9
-453.000, -1.441e-9
-453.500, -1.440e-9
-454.000, -1.439e-9
-454.500, -1.438e-9
-455.000, -1.439e-9
-455.500, -1.438e-9
-456.000, -1.438e-9
-456.500, -1.438e-9
-457.000, -1.437e-9
-457.500, -1.437e-9
-458.000, -1.437e-9
-458.500, -1.437e-9
-459.000, -1.436e-9
-459.500, -1.435e-9
-460.000, -1.436e-9
-460.500, -1.435e-9
-461.000, -1.435e-9
-461.500, -1.435e-9
-462.000, -1.436e-9
-462.500, -1.436e-9
-463.000, -1.436e-9
-463.500, -1.436e-9
-464.000, -1.436e-9
-464.500, -1.436e-9
-465.000, -1.436e-9
-465.500, -1.437e-9
-466.000, -1.437e-9
-466.500, -1.436e-9
-467.000, -1.436e-9
-467.500, -1.436e-9
-468.000, -1.436e-9
-468.500, -1.436e-9
-469.000, -1.436e-9
-469.500, -1.435e-9
-470.000, -1.436e-9
-470.500, -1.437e-9
-471.000, -1.437e-9
-471.500, -1.438e-9
-472.000, -1.438e-9
-472.500, -1.439e-9
-473.000, -1.439e-9
-473.500, -1.439e-9
-474.000, -1.439e-9
-474.500, -1.439e-9
-475.000, -1.440e-9
-475.500, -1.441e-9
-476.000, -1.442e-9
-476.500, -1.443e-9
-477.000, -1.444e-9
-477.500, -1.445e-9
-478.000, -1.446e-9
-478.500, -1.446e-9
-479.000, -1.446e-9
-479.500, -1.447e-9
-480.000, -1.447e-9
-480.500, -1.448e-9
-481.000, -1.449e-9
-481.500, -1.450e-9
-482.000, -1.450e-9
-482.500, -1.451e-9
-483.000, -1.452e-9
-483.500, -1.453e-9
-484.000, -1.453e-9
-484.500, -1.454e-9
-485.000, -1.455e-9
-485.500, -1.455e-9
-486.000, -1.456e-9
-486.500, -1.457e-9
-487.000, -1.457e-9
-487.500, -1.458e-9
-488.000, -1.459e-9
-488.500, -1.460e-9
-489.000, -1.460e-9
-489.500, -1.461e-9
-490.000, -1.462e-9
-490.500, -1.462e-9
-491.000, -1.463e-9
-491.500, -1.463e-9
-492.000, -1.463e-9
-492.500, -1.464e-9
-493.000, -1.465e-9
-493.500, -1.466e-9
-494.000, -1.466e-9
-494.500, -1.466e-9
-495.000, -1.467e-9
-495.500, -1.467e-9
-496.000, -1.468e-9
-496.500, -1.467e-9
-497.000, -1.467e-9
-497.500, -1.467e-9
-498.000, -1.467e-9
-498.500, -1.467e-9
-499.000, -1.468e-9
-499.500, -1.468e-9
-500.000, -1.467e-9
-500.500, -1.468e-9
-501.000, -1.468e-9
-501.500, -1.468e-9
-502.000, -1.468e-9
-502.500, -1.468e-9
-503.000, -1.468e-9
-503.500, -1.467e-9
-504.000, -1.466e-9
-504.500, -1.466e-9
-505.000, -1.466e-9
-505.500, -1.465e-9
-506.000, -1.464e-9
-506.500, -1.463e-9
-507.000, -1.462e-9
-507.500, -1.462e-9
-508.000, -1.461e-9
-508.500, -1.460e-9
-509.000, -1.459e-9
-509.500, -1.459e-9
-510.000, -1.458e-9
-510.500, -1.457e-9
-511.000, -1.457e-9
-511.500, -1.455e-9
-512.000, -1.454e-9
-512.500, -1.453e-9
-513.000, -1.452e-9
-513.500, -1.451e-9
-514.000, -1.449e-9
-514.500, -1.448e-9
-515.000, -1.447e-9
-515.500, -1.446e-9
-516.000, -1.445e-9
-516.500, -1.442e-9
-517.000, -1.441e-9
-517.500, -1.440e-9
-518.000, -1.439e-9
-518.500, -1.437e-9
-519.000, -1.436e-9
-519.500, -1.434e-9
-520.000, -1.433e-9
-520.500, -1.431e-9
-521.000, -1.429e-9
-521.500, -1.428e-9
-522.000, -1.426e-9
-522.500, -1.425e-9
-523.000, -1.424e-9
-523.500, -1.423e-9
-524.000, -1.420e-9
-524.500, -1.418e-9
-525.000, -1.418e-9
-525.500, -1.417e-9
-526.000, -1.415e-9
-526.500, -1.412e-9
-527.000, -1.411e-9
-527.500, -1.410e-9
-528.000, -1.408e-9
-528.500, -1.406e-9
-529.000, -1.405e-9
-529.500, -1.403e-9
-530.000, -1.401e-9
-530.500, -1.400e-9
-531.000, -1.399e-9
-531.500, -1.397e-9
-532.000, -1.397e-9
-532.500, -1.395e-9
-533.000, -1.395e-9
-533.500, -1.393e-9
-534.000, -1.392e-9
-534.500, -1.392e-9
-535.000, -1.391e-9
-535.500, -1.391e-9
-536.000, -1.390e-9
-536.500, -1.388e-9
-537.000, -1.387e-9
-537.500, -1.387e-9
-538.000, -1.386e-9
-538.500, -1.384e-9
-539.000, -1.383e-9
-539.500, -1.381e-9
-540.000, -1.380e-9
-540.500, -1.380e-9
-541.000, -1.379e-9
-541.500, -1.377e-9
-542.000, -1.376e-9
-542.500, -1.376e-9
-543.000, -1.375e-9
-543.500, -1.374e-9
-544.000, -1.373e-9
-544.500, -1.373e-9
-545.000, -1.372e-9
-545.500, -1.372e-9
-546.000, -1.370e-9
-546.500, -1.369e-9
-547.000, -1.368e-9
-547.500, -1.369e-9
-548.000, -1.368e-9
-548.500, -1.367e-9
-549.000, -1.366e-9
-549.500, -1.365e-9
-550.000, -1.364e-9
-550.500, -1.363e-9
-551.000, -1.363e-9
-551.500, -1.361e-9
-552.000, -1.361e-9
-552.500, -1.360e-9
-553.000, -1.359e-9
-553.500, -1.359e-9
-554.000, -1.359e-9
-554.500, -1.357e-9
-555.000, -1.357e-9
-555.500, -1.357e-9
-556.000, -1.356e-9
-556.500, -1.354e-9
-557.000, -1.354e-9
-557.500, -1.354e-9
-558.000, -1.353e-9
-558.500, -1.353e-9
-559.000, -1.351e-9
-559.500, -1.350e-9
-560.000, -1.350e-9
-560.500, -1.349e-9
-561.000, -1.349e-9
-561.500, -1.347e-9
-562.000, -1.346e-9
-562.500, -1.346e-9
-563.000, -1.347e-9
-563.500, -1.345e-9
-564.000, -1.344e-9
-564.500, -1.342e-9
-565.000, -1.341e-9
-565.500, -1.341e-9
-566.000, -1.340e-9
-566.500, -1.338e-9
-567.000, -1.338e-9
-567.500, -1.337e-9
-568.000, -1.337e-9
-568.500, -1.336e-9
-569.000, -1.335e-9
-569.500, -1.334e-9
-570.000, -1.333e-9
-570.500, -1.334e-9
-571.000, -1.332e-9
-571.500, -1.332e-9
-572.000, -1.331e-9
-572.500, -1.330e-9
-573.000, -1.331e-9
-573.500, -1.330e-9
-574.000, -1.328e-9
-574.500, -1.328e-9
-575.000, -1.327e-9
-575.500, -1.326e-9
-576.000, -1.326e-9
-576.500, -1.325e-9
-577.000, -1.324e-9
-577.500, -1.324e-9
-578.000, -1.324e-9
-578.500, -1.323e-9
-579.000, -1.322e-9
-579.500, -1.322e-9
-580.000, -1.320e-9
-580.500, -1.321e-9
-581.000, -1.320e-9
-581.500, -1.318e-9
-582.000, -1.318e-9
-582.500, -1.318e-9
-583.000, -1.317e-9
-583.500, -1.317e-9
-584.000, -1.316e-9
-584.500, -1.315e-9
-585.000, -1.314e-9
-585.500, -1.314e-9
-586.000, -1.314e-9
-586.500, -1.313e-9
-587.000, -1.313e-9
-587.500, -1.313e-9
-588.000, -1.313e-9
-588.500, -1.312e-9
-589.000, -1.311e-9
-589.500, -1.311e-9
-590.000, -1.311e-9
-590.500, -1.310e-9
-591.000, -1.310e-9
-591.500, -1.309e-9
-592.000, -1.309e-9
-592.500, -1.309e-9
-593.000, -1.310e-9
-593.500, -1.309e-9
-594.000, -1.308e-9
-594.500, -1.308e-9
-595.000, -1.308e-9
-595.500, -1.309e-9
-596.000, -1.308e-9
-596.500, -1.307e-9
-597.000, -1.306e-9
-597.500, -1.306e-9
-598.000, -1.306e-9
-598.500, -1.306e-9
-599.000, -1.305e-9
-599.500, -1.305e-9
-600.000, -1.306e-9
-600.500, -1.307e-9
-601.000, -1.306e-9
-601.500, -1.306e-9
-602.000, -1.306e-9
-602.500, -1.308e-9
-603.000, -1.308e-9
-603.500, -1.308e-9
-604.000, -1.308e-9
-604.500, -1.308e-9
-605.000, -1.308e-9
-605.500, -1.309e-9
-606.000, -1.309e-9
-606.500, -1.309e-9
-607.000, -1.310e-9
-607.500, -1.310e-9
-608.000, -1.312e-9
-608.500, -1.312e-9
-609.000, -1.312e-9
-609.500, -1.312e-9
-610.000, -1.313e-9
-610.500, -1.314e-9
-611.000, -1.314e-9
-611.500, -1.314e-9
-612.000, -1.316e-9
-612.500, -1.317e-9
-613.000, -1.319e-9
-613.500, -1.320e-9
-614.000, -1.321e-9
-614.500, -1.321e-9
-615.000, -1.322e-9
-615.500, -1.325e-9
-616.000, -1.325e-9
-616.500, -1.326e-9
-617.000, -1.328e-9
-617.500, -1.329e-9
-618.000, -1.332e-9
-618.500, -1.332e-9
-619.000, -1.333e-9
-619.500, -1.335e-9
-620.000, -1.337e-9
-620.500, -1.338e-9
-621.000, -1.341e-9
-621.500, -1.342e-9
-622.000, -1.344e-9
-622.500, -1.347e-9
-623.000, -1.350e-9
-623.500, -1.353e-9
-624.000, -1.356e-9
-624.500, -1.359e-9
-625.000, -1.363e-9
-625.500, -1.368e-9
-626.000, -1.370e-9
-626.500, -1.373e-9
-627.000, -1.377e-9
-627.500, -1.380e-9
-628.000, -1.385e-9
-628.500, -1.388e-9
-629.000, -1.392e-9
-629.500, -1.395e-9
-630.000, -1.401e-9
-630.500, -1.406e-9
-631.000, -1.411e-9
-631.500, -1.416e-9
-632.000, -1.421e-9
-632.500, -1.427e-9
-633.000, -1.434e-9
-633.500, -1.440e-9
-634.000, -1.445e-9
-634.500, -1.450e-9
-635.000, -1.455e-9
-635.500, -1.461e-9
-636.000, -1.466e-9
-636.500, -1.469e-9
-637.000, -1.473e-9
-637.500, -1.478e-9
-638.000, -1.483e-9
-638.500, -1.487e-9
-639.000, -1.489e-9
-639.500, -1.492e-9
-640.000, -1.496e-9
-640.500, -1.501e-9
-641.000, -1.504e-9
-641.500, -1.506e-9
-642.000, -1.508e-9
-642.500, -1.512e-9
-643.000, -1.515e-9
-643.500, -1.517e-9
-644.000, -1.519e-9
-644.500, -1.521e-9
-645.000, -1.523e-9
-645.500, -1.523e-9
-646.000, -1.524e-9
-646.500, -1.525e-9
-647.000, -1.525e-9
-647.500, -1.526e-9
-648.000, -1.526e-9
-648.500, -1.525e-9
-649.000, -1.525e-9
-649.500, -1.524e-9
-650.000, -1.523e-9
-650.500, -1.522e-9
-651.000, -1.521e-9
-651.500, -1.518e-9
-652.000, -1.517e-9
-652.500, -1.515e-9
-653.000, -1.513e-9
-653.500, -1.510e-9
-654.000, -1.507e-9
-654.500, -1.504e-9
-655.000, -1.501e-9
-655.500, -1.497e-9
-656.000, -1.492e-9
-656.500, -1.489e-9
-657.000, -1.485e-9
-657.500, -1.482e-9
-658.000, -1.478e-9
-658.500, -1.473e-9
-659.000, -1.470e-9
-659.500, -1.466e-9
-660.000, -1.462e-9
-660.500, -1.458e-9
-661.000, -1.453e-9
-661.500, -1.449e-9
-662.000, -1.445e-9
-662.500, -1.442e-9
-663.000, -1.438e-9
-663.500, -1.433e-9
-664.000, -1.429e-9
-664.500, -1.425e-9
-665.000, -1.422e-9
-665.500, -1.418e-9
-666.000, -1.414e-9
-666.500, -1.410e-9
-667.000, -1.408e-9
-667.500, -1.404e-9
-668.000, -1.402e-9
-668.500, -1.398e-9
-669.000, -1.395e-9
-669.500, -1.393e-9
-670.000, -1.390e-9
-670.500, -1.387e-9
-671.000, -1.384e-9
-671.500, -1.381e-9
-672.000, -1.379e-9
-672.500, -1.377e-9
-673.000, -1.375e-9
-673.500, -1.372e-9
-674.000, -1.369e-9
-674.500, -1.367e-9
-675.000, -1.365e-9
-675.500, -1.362e-9
-676.000, -1.360e-9
-676.500, -1.357e-9
-677.000, -1.355e-9
-677.500, -1.354e-9
-678.000, -1.352e-9
-678.500, -1.349e-9
-679.000, -1.347e-9
-679.500, -1.346e-9
-680.000, -1.344e-9
-680.500, -1.343e-9
-681.000, -1.340e-9
-681.500, -1.338e-9
-682.000, -1.336e-9
-682.500, -1.335e-9
-683.000, -1.333e-9
-683.500, -1.331e-9
-684.000, -1.329e-9
-684.500, -1.327e-9
-685.000, -1.325e-9
-685.500, -1.324e-9
-686.000, -1.322e-9
-686.500, -1.319e-9
-687.000, -1.317e-9
-687.500, -1.314e-9
-688.000, -1.313e-9
-688.500, -1.311e-9
-689.000, -1.308e-9
-689.500, -1.306e-9
-690.000, -1.305e-9
-690.500, -1.302e-9
-691.000, -1.301e-9
-691.500, -1.298e-9
-692.000, -1.296e-9
-692.500, -1.295e-9
-693.000, -1.292e-9
-693.500, -1.290e-9
-694.000, -1.287e-9
-694.500, -1.285e-9
-695.000, -1.282e-9
-695.500, -1.280e-9
-696.000, -1.277e-9
-696.500, -1.274e-9
-697.000, -1.271e-9
-697.500, -1.270e-9
-698.000, -1.267e-9
-698.500, -1.264e-9
-699.000, -1.262e-9
-699.500, -1.259e-9
-700.000, -1.257e-9
-700.500, -1.253e-9
-701.000, -1.252e-9
-701.500, -1.249e-9
-702.000, -1.247e-9
-702.500, -1.245e-9
-703.000, -1.242e-9
-703.500, -1.239e-9
-704.000, -1.237e-9
-704.500, -1.235e-9
-705.000, -1.232e-9
-705.500, -1.231e-9
-706.000, -1.228e-9
-706.500, -1.227e-9
-707.000, -1.224e-9
-707.500, -1.223e-9
-708.000, -1.221e-9
-708.500, -1.219e-9
-709.000, -1.216e-9
-709.500, -1.215e-9
-710.000, -1.212e-9
-710.500, -1.211e-9
-711.000, -1.208e-9
-711.500, -1.207e-9
-712.000, -1.205e-9
-712.500, -1.203e-9
-713.000, -1.202e-9
-713.500, -1.199e-9
-714.000, -1.198e-9
-714.500, -1.196e-9
-715.000, -1.194e-9
-715.500, -1.193e-9
-716.000, -1.191e-9
-716.500, -1.189e-9
-717.000, -1.188e-9
-717.500, -1.186e-9
-718.000, -1.185e-9
-718.500, -1.183e-9
-719.000, -1.181e-9
-719.500, -1.179e-9
-720.000, -1.178e-9
-720.500, -1.177e-9
-721.000, -1.174e-9
-721.500, -1.174e-9
-722.000, -1.172e-9
-722.500, -1.170e-9
-723.000, -1.170e-9
-723.500, -1.167e-9
-724.000, -1.166e-9
-724.500, -1.165e-9
-725.000, -1.164e-9
-725.500, -1.162e-9
-726.000, -1.161e-9
-726.500, -1.159e-9
-727.000, -1.159e-9
-727.500, -1.157e-9
-728.000, -1.156e-9
-728.500, -1.155e-9
-729.000, -1.153e-9
-729.500, -1.152e-9
-730.000, -1.151e-9
-730.500, -1.150e-9
-731.000, -1.148e-9
-731.500, -1.147e-9
-732.000, -1.145e-9
-732.500, -1.144e-9
-733.000, -1.143e-9
-733.500, -1.142e-9
-734.000, -1.139e-9
-734.500, -1.139e-9
-735.000, -1.138e-9
-735.500, -1.136e-9
-736.000, -1.135e-9
-736.500, -1.134e-9
-737.000, -1.133e-9
-737.500, -1.132e-9
-738.000, -1.131e-9
-738.500, -1.129e-9
-739.000, -1.128e-9
-739.500, -1.128e-9
-740.000, -1.126e-9
-740.500, -1.126e-9
-741.000, -1.124e-9
-741.500, -1.123e-9
-742.000, -1.122e-9
-742.500, -1.122e-9
-743.000, -1.121e-9
-743.500, -1.120e-9
-744.000, -1.118e-9
-744.500, -1.117e-9
-745.000, -1.117e-9
-745.500, -1.115e-9
-746.000, -1.115e-9
-746.500, -1.113e-9
-747.000, -1.112e-9
-747.500, -1.111e-9
-748.000, -1.109e-9
-748.500, -1.108e-9
-749.000, -1.107e-9
-749.500, -1.106e-9
-750.000, -1.105e-9
-750.500, -1.105e-9
-751.000, -1.103e-9
-751.500, -1.102e-9
-752.000, -1.101e-9
-752.500, -1.101e-9
-753.000, -1.101e-9
-753.500, -1.099e-9
-754.000, -1.098e-9
-754.500, -1.097e-9
-755.000, -1.097e-9
-755.500, -1.096e-9
-756.000, -1.095e-9
-756.500, -1.093e-9
-757.000, -1.092e-9
-757.500, -1.092e-9
-758.000, -1.090e-9
-758.500, -1.089e-9
-759.000, -1.088e-9
-759.500, -1.088e-9
-760.000, -1.087e-9
-760.500, -1.086e-9
-761.000, -1.085e-9
-761.500, -1.084e-9
-762.000, -1.083e-9
-762.500, -1.082e-9
-763.000, -1.081e-9
-763.500, -1.080e-9
-764.000, -1.079e-9
-764.500, -1.078e-9
-765.000, -1.077e-9
-765.500, -1.077e-9
-766.000, -1.077e-9
-766.500, -1.074e-9
-767.000, -1.074e-9
-767.500, -1.074e-9
-768.000, -1.073e-9
-768.500, -1.072e-9
-769.000, -1.071e-9
-769.500, -1.071e-9
-770.000, -1.069e-9
-770.500, -1.070e-9
-771.000, -1.068e-9
-771.500, -1.067e-9
-772.000, -1.066e-9
-772.500, -1.067e-9
-773.000, -1.066e-9
-773.500, -1.064e-9
-774.000, -1.064e-9
-774.500, -1.063e-9
-775.000, -1.062e-9
-775.500, -1.062e-9
-776.000, -1.061e-9
-776.500, -1.060e-9
-777.000, -1.059e-9
-777.500, -1.058e-9
-778.000, -1.059e-9
-778.500, -1.057e-9
-779.000, -1.057e-9
-779.500, -1.057e-9
-780.000, -1.056e-9
-780.500, -1.056e-9
-781.000, -1.054e-9
-781.500, -1.054e-9
-782.000, -1.053e-9
-782.500, -1.053e-9
-783.000, -1.052e-9
-783.500, -1.053e-9
-784.000, -1.050e-9
-784.500, -1.051e-9
-785.000, -1.050e-9
-785.500, -1.050e-9
-786.000, -1.049e-9
-786.500, -1.049e-9
-787.000, -1.047e-9
-787.500, -1.048e-9
-788.000, -1.049e-9
-788.500, -1.047e-9
-789.000, -1.047e-9
-789.500, -1.047e-9
-790.000, -1.047e-9
-790.500, -1.047e-9
-791.000, -1.046e-9
-791.500, -1.045e-9
-792.000, -1.045e-9
-792.500, -1.045e-9
-793.000, -1.045e-9
-793.500, -1.045e-9
-794.000, -1.043e-9
-794.500, -1.043e-9
-795.000, -1.042e-9
-795.500, -1.043e-9
-796.000, -1.042e-9
-796.500, -1.040e-9
-797.000, -1.040e-9
-797.500, -1.040e-9
-798.000, -1.039e-9
-798.500, -1.039e-9
-799.000, -1.037e-9
-799.500, -1.036e-9
-800.000, -1.037e-9
-800.500, -1.035e-9
-801.000, -1.034e-9
-801.500, -1.034e-9
-802.000, -1.032e-9
-802.500, -1.032e-9
-803.000, -1.033e-9
-803.500, -1.032e-9
-804.000, -1.029e-9
-804.500, -1.030e-9
-805.000, -1.028e-9
-805.500, -1.029e-9
-806.000, -1.028e-9
-806.500, -1.026e-9
-807.000, -1.026e-9
-807.500, -1.025e-9
-808.000, -1.024e-9
-808.500, -1.023e-9
-809.000, -1.022e-9
-809.500, -1.020e-9
-810.000, -1.021e-9
-810.500, -1.020e-9
-811.000, -1.019e-9
-811.500, -1.017e-9
-812.000, -1.016e-9
-812.500, -1.016e-9
-813.000, -1.015e-9
-813.500, -1.015e-9
-814.000, -1.013e-9
-814.500, -1.012e-9
-815.000, -1.013e-9
-815.500, -1.013e-9
-816.000, -1.010e-9
-816.500, -1.009e-9
-817.000, -1.009e-9
-817.500, -1.008e-9
-818.000, -1.009e-9
-818.500, -1.007e-9
-819.000, -1.006e-9
-819.500, -1.006e-9
-820.000, -1.005e-9
-820.500, -1.004e-9
-821.000, -1.004e-9
-821.500, -1.002e-9
-822.000, -1.002e-9
-822.500, -1.001e-9
-823.000, -1.002e-9
-823.500, -9.990e-10
-824.000, -9.987e-10
-824.500, -9.978e-10
-825.000, -9.975e-10
-825.500, -9.970e-10
-826.000, -9.958e-10
-826.500, -9.946e-10
-827.000, -9.952e-10
-827.500, -9.930e-10
-828.000, -9.929e-10
-828.500, -9.922e-10
-829.000, -9.913e-10
-829.500, -9.901e-10
-830.000, -9.898e-10
-830.500, -9.899e-10
-831.000, -9.889e-10
-831.500, -9.880e-10
-832.000, -9.871e-10
-832.500, -9.873e-10
-833.000, -9.860e-10
-833.500, -9.863e-10
-834.000, -9.838e-10
-834.500, -9.848e-10
-835.000, -9.837e-10
-835.500, -9.831e-10
-836.000, -9.824e-10
-836.500, -9.812e-10
-837.000, -9.811e-10
-837.500, -9.805e-10
-838.000, -9.810e-10
-838.500, -9.794e-10
-839.000, -9.788e-10
-839.500, -9.786e-10
-840.000, -9.779e-10
-840.500, -9.774e-10
-841.000, -9.781e-10
-841.500, -9.758e-10
-842.000, -9.757e-10
-842.500, -9.760e-10
-843.000, -9.759e-10
-843.500, -9.751e-10
-844.000, -9.746e-10
-844.500, -9.741e-10
-845.000, -9.739e-10
-845.500, -9.742e-10
-846.000, -9.737e-10
-846.500, -9.729e-10
-847.000, -9.722e-10
-847.500, -9.723e-10
-848.000, -9.716e-10
-848.500, -9.711e-10
-849.000, -9.700e-10
-849.500, -9.695e-10
-850.000, -9.705e-10
-850.500, -9.686e-10
-851.000, -9.681e-10
-851.500, -9.672e-10
-852.000, -9.673e-10
-852.500, -9.668e-10
-853.000, -9.669e-10
-853.500, -9.665e-10
-854.000, -9.653e-10
-854.500, -9.656e-10
-855.000, -9.653e-10
-855.500, -9.664e-10
-856.000, -9.663e-10
-856.500, -9.661e-10
-857.000, -9.654e-10
-857.500, -9.653e-10
-858.000, -9.654e-10
-858.500, -9.646e-10
-859.000, -9.654e-10
-859.500, -9.648e-10
-860.000, -9.645e-10
-860.500, -9.652e-10
-861.000, -9.636e-10
-861.500, -9.640e-10
-862.000, -9.640e-10
-862.500, -9.643e-10
-863.000, -9.634e-10
-863.500, -9.628e-10
-864.000, -9.625e-10
-864.500, -9.621e-10
-865.000, -9.632e-10
-865.500, -9.635e-10
-866.000, -9.632e-10
-866.500, -9.626e-10
-867.000, -9.627e-10
-867.500, -9.626e-10
-868.000, -9.640e-10
-868.500, -9.639e-10
-869.000, -9.636e-10
-869.500, -9.642e-10
-870.000, -9.633e-10
-870.500, -9.638e-10
-871.000, -9.639e-10
-871.500, -9.645e-10
-872.000, -9.643e-10
-872.500, -9.646e-10
-873.000, -9.651e-10
-873.500, -9.645e-10
-874.000, -9.648e-10
-874.500, -9.642e-10
-875.000, -9.650e-10
-875.500, -9.661e-10
-876.000, -9.649e-10
-876.500, -9.653e-10
-877.000, -9.651e-10
-877.500, -9.650e-10
-878.000, -9.655e-10
-878.500, -9.652e-10
-879.000, -9.646e-10
-879.500, -9.654e-10
-880.000, -9.643e-10
-880.500, -9.648e-10
-881.000, -9.649e-10
-881.500, -9.645e-10
-882.000, -9.635e-10
-882.500, -9.643e-10
-883.000, -9.638e-10
-883.500, -9.629e-10
-884.000, -9.637e-10
-884.500, -9.631e-10
-885.000, -9.633e-10
-885.500, -9.633e-10
-886.000, -9.615e-10
-886.500, -9.612e-10
-887.000, -9.620e-10
-887.500, -9.610e-10
-888.000, -9.605e-10
-888.500, -9.612e-10
-889.000, -9.590e-10
-889.500, -9.593e-10
-890.000, -9.586e-10
-890.500, -9.581e-10
-891.000, -9.580e-10
-891.500, -9.567e-10
-892.000, -9.558e-10
-892.500, -9.554e-10
-893.000, -9.554e-10
-893.500, -9.534e-10
-894.000, -9.534e-10
-894.500, -9.526e-10
-895.000, -9.524e-10
-895.500, -9.505e-10
-896.000, -9.502e-10
-896.500, -9.494e-10
-897.000, -9.485e-10
-897.500, -9.484e-10
-898.000, -9.466e-10
-898.500, -9.469e-10
-899.000, -9.454e-10
-899.500, -9.439e-10
-900.000, -9.429e-10
-900.500, -9.429e-10
-901.000, -9.415e-10
-901.500, -9.403e-10
-902.000, -9.413e-10
-902.500, -9.395e-10
-903.000, -9.396e-10
-903.500, -9.382e-10
-904.000, -9.384e-10
-904.500, -9.371e-10
-905.000, -9.360e-10
-905.500, -9.360e-10
-906.000, -9.342e-10
-906.500, -9.327e-10
-907.000, -9.321e-10
-907.500, -9.308e-10
-908.000, -9.310e-10
-908.500, -9.288e-10
-909.000, -9.273e-10
-909.500, -9.257e-10
-910.000, -9.250e-10
-910.500, -9.238e-10
-911.000, -9.232e-10
-911.500, -9.221e-10
-912.000, -9.199e-10
-912.500, -9.200e-10
-913.000, -9.181e-10
-913.500, -9.165e-10
-914.000, -9.157e-10
-914.500, -9.150e-10
-915.000, -9.137e-10
-915.500, -9.124e-10
-916.000, -9.115e-10
-916.500, -9.103e-10
-917.000, -9.099e-10
-917.500, -9.090e-10
-918.000, -9.080e-10
-918.500, -9.072e-10
-919.000, -9.062e-10
-919.500, -9.055e-10
-920.000, -9.051e-10
-920.500, -9.039e-10
-921.000, -9.031e-10
-921.500, -9.016e-10
-922.000, -9.013e-10
-922.500, -9.004e-10
-923.000, -8.996e-10
-923.500, -8.984e-10
-924.000, -8.961e-10
-924.500, -8.969e-10
-925.000, -8.952e-10
-925.500, -8.939e-10
-926.000, -8.940e-10
-926.500, -8.917e-10
-927.000, -8.914e-10
-927.500, -8.907e-10
-928.000, -8.907e-10
-928.500, -8.894e-10
-929.000, -8.881e-10
-929.500, -8.873e-10
-930.000, -8.866e-10
-930.500, -8.862e-10
-931.000, -8.854e-10
-931.500, -8.841e-10
-932.000, -8.831e-10
-932.500, -8.827e-10
-933.000, -8.828e-10
-933.500, -8.814e-10
-934.000, -8.815e-10
-934.500, -8.817e-10
-935.000, -8.812e-10
-935.500, -8.807e-10
-936.000, -8.804e-10
-936.500, -8.779e-10
-937.000, -8.774e-10
-937.500, -8.780e-10
-938.000, -8.766e-10
-938.500, -8.765e-10
-939.000, -8.762e-10
-939.500, -8.756e-10
-940.000, -8.755e-10
-940.500, -8.743e-10
-941.000, -8.747e-10
-941.500, -8.734e-10
-942.000, -8.731e-10
-942.500, -8.711e-10
-943.000, -8.714e-10
-943.500, -8.708e-10
-944.000, -8.682e-10
-944.500, -8.710e-10
-945.000, -8.683e-10
-945.500, -8.684e-10
-946.000, -8.673e-10
-946.500, -8.678e-10
-947.000, -8.663e-10
-947.500, -8.651e-10
-948.000, -8.658e-10
-948.500, -8.641e-10
-949.000, -8.632e-10
-949.500, -8.624e-10
-950.000, -8.620e-10
-950.500, -8.614e-10
-951.000, -8.609e-10
-951.500, -8.595e-10
-952.000, -8.598e-10
-952.500, -8.595e-10
-953.000, -8.569e-10
-953.500, -8.565e-10
-954.000, -8.565e-10
-954.500, -8.545e-10
-955.000, -8.541e-10
-955.500, -8.536e-10
-956.000, -8.537e-10
-956.500, -8.517e-10
-957.000, -8.518e-10
-957.500, -8.498e-10
-958.000, -8.501e-10
-958.500, -8.484e-10
-959.000, -8.467e-10
-959.500, -8.469e-10
-960.000, -8.450e-10
-960.500, -8.449e-10
-961.000, -8.429e-10
-961.500, -8.448e-10
-962.000, -8.415e-10
-962.500, -8.423e-10
-963.000, -8.399e-10
-963.500, -8.389e-10
-964.000, -8.377e-10
-964.500, -8.378e-10
-965.000, -8.353e-10
-965.500, -8.356e-10
-966.000, -8.344e-10
-966.500, -8.336e-10
-967.000, -8.310e-10
-967.500, -8.307e-10
-968.000, -8.301e-10
-968.500, -8.278e-10
-969.000, -8.263e-10
-969.500, -8.260e-10
-970.000, -8.249e-10
-970.500, -8.230e-10
-971.000, -8.227e-10
-971.500, -8.205e-10
-972.000, -8.218e-10
-972.500, -8.188e-10
-973.000, -8.191e-10
-973.500, -8.170e-10
-974.000, -8.158e-10
-974.500, -8.147e-10
-975.000, -8.144e-10
-975.500, -8.130e-10
-976.000, -8.124e-10
-976.500, -8.113e-10
-977.000, -8.091e-10
-977.500, -8.087e-10
-978.000, -8.074e-10
-978.500, -8.063e-10
-979.000, -8.067e-10
-979.500, -8.052e-10
-980.000, -8.025e-10
-980.500, -8.028e-10
-981.000, -8.007e-10
-981.500, -8.001e-10
-982.000, -8.004e-10
-982.500, -7.979e-10
-983.000, -7.962e-10
-983.500, -7.962e-10
-984.000, -7.942e-10
-984.500, -7.926e-10
-985.000, -7.937e-10
-985.500, -7.910e-10
-986.000, -7.908e-10
-986.500, -7.891e-10
-987.000, -7.876e-10
-987.500, -7.858e-10
-988.000, -7.878e-10
-988.500, -7.841e-10
-989.000, -7.848e-10
-989.500, -7.836e-10
-990.000, -7.825e-10
-990.500, -7.807e-10
-991.000, -7.808e-10
-991.500, -7.795e-10
-992.000, -7.790e-10
-992.500, -7.799e-10
-993.000, -7.758e-10
-993.500, -7.769e-10
-994.000, -7.759e-10
-994.500, -7.761e-10
-995.000, -7.740e-10
-995.500, -7.748e-10
-996.000, -7.737e-10
-996.500, -7.724e-10
-997.000, -7.722e-10
-997.500, -7.704e-10
-998.000, -7.701e-10
-998.500, -7.697e-10
-999.000, -7.689e-10
-999.500, -7.681e-10
-1000.000, -7.682e-10
