Distance/um, Current/A

0.500, -1.682e-9
1.000, -1.681e-9
1.500, -1.681e-9
2.000, -1.679e-9
2.500, -1.681e-9
3.000, -1.682e-9
3.500, -1.681e-9
4.000, -1.682e-9
4.500, -1.684e-9
5.000, -1.684e-9
5.500, -1.684e-9
6.000, -1.684e-9
6.500, -1.684e-9
7.000, -1.685e-9
7.500, -1.686e-9
8.000, -1.683e-9
8.500, -1.683e-9
9.000, -1.681e-9
9.500, -1.680e-9
10.000, -1.679e-9
10.500, -1.674e-9
11.000, -1.673e-9
11.500, -1.673e-9
12.000, -1.669e-9
12.500, -1.670e-9
13.000, -1.666e-9
13.500, -1.665e-9
14.000, -1.666e-9
14.500, -1.661e-9
15.000, -1.662e-9
15.500, -1.658e-9
16.000, -1.653e-9
16.500, -1.654e-9
17.000, -1.650e-9
17.500, -1.649e-9
18.000, -1.648e-9
18.500, -1.647e-9
19.000, -1.644e-9
19.500, -1.647e-9
20.000, -1.644e-9
20.500, -1.643e-9
21.000, -1.640e-9
21.500, -1.638e-9
22.000, -1.637e-9
22.500, -1.634e-9
23.000, -1.630e-9
23.500, -1.628e-9
24.000, -1.628e-9
24.500, -1.627e-9
25.000, -1.624e-9
25.500, -1.624e-9
26.000, -1.622e-9
26.500, -1.621e-9
27.000, -1.621e-9
27.500, -1.618e-9
28.000, -1.617e-9
28.500, -1.616e-9
29.000, -1.615e-9
29.500, -1.614e-9
30.000, -1.613e-9
30.500, -1.611e-9
31.000, -1.611e-9
31.500, -1.609e-9
32.000, -1.611e-9
32.500, -1.609e-9
33.000, -1.608e-9
33.500, -1.607e-9
34.000, -1.607e-9
34.500, -1.606e-9
35.000, -1.607e-9
35.500, -1.605e-9
36.000, -1.605e-9
36.500, -1.602e-9
37.000, -1.599e-9
37.500, -1.591e-9
38.000, -1.590e-9
38.500, -1.601e-9
39.000, -1.608e-9
39.500, -1.616e-9
40.000, -1.621e-9
40.500, -1.621e-9
41.000, -1.620e-9
41.500, -1.621e-9
42.000, -1.622e-9
42.500, -1.619e-9
43.000, -1.616e-9
43.500, -1.612e-9
44.000, -1.608e-9
44.500, -1.608e-9
45.000, -1.608e-9
45.500, -1.610e-9
46.000, -1.612e-9
46.500, -1.613e-9
47.000, -1.613e-9
47.500, -1.615e-9
48.000, -1.615e-9
48.500, -1.615e-9
49.000, -1.614e-9
49.500, -1.616e-9
50.000, -1.617e-9
50.500, -1.617e-9
51.000, -1.615e-9
51.500, -1.617e-9
52.000, -1.617e-9
52.500, -1.618e-9
53.000, -1.618e-9
53.500, -1.617e-9
54.000, -1.619e-9
54.500, -1.621e-9
55.000, -1.621e-9
55.500, -1.623e-9
56.000, -1.621e-9
56.500, -1.623e-9
57.000, -1.626e-9
57.500, -1.624e-9
58.000, -1.625e-9
58.500, -1.625e-9
59.000, -1.626e-9
59.500, -1.628e-9
60.000, -1.629e-9
60.500, -1.629e-9
61.000, -1.631e-9
61.500, -1.632e-9
62.000, -1.633e-9
62.500, -1.634e-9
63.000, -1.635e-9
63.500, -1.636e-9
64.000, -1.636e-9
64.500, -1.638e-9
65.000, -1.639e-9
65.500, -1.639e-9
66.000, -1.638e-9
66.500, -1.640e-9
67.000, -1.641e-9
67.500, -1.642e-9
68.000, -1.642e-9
68.500, -1.643e-9
69.000, -1.644e-9
69.500, -1.645e-9
70.000, -1.646e-9
70.500, -1.646e-9
71.000, -1.647e-9
71.500, -1.647e-9
72.000, -1.648e-9
72.500, -1.647e-9
73.000, -1.646e-9
73.500, -1.644e-9
74.000, -1.642e-9
74.500, -1.641e-9
75.000, -1.639e-9
75.500, -1.639e-9
76.000, -1.635e-9
76.500, -1.637e-9
77.000, -1.634e-9
77.500, -1.633e-9
78.000, -1.633e-9
78.500, -1.632e-9
79.000, -1.631e-9
79.500, -1.631e-9
80.000, -1.631e-9
80.500, -1.629e-9
81.000, -1.632e-9
81.500, -1.631e-9
82.000, -1.633e-9
82.500, -1.633e-9
83.000, -1.634e-9
83.500, -1.636e-9
84.000, -1.637e-9
84.500, -1.637e-9
85.000, -1.640e-9
85.500, -1.640e-9
86.000, -1.640e-9
86.500, -1.643e-9
87.000, -1.643e-9
87.500, -1.645e-9
88.000, -1.646e-9
88.500, -1.647e-9
89.000, -1.649e-9
89.500, -1.650e-9
90.000, -1.650e-9
90.500, -1.652e-9
91.000, -1.654e-9
91.500, -1.655e-9
92.000, -1.658e-9
92.500, -1.661e-9
93.000, -1.661e-9
93.500, -1.663e-9
94.000, -1.664e-9
94.500, -1.667e-9
95.000, -1.668e-9
95.500, -1.668e-9
96.000, -1.669e-9
96.500, -1.671e-9
97.000, -1.674e-9
97.500, -1.675e-9
98.000, -1.676e-9
98.500, -1.676e-9
99.000, -1.678e-9
99.500, -1.680e-9
100.000, -1.679e-9
100.500, -1.680e-9
101.000, -1.680e-9
101.500, -1.681e-9
102.000, -1.682e-9
102.500, -1.683e-9
103.000, -1.683e-9
103.500, -1.683e-9
104.000, -1.685e-9
104.500, -1.686e-9
105.000, -1.687e-9
105.500, -1.686e-9
106.000, -1.687e-9
106.500, -1.687e-9
107.000, -1.690e-9
107.500, -1.690e-9
108.000, -1.692e-9
108.500, -1.691e-9
109.000, -1.693e-9
109.500, -1.695e-9
110.000, -1.695e-9
110.500, -1.697e-9
111.000, -1.697e-9
111.500, -1.698e-9
112.000, -1.701e-9
112.500, -1.700e-9
113.000, -1.702e-9
113.500, -1.702e-9
114.000, -1.703e-9
114.500, -1.704e-9
115.000, -1.706e-9
115.500, -1.704e-9
116.000, -1.706e-9
116.500, -1.707e-9
117.000, -1.708e-9
117.500, -1.711e-9
118.000, -1.709e-9
118.500, -1.710e-9
119.000, -1.710e-9
119.500, -1.711e-9
120.000, -1.711e-9
120.500, -1.712e-9
121.000, -1.712e-9
121.500, -1.712e-9
122.000, -1.714e-9
122.500, -1.714e-9
123.000, -1.714e-9
123.500, -1.713e-9
124.000, -1.714e-9
124.500, -1.715e-9
125.000, -1.714e-9
125.500, -1.714e-9
126.000, -1.713e-9
126.500, -1.714e-9
127.000, -1.714e-9
127.500, -1.714e-9
128.000, -1.713e-9
128.500, -1.712e-9
129.000, -1.711e-9
129.500, -1.713e-9
130.000, -1.713e-9
130.500, -1.712e-9
131.000, -1.713e-9
131.500, -1.711e-9
132.000, -1.713e-9
132.500, -1.712e-9
133.000, -1.710e-9
133.500, -1.711e-9
134.000, -1.709e-9
134.500, -1.709e-9
135.000, -1.709e-9
135.500, -1.706e-9
136.000, -1.707e-9
136.500, -1.708e-9
137.000, -1.706e-9
137.500, -1.708e-9
138.000, -1.706e-9
138.500, -1.705e-9
139.000, -1.708e-9
139.500, -1.707e-9
140.000, -1.708e-9
140.500, -1.707e-9
141.000, -1.705e-9
141.500, -1.706e-9
142.000, -1.706e-9
142.500, -1.706e-9
143.000, -1.705e-9
143.500, -1.705e-9
144.000, -1.706e-9
144.500, -1.706e-9
145.000, -1.705e-9
145.500, -1.704e-9
146.000, -1.704e-9
146.500, -1.703e-9
147.000, -1.704e-9
147.500, -1.703e-9
148.000, -1.702e-9
148.500, -1.702e-9
149.000, -1.701e-9
149.500, -1.702e-9
150.000, -1.702e-9
150.500, -1.701e-9
151.000, -1.700e-9
151.500, -1.701e-9
152.000, -1.699e-9
152.500, -1.701e-9
153.000, -1.700e-9
153.500, -1.699e-9
154.000, -1.699e-9
154.500, -1.698e-9
155.000, -1.700e-9
155.500, -1.699e-9
156.000, -1.698e-9
156.500, -1.698e-9
157.000, -1.699e-9
157.500, -1.698e-9
158.000, -1.698e-9
158.500, -1.697e-9
159.000, -1.698e-9
159.500, -1.698e-9
160.000, -1.698e-9
160.500, -1.698e-9
161.000, -1.697e-9
161.500, -1.697e-9
162.000, -1.699e-9
162.500, -1.696e-9
163.000, -1.697e-9
163.500, -1.697e-9
164.000, -1.696e-9
164.500, -1.697e-9
165.000, -1.697e-9
165.500, -1.696e-9
166.000, -1.697e-9
166.500, -1.697e-9
167.000, -1.698e-9
167.500, -1.699e-9
168.000, -1.697e-9
168.500, -1.698e-9
169.000, -1.698e-9
169.500, -1.698e-9
170.000, -1.699e-9
170.500, -1.698e-9
171.000, -1.699e-9
171.500, -1.700e-9
172.000, -1.700e-9
172.500, -1.702e-9
173.000, -1.703e-9
173.500, -1.700e-9
174.000, -1.703e-9
174.500, -1.703e-9
175.000, -1.702e-9
175.500, -1.704e-9
176.000, -1.703e-9
176.500, -1.704e-9
177.000, -1.706e-9
177.500, -1.704e-9
178.000, -1.706e-9
178.500, -1.706e-9
179.000, -1.707e-9
179.500, -1.710e-9
180.000, -1.709e-9
180.500, -1.709e-9
181.000, -1.712e-9
181.500, -1.710e-9
182.000, -1.714e-9
182.500, -1.714e-9
183.000, -1.714e-9
183.500, -1.715e-9
184.000, -1.715e-9
184.500, -1.717e-9
185.000, -1.719e-9
185.500, -1.718e-9
186.000, -1.720e-9
186.500, -1.721e-9
187.000, -1.721e-9
187.500, -1.724e-9
188.000, -1.724e-9
188.500, -1.725e-9
189.000, -1.725e-9
189.500, -1.727e-9
190.000, -1.730e-9
190.500, -1.729e-9
191.000, -1.730e-9
191.500, -1.733e-9
192.000, -1.733e-9
192.500, -1.736e-9
193.000, -1.737e-9
193.500, -1.737e-9
194.000, -1.739e-9
194.500, -1.741e-9
195.000, -1.742e-9
195.500, -1.743e-9
196.000, -1.744e-9
196.500, -1.745e-9
197.000, -1.748e-9
197.500, -1.749e-9
198.000, -1.750e-9
198.500, -1.751e-9
199.000, -1.753e-9
199.500, -1.756e-9
200.000, -1.756e-9
200.500, -1.758e-9
201.000, -1.759e-9
201.500, -1.760e-9
202.000, -1.762e-9
202.500, -1.764e-9
203.000, -1.765e-9
203.500, -1.766e-9
204.000, -1.767e-9
204.500, -1.770e-9
205.000, -1.770e-9
205.500, -1.772e-9
206.000, -1.773e-9
206.500, -1.774e-9
207.000, -1.777e-9
207.500, -1.777e-9
208.000, -1.779e-9
208.500, -1.779e-9
209.000, -1.781e-9
209.500, -1.783e-9
210.000, -1.783e-9
210.500, -1.783e-9
211.000, -1.785e-9
211.500, -1.786e-9
212.000, -1.789e-9
212.500, -1.791e-9
213.000, -1.792e-9
213.500, -1.793e-9
214.000, -1.793e-9
214.500, -1.796e-9
215.000, -1.797e-9
215.500, -1.798e-9
216.000, -1.798e-9
216.500, -1.798e-9
217.000, -1.801e-9
217.500, -1.802e-9
218.000, -1.803e-9
218.500, -1.804e-9
219.000, -1.804e-9
219.500, -1.806e-9
220.000, -1.808e-9
220.500, -1.807e-9
221.000, -1.809e-9
221.500, -1.810e-9
222.000, -1.810e-9
222.500, -1.812e-9
223.000, -1.813e-9
223.500, -1.814e-9
224.000, -1.816e-9
224.500, -1.818e-9
225.000, -1.819e-9
225.500, -1.819e-9
226.000, -1.820e-9
226.500, -1.821e-9
227.000, -1.825e-9
227.500, -1.825e-9
228.000, -1.824e-9
228.500, -1.826e-9
229.000, -1.826e-9
229.500, -1.828e-9
230.000, -1.828e-9
230.500, -1.828e-9
231.000, -1.829e-9
231.500, -1.830e-9
232.000, -1.833e-9
232.500, -1.835e-9
233.000, -1.834e-9
233.500, -1.835e-9
234.000, -1.837e-9
234.500, -1.838e-9
235.000, -1.840e-9
235.500, -1.841e-9
236.000, -1.842e-9
236.500, -1.844e-9
237.000, -1.848e-9
237.500, -1.849e-9
238.000, -1.849e-9
238.500, -1.849e-9
239.000, -1.850e-9
239.500, -1.850e-9
240.000, -1.852e-9
240.500, -1.851e-9
241.000, -1.853e-9
241.500, -1.856e-9
242.000, -1.857e-9
242.500, -1.859e-9
243.000, -1.861e-9
243.500, -1.860e-9
244.000, -1.861e-9
244.500, -1.863e-9
245.000, -1.863e-9
245.500, -1.863e-9
246.000, -1.864e-9
246.500, -1.864e-9
247.000, -1.867e-9
247.500, -1.868e-9
248.000, -1.868e-9
248.500, -1.868e-9
249.000, -1.869e-9
249.500, -1.869e-9
250.000, -1.871e-9
250.500, -1.871e-9
251.000, -1.871e-9
251.500, -1.872e-9
252.000, -1.873e-9
252.500, -1.874e-9
253.000, -1.875e-9
253.500, -1.875e-9
254.000, -1.874e-9
254.500, -1.875e-9
255.000, -1.875e-9
255.500, -1.875e-9
256.000, -1.876e-9
256.500, -1.876e-9
257.000, -1.877e-9
257.500, -1.876e-9
258.000, -1.877e-9
258.500, -1.878e-9
259.000, -1.877e-9
259.500, -1.879e-9
260.000, -1.880e-9
260.500, -1.881e-9
261.000, -1.880e-9
261.500, -1.882e-9
262.000, -1.881e-9
262.500, -1.882e-9
263.000, -1.882e-9
263.500, -1.883e-9
264.000, -1.884e-9
264.500, -1.884e-9
265.000, -1.884e-9
265.500, -1.883e-9
266.000, -1.883e-9
266.500, -1.882e-9
267.000, -1.883e-9
267.500, -1.884e-9
268.000, -1.884e-9
268.500, -1.884e-9
269.000, -1.885e-9
269.500, -1.888e-9
270.000, -1.889e-9
270.500, -1.890e-9
271.000, -1.888e-9
271.500, -1.889e-9
272.000, -1.890e-9
272.500, -1.889e-9
273.000, -1.889e-9
273.500, -1.890e-9
274.000, -1.890e-9
274.500, -1.892e-9
275.000, -1.894e-9
275.500, -1.894e-9
276.000, -1.894e-9
276.500, -1.896e-9
277.000, -1.898e-9
277.500, -1.900e-9
278.000, -1.899e-9
278.500, -1.901e-9
279.000, -1.901e-9
279.500, -1.906e-9
280.000, -1.907e-9
280.500, -1.907e-9
281.000, -1.908e-9
281.500, -1.908e-9
282.000, -1.912e-9
282.500, -1.913e-9
283.000, -1.913e-9
283.500, -1.915e-9
284.000, -1.917e-9
284.500, -1.917e-9
285.000, -1.920e-9
285.500, -1.918e-9
286.000, -1.919e-9
286.500, -1.922e-9
287.000, -1.922e-9
287.500, -1.925e-9
288.000, -1.926e-9
288.500, -1.925e-9
289.000, -1.929e-9
289.500, -1.930e-9
290.000, -1.933e-9
290.500, -1.935e-9
291.000, -1.934e-9
291.500, -1.938e-9
292.000, -1.941e-9
292.500, -1.941e-9
293.000, -1.941e-9
293.500, -1.941e-9
294.000, -1.942e-9
294.500, -1.946e-9
295.000, -1.945e-9
295.500, -1.945e-9
296.000, -1.945e-9
296.500, -1.945e-9
297.000, -1.947e-9
297.500, -1.949e-9
298.000, -1.949e-9
298.500, -1.949e-9
299.000, -1.950e-9
299.500, -1.952e-9
300.000, -1.954e-9
300.500, -1.952e-9
301.000, -1.954e-9
301.500, -1.955e-9
302.000, -1.957e-9
302.500, -1.957e-9
303.000, -1.956e-9
303.500, -1.956e-9
304.000, -1.958e-9
304.500, -1.960e-9
305.000, -1.959e-9
305.500, -1.959e-9
306.000, -1.957e-9
306.500, -1.958e-9
307.000, -1.959e-9
307.500, -1.958e-9
308.000, -1.955e-9
308.500, -1.955e-9
309.000, -1.954e-9
309.500, -1.954e-9
310.000, -1.953e-9
310.500, -1.952e-9
311.000, -1.949e-9
311.500, -1.948e-9
312.000, -1.950e-9
312.500, -1.948e-9
313.000, -1.943e-9
313.500, -1.943e-9
314.000, -1.940e-9
314.500, -1.942e-9
315.000, -1.939e-9
315.500, -1.935e-9
316.000, -1.935e-9
316.500, -1.933e-9
317.000, -1.932e-9
317.500, -1.931e-9
318.000, -1.929e-9
318.500, -1.926e-9
319.000, -1.926e-9
319.500, -1.925e-9
320.000, -1.924e-9
320.500, -1.920e-9
321.000, -1.918e-9
321.500, -1.917e-9
322.000, -1.915e-9
322.500, -1.914e-9
323.000, -1.912e-9
323.500, -1.910e-9
324.000, -1.909e-9
324.500, -1.908e-9
325.000, -1.906e-9
325.500, -1.903e-9
326.000, -1.901e-9
326.500, -1.899e-9
327.000, -1.897e-9
327.500, -1.897e-9
328.000, -1.892e-9
328.500, -1.891e-9
329.000, -1.890e-9
329.500, -1.888e-9
330.000, -1.889e-9
330.500, -1.885e-9
331.000, -1.884e-9
331.500, -1.882e-9
332.000, -1.881e-9
332.500, -1.879e-9
333.000, -1.877e-9
333.500, -1.874e-9
334.000, -1.874e-9
334.500, -1.872e-9
335.000, -1.871e-9
335.500, -1.869e-9
336.000, -1.866e-9
336.500, -1.866e-9
337.000, -1.864e-9
337.500, -1.863e-9
338.000, -1.862e-9
338.500, -1.859e-9
339.000, -1.859e-9
339.500, -1.859e-9
340.000, -1.857e-9
340.500, -1.856e-9
341.000, -1.854e-9
341.500, -1.853e-9
342.000, -1.854e-9
342.500, -1.853e-9
343.000, -1.850e-9
343.500, -1.849e-9
344.000, -1.848e-9
344.500, -1.847e-9
345.000, -1.847e-9
345.500, -1.843e-9
346.000, -1.841e-9
346.500, -1.842e-9
347.000, -1.841e-9
347.500, -1.839e-9
348.000, -1.837e-9
348.500, -1.835e-9
349.000, -1.834e-9
349.500, -1.834e-9
350.000, -1.833e-9
350.500, -1.830e-9
351.000, -1.830e-9
351.500, -1.830e-9
352.000, -1.829e-9
352.500, -1.829e-9
353.000, -1.827e-9
353.500, -1.826e-9
354.000, -1.826e-9
354.500, -1.826e-9
355.000, -1.826e-9
355.500, -1.824e-9
356.000, -1.822e-9
356.500, -1.822e-9
357.000, -1.823e-9
357.500, -1.823e-9
358.000, -1.822e-9
358.500, -1.821e-9
359.000, -1.820e-9
359.500, -1.820e-9
360.000, -1.820e-9
360.500, -1.819e-9
361.000, -1.817e-9
361.500, -1.818e-9
362.000, -1.819e-9
362.500, -1.818e-9
363.000, -1.816e-9
363.500, -1.816e-9
364.000, -1.815e-9
364.500, -1.816e-9
365.000, -1.813e-9
365.500, -1.813e-9
366.000, -1.812e-9
366.500, -1.811e-9
367.000, -1.813e-9
367.500, -1.811e-9
368.000, -1.810e-9
368.500, -1.809e-9
369.000, -1.808e-9
369.500, -1.808e-9
370.000, -1.808e-9
370.500, -1.806e-9
371.000, -1.805e-9
371.500, -1.806e-9
372.000, -1.807e-9
372.500, -1.808e-9
373.000, -1.806e-9
373.500, -1.806e-9
374.000, -1.805e-9
374.500, -1.806e-9
375.000, -1.807e-9
375.500, -1.804e-9
376.000, -1.804e-9
376.500, -1.805e-9
377.000, -1.806e-9
377.500, -1.807e-9
378.000, -1.805e-9
378.500, -1.805e-9
379.000, -1.805e-9
379.500, -1.806e-9
380.000, -1.806e-9
380.500, -1.805e-9
381.000, -1.804e-9
381.500, -1.805e-9
382.000, -1.806e-9
382.500, -1.807e-9
383.000, -1.806e-9
383.500, -1.805e-9
384.000, -1.806e-9
384.500, -1.807e-9
385.000, -1.807e-9
385.500, -1.805e-9
386.000, -1.804e-9
386.500, -1.805e-9
387.000, -1.806e-9
387.500, -1.806e-9
388.000, -1.805e-9
388.500, -1.804e-9
389.000, -1.804e-9
389.500, -1.806e-9
390.000, -1.806e-9
390.500, -1.806e-9
391.000, -1.806e-9
391.500, -1.806e-9
392.000, -1.806e-9
392.500, -1.808e-9
393.000, -1.806e-9
393.500, -1.805e-9
394.000, -1.805e-9
394.500, -1.806e-9
395.000, -1.806e-9
395.500, -1.804e-9
396.000, -1.804e-9
396.500, -1.804e-9
397.000, -1.806e-9
397.500, -1.805e-9
398.000, -1.806e-9
398.500, -1.804e-9
399.000, -1.805e-9
399.500, -1.805e-9
400.000, -1.807e-9
400.500, -1.806e-9
401.000, -1.806e-9
401.500, -1.806e-9
402.000, -1.807e-9
402.500, -1.808e-9
403.000, -1.809e-9
403.500, -1.807e-9
404.000, -1.810e-9
404.500, -1.811e-9
405.000, -1.812e-9
405.500, -1.813e-9
406.000, -1.811e-9
406.500, -1.814e-9
407.000, -1.815e-9
407.500, -1.815e-9
408.000, -1.817e-9
408.500, -1.816e-9
409.000, -1.816e-9
409.500, -1.818e-9
410.000, -1.819e-9
410.500, -1.818e-9
411.000, -1.819e-9
411.500, -1.820e-9
412.000, -1.821e-9
412.500, -1.822e-9
413.000, -1.821e-9
413.500, -1.821e-9
414.000, -1.823e-9
414.500, -1.824e-9
415.000, -1.824e-9
415.500, -1.824e-9
416.000, -1.824e-9
416.500, -1.824e-9
417.000, -1.826e-9
417.500, -1.827e-9
418.000, -1.826e-9
418.500, -1.828e-9
419.000, -1.828e-9
419.500, -1.831e-9
420.000, -1.832e-9
420.500, -1.832e-9
421.000, -1.831e-9
421.500, -1.833e-9
422.000, -1.835e-9
422.500, -1.836e-9
423.000, -1.836e-9
423.500, -1.835e-9
424.000, -1.837e-9
424.500, -1.839e-9
425.000, -1.839e-9
425.500, -1.839e-9
426.000, -1.840e-9
426.500, -1.840e-9
427.000, -1.841e-9
427.500, -1.842e-9
428.000, -1.842e-9
428.500, -1.842e-9
429.000, -1.842e-9
429.500, -1.844e-9
430.000, -1.844e-9
430.500, -1.845e-9
431.000, -1.844e-9
431.500, -1.845e-9
432.000, -1.847e-9
432.500, -1.849e-9
433.000, -1.847e-9
433.500, -1.848e-9
434.000, -1.849e-9
434.500, -1.851e-9
435.000, -1.851e-9
435.500, -1.852e-9
436.000, -1.852e-9
436.500, -1.853e-9
437.000, -1.855e-9
437.500, -1.855e-9
438.000, -1.855e-9
438.500, -1.856e-9
439.000, -1.856e-9
439.500, -1.857e-9
440.000, -1.858e-9
440.500, -1.858e-9
441.000, -1.858e-9
441.500, -1.860e-9
442.000, -1.861e-9
442.500, -1.862e-9
443.000, -1.862e-9
443.500, -1.862e-9
444.000, -1.863e-9
444.500, -1.865e-9
445.000, -1.866e-9
445.500, -1.867e-9
446.000, -1.867e-9
446.500, -1.869e-9
447.000, -1.870e-9
447.500, -1.872e-9
448.000, -1.871e-9
448.500, -1.870e-9
449.000, -1.873e-9
449.500, -1.873e-9
450.000, -1.875e-9
450.500, -1.874e-9
451.000, -1.874e-9
451.500, -1.874e-9
452.000, -1.876e-9
452.500, -1.877e-9
453.000, -1.878e-9
453.500, -1.877e-9
454.000, -1.878e-9
454.500, -1.880e-9
455.000, -1.881e-9
455.500, -1.881e-9
456.000, -1.881e-9
456.500, -1.882e-9
457.000, -1.883e-9
457.500, -1.883e-9
458.000, -1.883e-9
458.500, -1.884e-9
459.000, -1.885e-9
459.500, -1.886e-9
460.000, -1.889e-9
460.500, -1.888e-9
461.000, -1.890e-9
461.500, -1.891e-9
462.000, -1.893e-9
462.500, -1.895e-9
463.000, -1.895e-9
463.500, -1.894e-9
464.000, -1.896e-9
464.500, -1.898e-9
465.000, -1.898e-9
465.500, -1.899e-9
466.000, -1.899e-9
466.500, -1.900e-9
467.000, -1.901e-9
467.500, -1.902e-9
468.000, -1.902e-9
468.500, -1.902e-9
469.000, -1.903e-9
469.500, -1.904e-9
470.000, -1.905e-9
470.500, -1.905e-9
471.000, -1.905e-9
471.500, -1.906e-9
472.000, -1.909e-9
472.500, -1.909e-9
473.000, -1.910e-9
473.500, -1.909e-9
474.000, -1.910e-9
474.500, -1.912e-9
475.000, -1.913e-9
475.500, -1.913e-9
476.000, -1.913e-9
476.500, -1.914e-9
477.000, -1.917e-9
477.500, -1.918e-9
478.000, -1.918e-9
478.500, -1.918e-9
479.000, -1.920e-9
479.500, -1.922e-9
480.000, -1.923e-9
480.500, -1.923e-9
481.000, -1.922e-9
481.500, -1.924e-9
482.000, -1.925e-9
482.500, -1.927e-9
483.000, -1.926e-9
483.500, -1.926e-9
484.000, -1.927e-9
484.500, -1.929e-9
485.000, -1.931e-9
485.500, -1.931e-9
486.000, -1.932e-9
486.500, -1.933e-9
487.000, -1.936e-9
487.500, -1.937e-9
488.000, -1.937e-9
488.500, -1.937e-9
489.000, -1.937e-9
489.500, -1.939e-9
490.000, -1.940e-9
490.500, -1.941e-9
491.000, -1.940e-9
491.500, -1.942e-9
492.000, -1.944e-9
492.500, -1.944e-9
493.000, -1.944e-9
493.500, -1.944e-9
494.000, -1.946e-9
494.500, -1.947e-9
495.000, -1.949e-9
495.500, -1.948e-9
496.000, -1.948e-9
496.500, -1.950e-9
497.000, -1.951e-9
497.500, -1.953e-9
498.000, -1.953e-9
498.500, -1.953e-9
499.000, -1.953e-9
499.500, -1.955e-9
500.000, -1.956e-9
500.500, -1.957e-9
501.000, -1.956e-9
501.500, -1.957e-9
502.000, -1.959e-9
502.500, -1.960e-9
503.000, -1.961e-9
503.500, -1.960e-9
504.000, -1.962e-9
504.500, -1.963e-9
505.000, -1.964e-9
505.500, -1.964e-9
506.000, -1.964e-9
506.500, -1.965e-9
507.000, -1.967e-9
507.500, -1.969e-9
508.000, -1.969e-9
508.500, -1.970e-9
509.000, -1.972e-9
509.500, -1.974e-9
510.000, -1.976e-9
510.500, -1.975e-9
511.000, -1.976e-9
511.500, -1.977e-9
512.000, -1.979e-9
512.500, -1.980e-9
513.000, -1.981e-9
513.500, -1.980e-9
514.000, -1.981e-9
514.500, -1.982e-9
515.000, -1.983e-9
515.500, -1.983e-9
516.000, -1.983e-9
516.500, -1.983e-9
517.000, -1.986e-9
517.500, -1.987e-9
518.000, -1.987e-9
518.500, -1.988e-9
519.000, -1.989e-9
519.500, -1.991e-9
520.000, -1.992e-9
520.500, -1.993e-9
521.000, -1.994e-9
521.500, -1.995e-9
522.000, -1.998e-9
522.500, -2.000e-9
523.000, -2.001e-9
523.500, -2.001e-9
524.000, -2.003e-9
524.500, -2.005e-9
525.000, -2.008e-9
525.500, -2.007e-9
526.000, -2.007e-9
526.500, -2.008e-9
527.000, -2.009e-9
527.500, -2.011e-9
528.000, -2.010e-9
528.500, -2.009e-9
529.000, -2.011e-9
529.500, -2.012e-9
530.000, -2.014e-9
530.500, -2.014e-9
531.000, -2.014e-9
531.500, -2.016e-9
532.000, -2.018e-9
532.500, -2.019e-9
533.000, -2.019e-9
533.500, -2.019e-9
534.000, -2.019e-9
534.500, -2.021e-9
535.000, -2.022e-9
535.500, -2.022e-9
536.000, -2.022e-9
536.500, -2.022e-9
537.000, -2.024e-9
537.500, -2.025e-9
538.000, -2.025e-9
538.500, -2.025e-9
539.000, -2.026e-9
539.500, -2.027e-9
540.000, -2.028e-9
540.500, -2.028e-9
541.000, -2.028e-9
541.500, -2.029e-9
542.000, -2.030e-9
542.500, -2.032e-9
543.000, -2.032e-9
543.500, -2.032e-9
544.000, -2.033e-9
544.500, -2.035e-9
545.000, -2.036e-9
545.500, -2.037e-9
546.000, -2.037e-9
546.500, -2.037e-9
547.000, -2.039e-9
547.500, -2.040e-9
548.000, -2.041e-9
548.500, -2.040e-9
549.000, -2.041e-9
549.500, -2.043e-9
550.000, -2.044e-9
550.500, -2.045e-9
551.000, -2.044e-9
551.500, -2.045e-9
552.000, -2.047e-9
552.500, -2.048e-9
553.000, -2.048e-9
553.500, -2.047e-9
554.000, -2.048e-9
554.500, -2.050e-9
555.000, -2.050e-9
555.500, -2.051e-9
556.000, -2.050e-9
556.500, -2.050e-9
557.000, -2.052e-9
557.500, -2.053e-9
558.000, -2.054e-9
558.500, -2.053e-9
559.000, -2.054e-9
559.500, -2.056e-9
560.000, -2.056e-9
560.500, -2.057e-9
561.000, -2.057e-9
561.500, -2.057e-9
562.000, -2.059e-9
562.500, -2.060e-9
563.000, -2.060e-9
563.500, -2.060e-9
564.000, -2.061e-9
564.500, -2.062e-9
565.000, -2.063e-9
565.500, -2.062e-9
566.000, -2.062e-9
566.500, -2.062e-9
567.000, -2.064e-9
567.500, -2.065e-9
568.000, -2.065e-9
568.500, -2.065e-9
569.000, -2.068e-9
569.500, -2.069e-9
570.000, -2.071e-9
570.500, -2.071e-9
571.000, -2.072e-9
571.500, -2.074e-9
572.000, -2.077e-9
572.500, -2.078e-9
573.000, -2.079e-9
573.500, -2.077e-9
574.000, -2.078e-9
574.500, -2.080e-9
575.000, -2.081e-9
575.500, -2.080e-9
576.000, -2.080e-9
576.500, -2.081e-9
577.000, -2.082e-9
577.500, -2.083e-9
578.000, -2.083e-9
578.500, -2.082e-9
579.000, -2.083e-9
579.500, -2.083e-9
580.000, -2.084e-9
580.500, -2.083e-9
581.000, -2.083e-9
581.500, -2.083e-9
582.000, -2.085e-9
582.500, -2.087e-9
583.000, -2.086e-9
583.500, -2.087e-9
584.000, -2.087e-9
584.500, -2.089e-9
585.000, -2.090e-9
585.500, -2.090e-9
586.000, -2.090e-9
586.500, -2.091e-9
587.000, -2.092e-9
587.500, -2.093e-9
588.000, -2.094e-9
588.500, -2.094e-9
589.000, -2.094e-9
589.500, -2.095e-9
590.000, -2.096e-9
590.500, -2.096e-9
591.000, -2.096e-9
591.500, -2.097e-9
592.000, -2.098e-9
592.500, -2.099e-9
593.000, -2.100e-9
593.500, -2.100e-9
594.000, -2.100e-9
594.500, -2.102e-9
595.000, -2.103e-9
595.500, -2.103e-9
596.000, -2.103e-9
596.500, -2.105e-9
597.000, -2.108e-9
597.500, -2.110e-9
598.000, -2.110e-9
598.500, -2.110e-9
599.000, -2.110e-9
599.500, -2.114e-9
600.000, -2.115e-9
600.500, -2.116e-9
601.000, -2.116e-9
601.500, -2.118e-9
602.000, -2.121e-9
602.500, -2.124e-9
603.000, -2.124e-9
603.500, -2.125e-9
604.000, -2.126e-9
604.500, -2.126e-9
605.000, -2.126e-9
605.500, -2.126e-9
606.000, -2.124e-9
606.500, -2.125e-9
607.000, -2.125e-9
607.500, -2.127e-9
608.000, -2.127e-9
608.500, -2.126e-9
609.000, -2.127e-9
609.500, -2.127e-9
610.000, -2.129e-9
610.500, -2.128e-9
611.000, -2.128e-9
611.500, -2.130e-9
612.000, -2.132e-9
612.500, -2.133e-9
613.000, -2.133e-9
613.500, -2.133e-9
614.000, -2.134e-9
614.500, -2.136e-9
615.000, -2.137e-9
615.500, -2.137e-9
616.000, -2.136e-9
616.500, -2.136e-9
617.000, -2.137e-9
617.500, -2.138e-9
618.000, -2.137e-9
618.500, -2.138e-9
619.000, -2.139e-9
619.500, -2.141e-9
620.000, -2.143e-9
620.500, -2.143e-9
621.000, -2.143e-9
621.500, -2.144e-9
622.000, -2.146e-9
622.500, -2.148e-9
623.000, -2.147e-9
623.500, -2.147e-9
624.000, -2.148e-9
624.500, -2.149e-9
625.000, -2.151e-9
625.500, -2.151e-9
626.000, -2.151e-9
626.500, -2.152e-9
627.000, -2.154e-9
627.500, -2.156e-9
628.000, -2.155e-9
628.500, -2.155e-9
629.000, -2.156e-9
629.500, -2.157e-9
630.000, -2.159e-9
630.500, -2.159e-9
631.000, -2.158e-9
631.500, -2.161e-9
632.000, -2.163e-9
632.500, -2.163e-9
633.000, -2.164e-9
633.500, -2.163e-9
634.000, -2.164e-9
634.500, -2.165e-9
635.000, -2.167e-9
635.500, -2.167e-9
636.000, -2.167e-9
636.500, -2.168e-9
637.000, -2.171e-9
637.500, -2.172e-9
638.000, -2.173e-9
638.500, -2.173e-9
639.000, -2.174e-9
639.500, -2.176e-9
640.000, -2.178e-9
640.500, -2.178e-9
641.000, -2.178e-9
641.500, -2.179e-9
642.000, -2.181e-9
642.500, -2.183e-9
643.000, -2.183e-9
643.500, -2.183e-9
644.000, -2.184e-9
644.500, -2.185e-9
645.000, -2.187e-9
645.500, -2.187e-9
646.000, -2.186e-9
646.500, -2.188e-9
647.000, -2.190e-9
647.500, -2.190e-9
648.000, -2.191e-9
648.500, -2.191e-9
649.000, -2.192e-9
649.500, -2.194e-9
650.000, -2.197e-9
650.500, -2.198e-9
651.000, -2.198e-9
651.500, -2.200e-9
652.000, -2.202e-9
652.500, -2.203e-9
653.000, -2.204e-9
653.500, -2.204e-9
654.000, -2.205e-9
654.500, -2.207e-9
655.000, -2.207e-9
655.500, -2.208e-9
656.000, -2.209e-9
656.500, -2.210e-9
657.000, -2.212e-9
657.500, -2.214e-9
658.000, -2.214e-9
658.500, -2.215e-9
659.000, -2.215e-9
659.500, -2.217e-9
660.000, -2.220e-9
660.500, -2.220e-9
661.000, -2.220e-9
661.500, -2.221e-9
662.000, -2.222e-9
662.500, -2.222e-9
663.000, -2.223e-9
663.500, -2.223e-9
664.000, -2.223e-9
664.500, -2.224e-9
665.000, -2.225e-9
665.500, -2.226e-9
666.000, -2.228e-9
666.500, -2.228e-9
667.000, -2.231e-9
667.500, -2.231e-9
668.000, -2.232e-9
668.500, -2.233e-9
669.000, -2.234e-9
669.500, -2.236e-9
670.000, -2.238e-9
670.500, -2.238e-9
671.000, -2.238e-9
671.500, -2.240e-9
672.000, -2.241e-9
672.500, -2.242e-9
673.000, -2.243e-9
673.500, -2.243e-9
674.000, -2.243e-9
674.500, -2.244e-9
675.000, -2.246e-9
675.500, -2.246e-9
676.000, -2.246e-9
676.500, -2.246e-9
677.000, -2.248e-9
677.500, -2.248e-9
678.000, -2.249e-9
678.500, -2.248e-9
679.000, -2.249e-9
679.500, -2.249e-9
680.000, -2.250e-9
680.500, -2.250e-9
681.000, -2.250e-9
681.500, -2.252e-9
682.000, -2.252e-9
682.500, -2.254e-9
683.000, -2.253e-9
683.500, -2.254e-9
684.000, -2.256e-9
684.500, -2.257e-9
685.000, -2.259e-9
685.500, -2.259e-9
686.000, -2.260e-9
686.500, -2.260e-9
687.000, -2.260e-9
687.500, -2.262e-9
688.000, -2.263e-9
688.500, -2.263e-9
689.000, -2.263e-9
689.500, -2.265e-9
690.000, -2.266e-9
690.500, -2.267e-9
691.000, -2.267e-9
691.500, -2.268e-9
692.000, -2.270e-9
692.500, -2.270e-9
693.000, -2.271e-9
693.500, -2.271e-9
694.000, -2.272e-9
694.500, -2.275e-9
695.000, -2.276e-9
695.500, -2.277e-9
696.000, -2.277e-9
696.500, -2.278e-9
697.000, -2.280e-9
697.500, -2.282e-9
698.000, -2.281e-9
698.500, -2.280e-9
699.000, -2.280e-9
699.500, -2.280e-9
700.000, -2.280e-9
700.500, -2.282e-9
701.000, -2.281e-9
701.500, -2.283e-9
702.000, -2.286e-9
702.500, -2.287e-9
703.000, -2.288e-9
703.500, -2.290e-9
704.000, -2.291e-9
704.500, -2.294e-9
705.000, -2.297e-9
705.500, -2.298e-9
706.000, -2.298e-9
706.500, -2.299e-9
707.000, -2.300e-9
707.500, -2.301e-9
708.000, -2.299e-9
708.500, -2.299e-9
709.000, -2.300e-9
709.500, -2.301e-9
710.000, -2.302e-9
710.500, -2.302e-9
711.000, -2.300e-9
711.500, -2.300e-9
712.000, -2.301e-9
712.500, -2.302e-9
713.000, -2.302e-9
713.500, -2.303e-9
714.000, -2.304e-9
714.500, -2.305e-9
715.000, -2.306e-9
715.500, -2.306e-9
716.000, -2.306e-9
716.500, -2.306e-9
717.000, -2.308e-9
717.500, -2.308e-9
718.000, -2.309e-9
718.500, -2.309e-9
719.000, -2.310e-9
719.500, -2.310e-9
720.000, -2.310e-9
720.500, -2.310e-9
721.000, -2.309e-9
721.500, -2.310e-9
722.000, -2.311e-9
722.500, -2.313e-9
723.000, -2.313e-9
723.500, -2.312e-9
724.000, -2.312e-9
724.500, -2.312e-9
725.000, -2.312e-9
725.500, -2.313e-9
726.000, -2.313e-9
726.500, -2.314e-9
727.000, -2.316e-9
727.500, -2.318e-9
728.000, -2.318e-9
728.500, -2.317e-9
729.000, -2.319e-9
729.500, -2.319e-9
730.000, -2.320e-9
730.500, -2.320e-9
731.000, -2.319e-9
731.500, -2.320e-9
732.000, -2.320e-9
732.500, -2.321e-9
733.000, -2.322e-9
733.500, -2.324e-9
734.000, -2.325e-9
734.500, -2.326e-9
735.000, -2.327e-9
735.500, -2.327e-9
736.000, -2.327e-9
736.500, -2.328e-9
737.000, -2.330e-9
737.500, -2.331e-9
738.000, -2.332e-9
738.500, -2.333e-9
739.000, -2.334e-9
739.500, -2.335e-9
740.000, -2.336e-9
740.500, -2.337e-9
741.000, -2.338e-9
741.500, -2.339e-9
742.000, -2.340e-9
742.500, -2.342e-9
743.000, -2.343e-9
743.500, -2.344e-9
744.000, -2.344e-9
744.500, -2.347e-9
745.000, -2.348e-9
745.500, -2.348e-9
746.000, -2.348e-9
746.500, -2.349e-9
747.000, -2.350e-9
747.500, -2.352e-9
748.000, -2.352e-9
748.500, -2.354e-9
749.000, -2.355e-9
749.500, -2.357e-9
750.000, -2.357e-9
750.500, -2.358e-9
751.000, -2.359e-9
751.500, -2.360e-9
752.000, -2.362e-9
752.500, -2.364e-9
753.000, -2.365e-9
753.500, -2.366e-9
754.000, -2.368e-9
754.500, -2.370e-9
755.000, -2.372e-9
755.500, -2.373e-9
756.000, -2.374e-9
756.500, -2.376e-9
757.000, -2.377e-9
757.500, -2.380e-9
758.000, -2.381e-9
758.500, -2.383e-9
759.000, -2.383e-9
759.500, -2.386e-9
760.000, -2.389e-9
760.500, -2.390e-9
761.000, -2.391e-9
761.500, -2.392e-9
762.000, -2.396e-9
762.500, -2.399e-9
763.000, -2.400e-9
763.500, -2.401e-9
764.000, -2.402e-9
764.500, -2.405e-9
765.000, -2.409e-9
765.500, -2.410e-9
766.000, -2.412e-9
766.500, -2.415e-9
767.000, -2.419e-9
767.500, -2.422e-9
768.000, -2.424e-9
768.500, -2.425e-9
769.000, -2.429e-9
769.500, -2.431e-9
770.000, -2.434e-9
770.500, -2.437e-9
771.000, -2.439e-9
771.500, -2.442e-9
772.000, -2.446e-9
772.500, -2.450e-9
773.000, -2.452e-9
773.500, -2.456e-9
774.000, -2.458e-9
774.500, -2.464e-9
775.000, -2.469e-9
775.500, -2.472e-9
776.000, -2.476e-9
776.500, -2.481e-9
777.000, -2.487e-9
777.500, -2.493e-9
778.000, -2.498e-9
778.500, -2.502e-9
779.000, -2.507e-9
779.500, -2.514e-9
780.000, -2.521e-9
780.500, -2.526e-9
781.000, -2.532e-9
781.500, -2.539e-9
782.000, -2.547e-9
782.500, -2.555e-9
783.000, -2.561e-9
783.500, -2.567e-9
784.000, -2.575e-9
784.500, -2.585e-9
785.000, -2.594e-9
785.500, -2.602e-9
786.000, -2.610e-9
786.500, -2.618e-9
787.000, -2.629e-9
787.500, -2.640e-9
788.000, -2.651e-9
788.500, -2.661e-9
789.000, -2.674e-9
789.500, -2.688e-9
790.000, -2.703e-9
790.500, -2.717e-9
791.000, -2.731e-9
791.500, -2.746e-9
792.000, -2.765e-9
792.500, -2.784e-9
793.000, -2.801e-9
793.500, -2.816e-9
794.000, -2.833e-9
794.500, -2.853e-9
795.000, -2.876e-9
795.500, -2.894e-9
796.000, -2.913e-9
796.500, -2.934e-9
797.000, -2.960e-9
797.500, -2.987e-9
798.000, -3.011e-9
798.500, -3.036e-9
799.000, -3.062e-9
799.500, -3.091e-9
800.000, -3.121e-9
800.500, -3.148e-9
801.000, -3.176e-9
801.500, -3.209e-9
802.000, -3.244e-9
802.500, -3.281e-9
803.000, -3.315e-9
803.500, -3.348e-9
804.000, -3.382e-9
804.500, -3.419e-9
805.000, -3.459e-9
805.500, -3.495e-9
806.000, -3.528e-9
806.500, -3.566e-9
807.000, -3.605e-9
807.500, -3.645e-9
808.000, -3.681e-9
808.500, -3.716e-9
809.000, -3.752e-9
809.500, -3.792e-9
810.000, -3.833e-9
810.500, -3.871e-9
811.000, -3.908e-9
811.500, -3.946e-9
812.000, -3.984e-9
812.500, -4.019e-9
813.000, -4.052e-9
813.500, -4.083e-9
814.000, -4.115e-9
814.500, -4.148e-9
815.000, -4.181e-9
815.500, -4.209e-9
816.000, -4.238e-9
816.500, -4.266e-9
817.000, -4.296e-9
817.500, -4.326e-9
818.000, -4.352e-9
818.500, -4.376e-9
819.000, -4.398e-9
819.500, -4.422e-9
820.000, -4.445e-9
820.500, -4.464e-9
821.000, -4.483e-9
821.500, -4.501e-9
822.000, -4.517e-9
822.500, -4.533e-9
823.000, -4.546e-9
823.500, -4.558e-9
824.000, -4.570e-9
824.500, -4.580e-9
825.000, -4.590e-9
825.500, -4.597e-9
826.000, -4.603e-9
826.500, -4.610e-9
827.000, -4.615e-9
827.500, -4.620e-9
828.000, -4.623e-9
828.500, -4.626e-9
829.000, -4.629e-9
829.500, -4.631e-9
830.000, -4.633e-9
830.500, -4.634e-9
831.000, -4.635e-9
831.500, -4.635e-9
832.000, -4.635e-9
832.500, -4.634e-9
833.000, -4.633e-9
833.500, -4.632e-9
834.000, -4.631e-9
834.500, -4.631e-9
835.000, -4.629e-9
835.500, -4.628e-9
836.000, -4.627e-9
836.500, -4.626e-9
837.000, -4.625e-9
837.500, -4.623e-9
838.000, -4.622e-9
838.500, -4.621e-9
839.000, -4.619e-9
839.500, -4.619e-9
840.000, -4.618e-9
840.500, -4.617e-9
841.000, -4.617e-9
841.500, -4.615e-9
842.000, -4.615e-9
842.500, -4.615e-9
843.000, -4.615e-9
843.500, -4.615e-9
844.000, -4.615e-9
844.500, -4.615e-9
845.000, -4.616e-9
845.500, -4.616e-9
846.000, -4.617e-9
846.500, -4.619e-9
847.000, -4.621e-9
847.500, -4.623e-9
848.000, -4.624e-9
848.500, -4.626e-9
849.000, -4.627e-9
849.500, -4.630e-9
850.000, -4.633e-9
850.500, -4.635e-9
851.000, -4.638e-9
851.500, -4.641e-9
852.000, -4.644e-9
852.500, -4.647e-9
853.000, -4.651e-9
853.500, -4.653e-9
854.000, -4.656e-9
854.500, -4.659e-9
855.000, -4.663e-9
855.500, -4.666e-9
856.000, -4.669e-9
856.500, -4.672e-9
857.000, -4.676e-9
857.500, -4.679e-9
858.000, -4.683e-9
858.500, -4.686e-9
859.000, -4.689e-9
859.500, -4.693e-9
860.000, -4.696e-9
860.500, -4.699e-9
861.000, -4.702e-9
861.500, -4.705e-9
862.000, -4.708e-9
862.500, -4.712e-9
863.000, -4.714e-9
863.500, -4.716e-9
864.000, -4.718e-9
864.500, -4.721e-9
865.000, -4.723e-9
865.500, -4.724e-9
866.000, -4.726e-9
866.500, -4.728e-9
867.000, -4.729e-9
867.500, -4.731e-9
868.000, -4.733e-9
868.500, -4.734e-9
869.000, -4.735e-9
869.500, -4.737e-9
870.000, -4.738e-9
870.500, -4.739e-9
871.000, -4.741e-9
871.500, -4.742e-9
872.000, -4.743e-9
872.500, -4.744e-9
873.000, -4.745e-9
873.500, -4.746e-9
874.000, -4.746e-9
874.500, -4.747e-9
875.000, -4.748e-9
875.500, -4.748e-9
876.000, -4.749e-9
876.500, -4.750e-9
877.000, -4.750e-9
877.500, -4.751e-9
878.000, -4.751e-9
878.500, -4.751e-9
879.000, -4.752e-9
879.500, -4.752e-9
880.000, -4.753e-9
880.500, -4.753e-9
881.000, -4.752e-9
881.500, -4.753e-9
882.000, -4.753e-9
882.500, -4.753e-9
883.000, -4.753e-9
883.500, -4.753e-9
884.000, -4.753e-9
884.500, -4.753e-9
885.000, -4.752e-9
885.500, -4.753e-9
886.000, -4.753e-9
886.500, -4.752e-9
887.000, -4.753e-9
887.500, -4.752e-9
888.000, -4.753e-9
888.500, -4.753e-9
889.000, -4.751e-9
889.500, -4.752e-9
890.000, -4.752e-9
890.500, -4.752e-9
891.000, -4.752e-9
891.500, -4.751e-9
892.000, -4.751e-9
892.500, -4.752e-9
893.000, -4.752e-9
893.500, -4.751e-9
894.000, -4.751e-9
894.500, -4.751e-9
895.000, -4.751e-9
895.500, -4.751e-9
896.000, -4.750e-9
896.500, -4.751e-9
897.000, -4.751e-9
897.500, -4.751e-9
898.000, -4.752e-9
898.500, -4.751e-9
899.000, -4.751e-9
899.500, -4.753e-9
900.000, -4.752e-9
900.500, -4.752e-9
901.000, -4.753e-9
901.500, -4.752e-9
902.000, -4.753e-9
902.500, -4.753e-9
903.000, -4.753e-9
903.500, -4.753e-9
904.000, -4.753e-9
904.500, -4.754e-9
905.000, -4.754e-9
905.500, -4.754e-9
906.000, -4.754e-9
906.500, -4.754e-9
907.000, -4.755e-9
907.500, -4.755e-9
908.000, -4.754e-9
908.500, -4.754e-9
909.000, -4.755e-9
909.500, -4.755e-9
910.000, -4.755e-9
910.500, -4.756e-9
911.000, -4.755e-9
911.500, -4.756e-9
912.000, -4.756e-9
912.500, -4.756e-9
913.000, -4.757e-9
913.500, -4.755e-9
914.000, -4.756e-9
914.500, -4.757e-9
915.000, -4.756e-9
915.500, -4.757e-9
916.000, -4.757e-9
916.500, -4.757e-9
917.000, -4.758e-9
917.500, -4.758e-9
918.000, -4.757e-9
918.500, -4.758e-9
919.000, -4.757e-9
919.500, -4.759e-9
920.000, -4.758e-9
920.500, -4.758e-9
921.000, -4.758e-9
921.500, -4.758e-9
922.000, -4.759e-9
922.500, -4.758e-9
923.000, -4.758e-9
923.500, -4.758e-9
924.000, -4.758e-9
924.500, -4.758e-9
925.000, -4.758e-9
925.500, -4.758e-9
926.000, -4.758e-9
926.500, -4.758e-9
927.000, -4.758e-9
927.500, -4.758e-9
928.000, -4.757e-9
928.500, -4.757e-9
929.000, -4.757e-9
929.500, -4.756e-9
930.000, -4.757e-9
930.500, -4.755e-9
931.000, -4.755e-9
931.500, -4.755e-9
932.000, -4.755e-9
932.500, -4.755e-9
933.000, -4.755e-9
933.500, -4.755e-9
934.000, -4.754e-9
934.500, -4.754e-9
935.000, -4.754e-9
935.500, -4.754e-9
936.000, -4.753e-9
936.500, -4.753e-9
937.000, -4.753e-9
937.500, -4.753e-9
938.000, -4.752e-9
938.500, -4.752e-9
939.000, -4.752e-9
939.500, -4.752e-9
940.000, -4.751e-9
940.500, -4.751e-9
941.000, -4.750e-9
941.500, -4.750e-9
942.000, -4.749e-9
942.500, -4.749e-9
943.000, -4.748e-9
943.500, -4.748e-9
944.000, -4.748e-9
944.500, -4.746e-9
945.000, -4.747e-9
945.500, -4.746e-9
946.000, -4.745e-9
946.500, -4.744e-9
947.000, -4.744e-9
947.500, -4.743e-9
948.000, -4.742e-9
948.500, -4.741e-9
949.000, -4.740e-9
949.500, -4.739e-9
950.000, -4.738e-9
950.500, -4.736e-9
951.000, -4.735e-9
951.500, -4.733e-9
952.000, -4.732e-9
952.500, -4.730e-9
953.000, -4.727e-9
953.500, -4.726e-9
954.000, -4.723e-9
954.500, -4.722e-9
955.000, -4.719e-9
955.500, -4.716e-9
956.000, -4.714e-9
956.500, -4.711e-9
957.000, -4.708e-9
957.500, -4.705e-9
958.000, -4.702e-9
958.500, -4.699e-9
959.000, -4.696e-9
959.500, -4.693e-9
960.000, -4.689e-9
960.500, -4.686e-9
961.000, -4.682e-9
961.500, -4.679e-9
962.000, -4.675e-9
962.500, -4.671e-9
963.000, -4.667e-9
963.500, -4.664e-9
964.000, -4.659e-9
964.500, -4.656e-9
965.000, -4.652e-9
965.500, -4.648e-9
966.000, -4.644e-9
966.500, -4.641e-9
967.000, -4.637e-9
967.500, -4.634e-9
968.000, -4.631e-9
968.500, -4.629e-9
969.000, -4.627e-9
969.500, -4.624e-9
970.000, -4.623e-9
970.500, -4.621e-9
971.000, -4.619e-9
971.500, -4.618e-9
972.000, -4.617e-9
972.500, -4.617e-9
973.000, -4.616e-9
973.500, -4.615e-9
974.000, -4.616e-9
974.500, -4.617e-9
975.000, -4.617e-9
975.500, -4.618e-9
976.000, -4.619e-9
976.500, -4.620e-9
977.000, -4.623e-9
977.500, -4.625e-9
978.000, -4.627e-9
978.500, -4.628e-9
979.000, -4.631e-9
979.500, -4.634e-9
980.000, -4.637e-9
980.500, -4.640e-9
981.000, -4.641e-9
981.500, -4.645e-9
982.000, -4.649e-9
982.500, -4.653e-9
983.000, -4.656e-9
983.500, -4.658e-9
984.000, -4.662e-9
984.500, -4.665e-9
985.000, -4.669e-9
985.500, -4.671e-9
986.000, -4.674e-9
986.500, -4.676e-9
987.000, -4.679e-9
987.500, -4.682e-9
988.000, -4.684e-9
988.500, -4.686e-9
989.000, -4.688e-9
989.500, -4.690e-9
990.000, -4.692e-9
990.500, -4.693e-9
991.000, -4.693e-9
991.500, -4.694e-9
992.000, -4.695e-9
992.500, -4.694e-9
993.000, -4.694e-9
993.500, -4.692e-9
994.000, -4.690e-9
994.500, -4.688e-9
995.000, -4.685e-9
995.500, -4.681e-9
996.000, -4.677e-9
996.500, -4.672e-9
997.000, -4.667e-9
997.500, -4.660e-9
998.000, -4.653e-9
998.500, -4.645e-9
999.000, -4.637e-9
999.500, -4.627e-9
1000.000, -4.616e-9
