Distance/um, Current/A

0.500, -2.148e-9
1.000, -2.147e-9
1.500, -2.147e-9
2.000, -2.145e-9
2.500, -2.143e-9
3.000, -2.142e-9
3.500, -2.140e-9
4.000, -2.138e-9
4.500, -2.136e-9
5.000, -2.135e-9
5.500, -2.136e-9
6.000, -2.136e-9
6.500, -2.136e-9
7.000, -2.136e-9
7.500, -2.135e-9
8.000, -2.133e-9
8.500, -2.133e-9
9.000, -2.133e-9
9.500, -2.133e-9
10.000, -2.135e-9
10.500, -2.136e-9
11.000, -2.136e-9
11.500, -2.135e-9
12.000, -2.136e-9
12.500, -2.135e-9
13.000, -2.134e-9
13.500, -2.134e-9
14.000, -2.134e-9
14.500, -2.134e-9
15.000, -2.134e-9
15.500, -2.134e-9
16.000, -2.135e-9
16.500, -2.135e-9
17.000, -2.135e-9
17.500, -2.136e-9
18.000, -2.135e-9
18.500, -2.134e-9
19.000, -2.131e-9
19.500, -2.128e-9
20.000, -2.125e-9
20.500, -2.123e-9
21.000, -2.122e-9
21.500, -2.122e-9
22.000, -2.121e-9
22.500, -2.121e-9
23.000, -2.121e-9
23.500, -2.119e-9
24.000, -2.118e-9
24.500, -2.117e-9
25.000, -2.116e-9
25.500, -2.115e-9
26.000, -2.113e-9
26.500, -2.113e-9
27.000, -2.111e-9
27.500, -2.110e-9
28.000, -2.109e-9
28.500, -2.108e-9
29.000, -2.108e-9
29.500, -2.108e-9
30.000, -2.108e-9
30.500, -2.107e-9
31.000, -2.106e-9
31.500, -2.105e-9
32.000, -2.105e-9
32.500, -2.105e-9
33.000, -2.104e-9
33.500, -2.103e-9
34.000, -2.101e-9
34.500, -2.100e-9
35.000, -2.099e-9
35.500, -2.098e-9
36.000, -2.095e-9
36.500, -2.093e-9
37.000, -2.092e-9
37.500, -2.091e-9
38.000, -2.089e-9
38.500, -2.086e-9
39.000, -2.084e-9
39.500, -2.081e-9
40.000, -2.079e-9
40.500, -2.077e-9
41.000, -2.074e-9
41.500, -2.072e-9
42.000, -2.071e-9
42.500, -2.069e-9
43.000, -2.066e-9
43.500, -2.063e-9
44.000, -2.062e-9
44.500, -2.060e-9
45.000, -2.059e-9
45.500, -2.057e-9
46.000, -2.055e-9
46.500, -2.051e-9
47.000, -2.050e-9
47.500, -2.049e-9
48.000, -2.047e-9
48.500, -2.045e-9
49.000, -2.043e-9
49.500, -2.042e-9
50.000, -2.039e-9
50.500, -2.038e-9
51.000, -2.036e-9
51.500, -2.034e-9
52.000, -2.033e-9
52.500, -2.035e-9
53.000, -2.034e-9
53.500, -2.031e-9
54.000, -2.028e-9
54.500, -2.026e-9
55.000, -2.024e-9
55.500, -2.025e-9
56.000, -2.025e-9
56.500, -2.023e-9
57.000, -2.020e-9
57.500, -2.018e-9
58.000, -2.015e-9
58.500, -2.012e-9
59.000, -2.010e-9
59.500, -2.009e-9
60.000, -2.008e-9
60.500, -2.007e-9
61.000, -2.005e-9
61.500, -2.004e-9
62.000, -2.005e-9
62.500, -2.005e-9
63.000, -2.002e-9
63.500, -2.000e-9
64.000, -1.997e-9
64.500, -1.995e-9
65.000, -1.992e-9
65.500, -1.990e-9
66.000, -1.990e-9
66.500, -1.990e-9
67.000, -1.989e-9
67.500, -1.988e-9
68.000, -1.987e-9
68.500, -1.984e-9
69.000, -1.983e-9
69.500, -1.982e-9
70.000, -1.981e-9
70.500, -1.979e-9
71.000, -1.977e-9
71.500, -1.975e-9
72.000, -1.974e-9
72.500, -1.973e-9
73.000, -1.971e-9
73.500, -1.969e-9
74.000, -1.967e-9
74.500, -1.966e-9
75.000, -1.964e-9
75.500, -1.963e-9
76.000, -1.960e-9
76.500, -1.957e-9
77.000, -1.956e-9
77.500, -1.955e-9
78.000, -1.954e-9
78.500, -1.952e-9
79.000, -1.951e-9
79.500, -1.950e-9
80.000, -1.950e-9
80.500, -1.948e-9
81.000, -1.946e-9
81.500, -1.945e-9
82.000, -1.945e-9
82.500, -1.944e-9
83.000, -1.943e-9
83.500, -1.941e-9
84.000, -1.939e-9
84.500, -1.937e-9
85.000, -1.936e-9
85.500, -1.934e-9
86.000, -1.932e-9
86.500, -1.930e-9
87.000, -1.929e-9
87.500, -1.927e-9
88.000, -1.925e-9
88.500, -1.923e-9
89.000, -1.921e-9
89.500, -1.919e-9
90.000, -1.917e-9
90.500, -1.915e-9
91.000, -1.913e-9
91.500, -1.910e-9
92.000, -1.909e-9
92.500, -1.909e-9
93.000, -1.908e-9
93.500, -1.907e-9
94.000, -1.905e-9
94.500, -1.903e-9
95.000, -1.903e-9
95.500, -1.901e-9
96.000, -1.900e-9
96.500, -1.898e-9
97.000, -1.896e-9
97.500, -1.895e-9
98.000, -1.893e-9
98.500, -1.891e-9
99.000, -1.888e-9
99.500, -1.887e-9
100.000, -1.886e-9
100.500, -1.884e-9
101.000, -1.881e-9
101.500, -1.879e-9
102.000, -1.879e-9
102.500, -1.879e-9
103.000, -1.877e-9
103.500, -1.875e-9
104.000, -1.872e-9
104.500, -1.870e-9
105.000, -1.869e-9
105.500, -1.868e-9
106.000, -1.866e-9
106.500, -1.863e-9
107.000, -1.861e-9
107.500, -1.858e-9
108.000, -1.856e-9
108.500, -1.853e-9
109.000, -1.851e-9
109.500, -1.849e-9
110.000, -1.848e-9
110.500, -1.846e-9
111.000, -1.844e-9
111.500, -1.842e-9
112.000, -1.843e-9
112.500, -1.843e-9
113.000, -1.843e-9
113.500, -1.841e-9
114.000, -1.840e-9
114.500, -1.840e-9
115.000, -1.840e-9
115.500, -1.839e-9
116.000, -1.838e-9
116.500, -1.838e-9
117.000, -1.836e-9
117.500, -1.837e-9
118.000, -1.838e-9
118.500, -1.838e-9
119.000, -1.837e-9
119.500, -1.838e-9
120.000, -1.839e-9
120.500, -1.839e-9
121.000, -1.839e-9
121.500, -1.839e-9
122.000, -1.841e-9
122.500, -1.843e-9
123.000, -1.843e-9
123.500, -1.843e-9
124.000, -1.843e-9
124.500, -1.844e-9
125.000, -1.845e-9
125.500, -1.844e-9
126.000, -1.843e-9
126.500, -1.843e-9
127.000, -1.843e-9
127.500, -1.844e-9
128.000, -1.844e-9
128.500, -1.843e-9
129.000, -1.841e-9
129.500, -1.839e-9
130.000, -1.839e-9
130.500, -1.838e-9
131.000, -1.836e-9
131.500, -1.834e-9
132.000, -1.835e-9
132.500, -1.837e-9
133.000, -1.837e-9
133.500, -1.836e-9
134.000, -1.834e-9
134.500, -1.833e-9
135.000, -1.832e-9
135.500, -1.832e-9
136.000, -1.832e-9
136.500, -1.831e-9
137.000, -1.831e-9
137.500, -1.832e-9
138.000, -1.833e-9
138.500, -1.833e-9
139.000, -1.834e-9
139.500, -1.837e-9
140.000, -1.838e-9
140.500, -1.839e-9
141.000, -1.840e-9
141.500, -1.839e-9
142.000, -1.840e-9
142.500, -1.842e-9
143.000, -1.842e-9
143.500, -1.843e-9
144.000, -1.842e-9
144.500, -1.842e-9
145.000, -1.843e-9
145.500, -1.842e-9
146.000, -1.842e-9
146.500, -1.842e-9
147.000, -1.844e-9
147.500, -1.845e-9
148.000, -1.847e-9
148.500, -1.847e-9
149.000, -1.848e-9
149.500, -1.850e-9
150.000, -1.852e-9
150.500, -1.853e-9
151.000, -1.853e-9
151.500, -1.854e-9
152.000, -1.856e-9
152.500, -1.858e-9
153.000, -1.859e-9
153.500, -1.860e-9
154.000, -1.861e-9
154.500, -1.864e-9
155.000, -1.866e-9
155.500, -1.868e-9
156.000, -1.868e-9
156.500, -1.868e-9
157.000, -1.870e-9
157.500, -1.872e-9
158.000, -1.873e-9
158.500, -1.873e-9
159.000, -1.872e-9
159.500, -1.872e-9
160.000, -1.872e-9
160.500, -1.872e-9
161.000, -1.871e-9
161.500, -1.870e-9
162.000, -1.868e-9
162.500, -1.869e-9
163.000, -1.867e-9
163.500, -1.864e-9
164.000, -1.863e-9
164.500, -1.862e-9
165.000, -1.863e-9
165.500, -1.862e-9
166.000, -1.860e-9
166.500, -1.860e-9
167.000, -1.862e-9
167.500, -1.865e-9
168.000, -1.865e-9
168.500, -1.865e-9
169.000, -1.864e-9
169.500, -1.866e-9
170.000, -1.868e-9
170.500, -1.868e-9
171.000, -1.868e-9
171.500, -1.869e-9
172.000, -1.870e-9
172.500, -1.873e-9
173.000, -1.875e-9
173.500, -1.877e-9
174.000, -1.878e-9
174.500, -1.879e-9
175.000, -1.882e-9
175.500, -1.885e-9
176.000, -1.887e-9
176.500, -1.888e-9
177.000, -1.889e-9
177.500, -1.893e-9
178.000, -1.895e-9
178.500, -1.898e-9
179.000, -1.899e-9
179.500, -1.902e-9
180.000, -1.904e-9
180.500, -1.907e-9
181.000, -1.909e-9
181.500, -1.912e-9
182.000, -1.917e-9
182.500, -1.923e-9
183.000, -1.928e-9
183.500, -1.932e-9
184.000, -1.937e-9
184.500, -1.944e-9
185.000, -1.956e-9
185.500, -1.963e-9
186.000, -1.970e-9
186.500, -1.977e-9
187.000, -1.987e-9
187.500, -1.998e-9
188.000, -2.008e-9
188.500, -2.018e-9
189.000, -2.026e-9
189.500, -2.034e-9
190.000, -2.042e-9
190.500, -2.051e-9
191.000, -2.058e-9
191.500, -2.064e-9
192.000, -2.072e-9
192.500, -2.084e-9
193.000, -2.094e-9
193.500, -2.102e-9
194.000, -2.108e-9
194.500, -2.117e-9
195.000, -2.129e-9
195.500, -2.139e-9
196.000, -2.147e-9
196.500, -2.156e-9
197.000, -2.169e-9
197.500, -2.186e-9
198.000, -2.201e-9
198.500, -2.217e-9
199.000, -2.232e-9
199.500, -2.250e-9
200.000, -2.271e-9
200.500, -2.293e-9
201.000, -2.314e-9
201.500, -2.333e-9
202.000, -2.358e-9
202.500, -2.387e-9
203.000, -2.416e-9
203.500, -2.443e-9
204.000, -2.466e-9
204.500, -2.489e-9
205.000, -2.518e-9
205.500, -2.548e-9
206.000, -2.573e-9
206.500, -2.592e-9
207.000, -2.614e-9
207.500, -2.640e-9
208.000, -2.663e-9
208.500, -2.685e-9
209.000, -2.705e-9
209.500, -2.731e-9
210.000, -2.759e-9
210.500, -2.785e-9
211.000, -2.807e-9
211.500, -2.831e-9
212.000, -2.862e-9
212.500, -2.902e-9
213.000, -2.938e-9
213.500, -2.969e-9
214.000, -2.999e-9
214.500, -3.032e-9
215.000, -3.066e-9
215.500, -3.097e-9
216.000, -3.123e-9
216.500, -3.148e-9
217.000, -3.174e-9
217.500, -3.200e-9
218.000, -3.224e-9
218.500, -3.246e-9
219.000, -3.267e-9
219.500, -3.289e-9
220.000, -3.311e-9
220.500, -3.330e-9
221.000, -3.346e-9
221.500, -3.363e-9
222.000, -3.380e-9
222.500, -3.399e-9
223.000, -3.419e-9
223.500, -3.433e-9
224.000, -3.448e-9
224.500, -3.464e-9
225.000, -3.483e-9
225.500, -3.502e-9
226.000, -3.518e-9
226.500, -3.530e-9
227.000, -3.546e-9
227.500, -3.564e-9
228.000, -3.581e-9
228.500, -3.595e-9
229.000, -3.608e-9
229.500, -3.621e-9
230.000, -3.634e-9
230.500, -3.643e-9
231.000, -3.652e-9
231.500, -3.659e-9
232.000, -3.667e-9
232.500, -3.677e-9
233.000, -3.687e-9
233.500, -3.695e-9
234.000, -3.701e-9
234.500, -3.708e-9
235.000, -3.717e-9
235.500, -3.726e-9
236.000, -3.731e-9
236.500, -3.737e-9
237.000, -3.748e-9
237.500, -3.758e-9
238.000, -3.766e-9
238.500, -3.772e-9
239.000, -3.780e-9
239.500, -3.786e-9
240.000, -3.794e-9
240.500, -3.801e-9
241.000, -3.807e-9
241.500, -3.813e-9
242.000, -3.820e-9
242.500, -3.826e-9
243.000, -3.832e-9
243.500, -3.838e-9
244.000, -3.843e-9
244.500, -3.849e-9
245.000, -3.853e-9
245.500, -3.856e-9
246.000, -3.858e-9
246.500, -3.860e-9
247.000, -3.862e-9
247.500, -3.864e-9
248.000, -3.866e-9
248.500, -3.867e-9
249.000, -3.869e-9
249.500, -3.870e-9
250.000, -3.871e-9
250.500, -3.873e-9
251.000, -3.875e-9
251.500, -3.876e-9
252.000, -3.877e-9
252.500, -3.879e-9
253.000, -3.881e-9
253.500, -3.882e-9
254.000, -3.883e-9
254.500, -3.884e-9
255.000, -3.885e-9
255.500, -3.885e-9
256.000, -3.886e-9
256.500, -3.886e-9
257.000, -3.886e-9
257.500, -3.886e-9
258.000, -3.886e-9
258.500, -3.885e-9
259.000, -3.884e-9
259.500, -3.883e-9
260.000, -3.882e-9
260.500, -3.882e-9
261.000, -3.881e-9
261.500, -3.881e-9
262.000, -3.880e-9
262.500, -3.879e-9
263.000, -3.879e-9
263.500, -3.878e-9
264.000, -3.878e-9
264.500, -3.877e-9
265.000, -3.876e-9
265.500, -3.875e-9
266.000, -3.873e-9
266.500, -3.872e-9
267.000, -3.870e-9
267.500, -3.868e-9
268.000, -3.867e-9
268.500, -3.866e-9
269.000, -3.864e-9
269.500, -3.863e-9
270.000, -3.861e-9
270.500, -3.861e-9
271.000, -3.860e-9
271.500, -3.859e-9
272.000, -3.858e-9
272.500, -3.857e-9
273.000, -3.857e-9
273.500, -3.856e-9
274.000, -3.855e-9
274.500, -3.854e-9
275.000, -3.855e-9
275.500, -3.855e-9
276.000, -3.855e-9
276.500, -3.855e-9
277.000, -3.855e-9
277.500, -3.855e-9
278.000, -3.856e-9
278.500, -3.856e-9
279.000, -3.856e-9
279.500, -3.857e-9
280.000, -3.857e-9
280.500, -3.857e-9
281.000, -3.858e-9
281.500, -3.858e-9
282.000, -3.858e-9
282.500, -3.859e-9
283.000, -3.859e-9
283.500, -3.860e-9
284.000, -3.861e-9
284.500, -3.860e-9
285.000, -3.859e-9
285.500, -3.858e-9
286.000, -3.857e-9
286.500, -3.854e-9
287.000, -3.852e-9
287.500, -3.849e-9
288.000, -3.845e-9
288.500, -3.840e-9
289.000, -3.836e-9
289.500, -3.831e-9
290.000, -3.826e-9
290.500, -3.821e-9
291.000, -3.816e-9
291.500, -3.811e-9
292.000, -3.805e-9
292.500, -3.798e-9
293.000, -3.791e-9
293.500, -3.785e-9
294.000, -3.778e-9
294.500, -3.770e-9
295.000, -3.761e-9
295.500, -3.751e-9
296.000, -3.742e-9
296.500, -3.732e-9
297.000, -3.722e-9
297.500, -3.711e-9
298.000, -3.698e-9
298.500, -3.686e-9
299.000, -3.675e-9
299.500, -3.662e-9
300.000, -3.649e-9
300.500, -3.636e-9
301.000, -3.626e-9
301.500, -3.616e-9
302.000, -3.604e-9
302.500, -3.590e-9
303.000, -3.577e-9
303.500, -3.566e-9
304.000, -3.555e-9
304.500, -3.543e-9
305.000, -3.529e-9
305.500, -3.516e-9
306.000, -3.504e-9
306.500, -3.492e-9
307.000, -3.479e-9
307.500, -3.465e-9
308.000, -3.450e-9
308.500, -3.436e-9
309.000, -3.423e-9
309.500, -3.410e-9
310.000, -3.396e-9
310.500, -3.383e-9
311.000, -3.371e-9
311.500, -3.360e-9
312.000, -3.347e-9
312.500, -3.334e-9
313.000, -3.321e-9
313.500, -3.310e-9
314.000, -3.300e-9
314.500, -3.289e-9
315.000, -3.277e-9
315.500, -3.266e-9
316.000, -3.256e-9
316.500, -3.247e-9
317.000, -3.236e-9
317.500, -3.225e-9
318.000, -3.215e-9
318.500, -3.205e-9
319.000, -3.195e-9
319.500, -3.185e-9
320.000, -3.176e-9
320.500, -3.166e-9
321.000, -3.156e-9
321.500, -3.146e-9
322.000, -3.135e-9
322.500, -3.123e-9
323.000, -3.111e-9
323.500, -3.101e-9
324.000, -3.092e-9
324.500, -3.081e-9
325.000, -3.070e-9
325.500, -3.059e-9
326.000, -3.051e-9
326.500, -3.045e-9
327.000, -3.036e-9
327.500, -3.027e-9
328.000, -3.020e-9
328.500, -3.015e-9
329.000, -3.007e-9
329.500, -3.000e-9
330.000, -2.993e-9
330.500, -2.987e-9
331.000, -2.981e-9
331.500, -2.974e-9
332.000, -2.968e-9
332.500, -2.961e-9
333.000, -2.954e-9
333.500, -2.949e-9
334.000, -2.944e-9
334.500, -2.937e-9
335.000, -2.931e-9
335.500, -2.926e-9
336.000, -2.921e-9
336.500, -2.914e-9
337.000, -2.907e-9
337.500, -2.900e-9
338.000, -2.892e-9
338.500, -2.884e-9
339.000, -2.875e-9
339.500, -2.865e-9
340.000, -2.855e-9
340.500, -2.844e-9
341.000, -2.833e-9
341.500, -2.822e-9
342.000, -2.810e-9
342.500, -2.797e-9
343.000, -2.784e-9
343.500, -2.772e-9
344.000, -2.761e-9
344.500, -2.748e-9
345.000, -2.733e-9
345.500, -2.719e-9
346.000, -2.705e-9
346.500, -2.692e-9
347.000, -2.678e-9
347.500, -2.661e-9
348.000, -2.643e-9
348.500, -2.626e-9
349.000, -2.610e-9
349.500, -2.593e-9
350.000, -2.575e-9
350.500, -2.558e-9
351.000, -2.542e-9
351.500, -2.528e-9
352.000, -2.511e-9
352.500, -2.491e-9
353.000, -2.473e-9
353.500, -2.455e-9
354.000, -2.438e-9
354.500, -2.416e-9
355.000, -2.392e-9
355.500, -2.370e-9
356.000, -2.348e-9
356.500, -2.327e-9
357.000, -2.304e-9
357.500, -2.279e-9
358.000, -2.255e-9
358.500, -2.232e-9
359.000, -2.212e-9
359.500, -2.191e-9
360.000, -2.168e-9
360.500, -2.147e-9
361.000, -2.129e-9
361.500, -2.112e-9
362.000, -2.095e-9
362.500, -2.076e-9
363.000, -2.059e-9
363.500, -2.045e-9
364.000, -2.029e-9
364.500, -2.014e-9
365.000, -1.996e-9
365.500, -1.982e-9
366.000, -1.967e-9
366.500, -1.954e-9
367.000, -1.938e-9
367.500, -1.922e-9
368.000, -1.908e-9
368.500, -1.894e-9
369.000, -1.881e-9
369.500, -1.870e-9
370.000, -1.859e-9
370.500, -1.848e-9
371.000, -1.839e-9
371.500, -1.831e-9
372.000, -1.822e-9
372.500, -1.814e-9
373.000, -1.805e-9
373.500, -1.798e-9
374.000, -1.791e-9
374.500, -1.785e-9
375.000, -1.780e-9
375.500, -1.775e-9
376.000, -1.771e-9
376.500, -1.766e-9
377.000, -1.760e-9
377.500, -1.752e-9
378.000, -1.744e-9
378.500, -1.735e-9
379.000, -1.728e-9
379.500, -1.719e-9
380.000, -1.709e-9
380.500, -1.699e-9
381.000, -1.691e-9
381.500, -1.684e-9
382.000, -1.677e-9
382.500, -1.670e-9
383.000, -1.663e-9
383.500, -1.656e-9
384.000, -1.650e-9
384.500, -1.644e-9
385.000, -1.642e-9
385.500, -1.638e-9
386.000, -1.635e-9
386.500, -1.630e-9
387.000, -1.626e-9
387.500, -1.621e-9
388.000, -1.617e-9
388.500, -1.613e-9
389.000, -1.608e-9
389.500, -1.604e-9
390.000, -1.598e-9
390.500, -1.593e-9
391.000, -1.587e-9
391.500, -1.584e-9
392.000, -1.580e-9
392.500, -1.577e-9
393.000, -1.574e-9
393.500, -1.568e-9
394.000, -1.564e-9
394.500, -1.561e-9
395.000, -1.560e-9
395.500, -1.559e-9
396.000, -1.557e-9
396.500, -1.554e-9
397.000, -1.551e-9
397.500, -1.550e-9
398.000, -1.547e-9
398.500, -1.544e-9
399.000, -1.542e-9
399.500, -1.539e-9
400.000, -1.536e-9
400.500, -1.532e-9
401.000, -1.529e-9
401.500, -1.527e-9
402.000, -1.525e-9
402.500, -1.522e-9
403.000, -1.519e-9
403.500, -1.516e-9
404.000, -1.513e-9
404.500, -1.511e-9
405.000, -1.509e-9
405.500, -1.507e-9
406.000, -1.505e-9
406.500, -1.503e-9
407.000, -1.501e-9
407.500, -1.500e-9
408.000, -1.501e-9
408.500, -1.498e-9
409.000, -1.497e-9
409.500, -1.495e-9
410.000, -1.496e-9
410.500, -1.496e-9
411.000, -1.493e-9
411.500, -1.493e-9
412.000, -1.493e-9
412.500, -1.495e-9
413.000, -1.494e-9
413.500, -1.493e-9
414.000, -1.493e-9
414.500, -1.494e-9
415.000, -1.496e-9
415.500, -1.495e-9
416.000, -1.495e-9
416.500, -1.494e-9
417.000, -1.494e-9
417.500, -1.493e-9
418.000, -1.493e-9
418.500, -1.493e-9
419.000, -1.492e-9
419.500, -1.492e-9
420.000, -1.492e-9
420.500, -1.491e-9
421.000, -1.491e-9
421.500, -1.489e-9
422.000, -1.491e-9
422.500, -1.493e-9
423.000, -1.493e-9
423.500, -1.492e-9
424.000, -1.491e-9
424.500, -1.494e-9
425.000, -1.497e-9
425.500, -1.497e-9
426.000, -1.496e-9
426.500, -1.497e-9
427.000, -1.498e-9
427.500, -1.498e-9
428.000, -1.498e-9
428.500, -1.499e-9
429.000, -1.498e-9
429.500, -1.495e-9
430.000, -1.493e-9
430.500, -1.492e-9
431.000, -1.490e-9
431.500, -1.489e-9
432.000, -1.488e-9
432.500, -1.489e-9
433.000, -1.488e-9
433.500, -1.486e-9
434.000, -1.484e-9
434.500, -1.485e-9
435.000, -1.487e-9
435.500, -1.487e-9
436.000, -1.487e-9
436.500, -1.487e-9
437.000, -1.489e-9
437.500, -1.491e-9
438.000, -1.494e-9
438.500, -1.496e-9
439.000, -1.497e-9
439.500, -1.500e-9
440.000, -1.502e-9
440.500, -1.504e-9
441.000, -1.505e-9
441.500, -1.506e-9
442.000, -1.507e-9
442.500, -1.510e-9
443.000, -1.509e-9
443.500, -1.508e-9
444.000, -1.506e-9
444.500, -1.506e-9
445.000, -1.505e-9
445.500, -1.504e-9
446.000, -1.502e-9
446.500, -1.499e-9
447.000, -1.500e-9
447.500, -1.499e-9
448.000, -1.498e-9
448.500, -1.497e-9
449.000, -1.495e-9
449.500, -1.494e-9
450.000, -1.493e-9
450.500, -1.492e-9
451.000, -1.492e-9
451.500, -1.491e-9
452.000, -1.491e-9
452.500, -1.492e-9
453.000, -1.493e-9
453.500, -1.494e-9
454.000, -1.495e-9
454.500, -1.496e-9
455.000, -1.498e-9
455.500, -1.499e-9
456.000, -1.500e-9
456.500, -1.501e-9
457.000, -1.504e-9
457.500, -1.506e-9
458.000, -1.508e-9
458.500, -1.509e-9
459.000, -1.510e-9
459.500, -1.511e-9
460.000, -1.510e-9
460.500, -1.510e-9
461.000, -1.510e-9
461.500, -1.510e-9
462.000, -1.510e-9
462.500, -1.510e-9
463.000, -1.509e-9
463.500, -1.507e-9
464.000, -1.504e-9
464.500, -1.504e-9
465.000, -1.504e-9
465.500, -1.501e-9
466.000, -1.499e-9
466.500, -1.498e-9
467.000, -1.498e-9
467.500, -1.498e-9
468.000, -1.499e-9
468.500, -1.500e-9
469.000, -1.499e-9
469.500, -1.500e-9
470.000, -1.500e-9
470.500, -1.501e-9
471.000, -1.502e-9
471.500, -1.502e-9
472.000, -1.501e-9
472.500, -1.502e-9
473.000, -1.503e-9
473.500, -1.503e-9
474.000, -1.502e-9
474.500, -1.505e-9
475.000, -1.507e-9
475.500, -1.506e-9
476.000, -1.505e-9
476.500, -1.505e-9
477.000, -1.506e-9
477.500, -1.506e-9
478.000, -1.504e-9
478.500, -1.504e-9
479.000, -1.503e-9
479.500, -1.504e-9
480.000, -1.505e-9
480.500, -1.505e-9
481.000, -1.504e-9
481.500, -1.504e-9
482.000, -1.505e-9
482.500, -1.504e-9
483.000, -1.506e-9
483.500, -1.504e-9
484.000, -1.504e-9
484.500, -1.503e-9
485.000, -1.503e-9
485.500, -1.505e-9
486.000, -1.505e-9
486.500, -1.506e-9
487.000, -1.504e-9
487.500, -1.508e-9
488.000, -1.507e-9
488.500, -1.507e-9
489.000, -1.507e-9
489.500, -1.508e-9
490.000, -1.508e-9
490.500, -1.507e-9
491.000, -1.506e-9
491.500, -1.505e-9
492.000, -1.505e-9
492.500, -1.503e-9
493.000, -1.501e-9
493.500, -1.498e-9
494.000, -1.497e-9
494.500, -1.494e-9
495.000, -1.491e-9
495.500, -1.490e-9
496.000, -1.488e-9
496.500, -1.487e-9
497.000, -1.485e-9
497.500, -1.483e-9
498.000, -1.483e-9
498.500, -1.482e-9
499.000, -1.482e-9
499.500, -1.482e-9
500.000, -1.483e-9
