Distance/um, Current/A

0.500, -1.970e-9
1.000, -1.970e-9
1.500, -1.969e-9
2.000, -1.969e-9
2.500, -1.968e-9
3.000, -1.966e-9
3.500, -1.965e-9
4.000, -1.964e-9
4.500, -1.962e-9
5.000, -1.959e-9
5.500, -1.957e-9
6.000, -1.955e-9
6.500, -1.953e-9
7.000, -1.951e-9
7.500, -1.948e-9
8.000, -1.945e-9
8.500, -1.942e-9
9.000, -1.940e-9
9.500, -1.937e-9
10.000, -1.933e-9
10.500, -1.931e-9
11.000, -1.927e-9
11.500, -1.924e-9
12.000, -1.921e-9
12.500, -1.919e-9
13.000, -1.915e-9
13.500, -1.912e-9
14.000, -1.909e-9
14.500, -1.906e-9
15.000, -1.902e-9
15.500, -1.900e-9
16.000, -1.897e-9
16.500, -1.893e-9
17.000, -1.890e-9
17.500, -1.888e-9
18.000, -1.885e-9
18.500, -1.882e-9
19.000, -1.879e-9
19.500, -1.875e-9
20.000, -1.872e-9
20.500, -1.869e-9
21.000, -1.867e-9
21.500, -1.864e-9
22.000, -1.860e-9
22.500, -1.857e-9
23.000, -1.855e-9
23.500, -1.852e-9
24.000, -1.850e-9
24.500, -1.847e-9
25.000, -1.845e-9
25.500, -1.842e-9
26.000, -1.840e-9
26.500, -1.838e-9
27.000, -1.835e-9
27.500, -1.833e-9
28.000, -1.831e-9
28.500, -1.829e-9
29.000, -1.827e-9
29.500, -1.825e-9
30.000, -1.824e-9
30.500, -1.821e-9
31.000, -1.819e-9
31.500, -1.818e-9
32.000, -1.816e-9
32.500, -1.814e-9
33.000, -1.813e-9
33.500, -1.811e-9
34.000, -1.810e-9
34.500, -1.809e-9
35.000, -1.807e-9
35.500, -1.805e-9
36.000, -1.804e-9
36.500, -1.803e-9
37.000, -1.802e-9
37.500, -1.801e-9
38.000, -1.799e-9
38.500, -1.798e-9
39.000, -1.797e-9
39.500, -1.796e-9
40.000, -1.795e-9
40.500, -1.793e-9
41.000, -1.792e-9
41.500, -1.791e-9
42.000, -1.791e-9
42.500, -1.790e-9
43.000, -1.789e-9
43.500, -1.787e-9
44.000, -1.787e-9
44.500, -1.787e-9
45.000, -1.786e-9
45.500, -1.785e-9
46.000, -1.786e-9
46.500, -1.785e-9
47.000, -1.785e-9
47.500, -1.784e-9
48.000, -1.783e-9
48.500, -1.782e-9
49.000, -1.782e-9
49.500, -1.781e-9
50.000, -1.780e-9
50.500, -1.779e-9
51.000, -1.778e-9
51.500, -1.777e-9
52.000, -1.777e-9
52.500, -1.777e-9
53.000, -1.776e-9
53.500, -1.776e-9
54.000, -1.776e-9
54.500, -1.776e-9
55.000, -1.775e-9
55.500, -1.775e-9
56.000, -1.775e-9
56.500, -1.775e-9
57.000, -1.775e-9
57.500, -1.774e-9
58.000, -1.773e-9
58.500, -1.772e-9
59.000, -1.772e-9
59.500, -1.772e-9
60.000, -1.771e-9
60.500, -1.771e-9
61.000, -1.770e-9
61.500, -1.771e-9
62.000, -1.770e-9
62.500, -1.770e-9
63.000, -1.770e-9
63.500, -1.769e-9
64.000, -1.770e-9
64.500, -1.769e-9
65.000, -1.768e-9
65.500, -1.767e-9
66.000, -1.767e-9
66.500, -1.766e-9
67.000, -1.765e-9
67.500, -1.765e-9
68.000, -1.765e-9
68.500, -1.765e-9
69.000, -1.765e-9
69.500, -1.766e-9
70.000, -1.765e-9
70.500, -1.765e-9
71.000, -1.764e-9
71.500, -1.765e-9
72.000, -1.765e-9
72.500, -1.764e-9
73.000, -1.764e-9
73.500, -1.763e-9
74.000, -1.762e-9
74.500, -1.762e-9
75.000, -1.762e-9
75.500, -1.761e-9
76.000, -1.761e-9
76.500, -1.762e-9
77.000, -1.761e-9
77.500, -1.760e-9
78.000, -1.760e-9
78.500, -1.760e-9
79.000, -1.759e-9
79.500, -1.759e-9
80.000, -1.758e-9
80.500, -1.757e-9
81.000, -1.757e-9
81.500, -1.758e-9
82.000, -1.758e-9
82.500, -1.758e-9
83.000, -1.758e-9
83.500, -1.758e-9
84.000, -1.758e-9
84.500, -1.758e-9
85.000, -1.757e-9
85.500, -1.756e-9
86.000, -1.755e-9
86.500, -1.755e-9
87.000, -1.755e-9
87.500, -1.754e-9
88.000, -1.753e-9
88.500, -1.753e-9
89.000, -1.753e-9
89.500, -1.754e-9
90.000, -1.754e-9
90.500, -1.753e-9
91.000, -1.753e-9
91.500, -1.754e-9
92.000, -1.754e-9
92.500, -1.754e-9
93.000, -1.754e-9
93.500, -1.754e-9
94.000, -1.755e-9
94.500, -1.755e-9
95.000, -1.755e-9
95.500, -1.754e-9
96.000, -1.754e-9
96.500, -1.755e-9
97.000, -1.755e-9
97.500, -1.754e-9
98.000, -1.754e-9
98.500, -1.753e-9
99.000, -1.754e-9
99.500, -1.754e-9
100.000, -1.753e-9
100.500, -1.753e-9
101.000, -1.753e-9
101.500, -1.753e-9
102.000, -1.752e-9
102.500, -1.752e-9
103.000, -1.751e-9
103.500, -1.751e-9
104.000, -1.751e-9
104.500, -1.751e-9
105.000, -1.751e-9
105.500, -1.750e-9
106.000, -1.750e-9
106.500, -1.751e-9
107.000, -1.752e-9
107.500, -1.751e-9
108.000, -1.751e-9
108.500, -1.751e-9
109.000, -1.752e-9
109.500, -1.751e-9
110.000, -1.751e-9
110.500, -1.750e-9
111.000, -1.750e-9
111.500, -1.751e-9
112.000, -1.751e-9
112.500, -1.750e-9
113.000, -1.749e-9
113.500, -1.749e-9
114.000, -1.749e-9
114.500, -1.750e-9
115.000, -1.749e-9
115.500, -1.748e-9
116.000, -1.750e-9
116.500, -1.750e-9
117.000, -1.750e-9
117.500, -1.750e-9
118.000, -1.750e-9
118.500, -1.750e-9
119.000, -1.750e-9
119.500, -1.751e-9
120.000, -1.750e-9
120.500, -1.750e-9
121.000, -1.751e-9
121.500, -1.751e-9
122.000, -1.752e-9
122.500, -1.752e-9
123.000, -1.752e-9
123.500, -1.752e-9
124.000, -1.753e-9
124.500, -1.753e-9
125.000, -1.753e-9
125.500, -1.753e-9
126.000, -1.754e-9
126.500, -1.754e-9
127.000, -1.755e-9
127.500, -1.755e-9
128.000, -1.754e-9
128.500, -1.754e-9
129.000, -1.755e-9
129.500, -1.757e-9
130.000, -1.756e-9
130.500, -1.757e-9
131.000, -1.757e-9
131.500, -1.758e-9
132.000, -1.760e-9
132.500, -1.758e-9
133.000, -1.759e-9
133.500, -1.759e-9
134.000, -1.760e-9
134.500, -1.761e-9
135.000, -1.762e-9
135.500, -1.762e-9
136.000, -1.762e-9
136.500, -1.764e-9
137.000, -1.764e-9
137.500, -1.764e-9
138.000, -1.764e-9
138.500, -1.765e-9
139.000, -1.766e-9
139.500, -1.767e-9
140.000, -1.767e-9
140.500, -1.767e-9
141.000, -1.768e-9
141.500, -1.770e-9
142.000, -1.770e-9
142.500, -1.770e-9
143.000, -1.769e-9
143.500, -1.770e-9
144.000, -1.771e-9
144.500, -1.772e-9
145.000, -1.772e-9
145.500, -1.772e-9
146.000, -1.772e-9
146.500, -1.774e-9
147.000, -1.775e-9
147.500, -1.774e-9
148.000, -1.774e-9
148.500, -1.775e-9
149.000, -1.777e-9
149.500, -1.777e-9
150.000, -1.776e-9
150.500, -1.776e-9
151.000, -1.777e-9
151.500, -1.779e-9
152.000, -1.779e-9
152.500, -1.779e-9
153.000, -1.779e-9
153.500, -1.779e-9
154.000, -1.780e-9
154.500, -1.781e-9
155.000, -1.780e-9
155.500, -1.780e-9
156.000, -1.781e-9
156.500, -1.782e-9
157.000, -1.782e-9
157.500, -1.781e-9
158.000, -1.781e-9
158.500, -1.781e-9
159.000, -1.782e-9
159.500, -1.783e-9
160.000, -1.782e-9
160.500, -1.783e-9
161.000, -1.782e-9
161.500, -1.783e-9
162.000, -1.783e-9
162.500, -1.783e-9
163.000, -1.783e-9
163.500, -1.783e-9
164.000, -1.784e-9
164.500, -1.785e-9
165.000, -1.784e-9
165.500, -1.784e-9
166.000, -1.784e-9
166.500, -1.786e-9
167.000, -1.786e-9
167.500, -1.787e-9
168.000, -1.786e-9
168.500, -1.787e-9
169.000, -1.787e-9
169.500, -1.788e-9
170.000, -1.788e-9
170.500, -1.788e-9
171.000, -1.789e-9
171.500, -1.790e-9
172.000, -1.790e-9
172.500, -1.790e-9
173.000, -1.790e-9
173.500, -1.791e-9
174.000, -1.792e-9
174.500, -1.793e-9
175.000, -1.793e-9
175.500, -1.794e-9
176.000, -1.795e-9
176.500, -1.797e-9
177.000, -1.798e-9
177.500, -1.799e-9
178.000, -1.800e-9
178.500, -1.800e-9
179.000, -1.802e-9
179.500, -1.804e-9
180.000, -1.805e-9
180.500, -1.806e-9
181.000, -1.808e-9
181.500, -1.810e-9
182.000, -1.812e-9
182.500, -1.813e-9
183.000, -1.814e-9
183.500, -1.817e-9
184.000, -1.820e-9
184.500, -1.822e-9
185.000, -1.825e-9
185.500, -1.827e-9
186.000, -1.830e-9
186.500, -1.833e-9
187.000, -1.836e-9
187.500, -1.839e-9
188.000, -1.841e-9
188.500, -1.845e-9
189.000, -1.850e-9
189.500, -1.854e-9
190.000, -1.857e-9
190.500, -1.860e-9
191.000, -1.866e-9
191.500, -1.872e-9
192.000, -1.877e-9
192.500, -1.881e-9
193.000, -1.885e-9
193.500, -1.890e-9
194.000, -1.898e-9
194.500, -1.905e-9
195.000, -1.909e-9
195.500, -1.915e-9
196.000, -1.921e-9
196.500, -1.929e-9
197.000, -1.937e-9
197.500, -1.942e-9
198.000, -1.949e-9
198.500, -1.957e-9
199.000, -1.965e-9
199.500, -1.973e-9
200.000, -1.981e-9
200.500, -1.989e-9
201.000, -1.998e-9
201.500, -2.010e-9
202.000, -2.019e-9
202.500, -2.029e-9
203.000, -2.039e-9
203.500, -2.050e-9
204.000, -2.066e-9
204.500, -2.082e-9
205.000, -2.094e-9
205.500, -2.107e-9
206.000, -2.122e-9
206.500, -2.141e-9
207.000, -2.160e-9
207.500, -2.179e-9
208.000, -2.198e-9
208.500, -2.218e-9
209.000, -2.242e-9
209.500, -2.266e-9
210.000, -2.287e-9
210.500, -2.310e-9
211.000, -2.336e-9
211.500, -2.365e-9
212.000, -2.394e-9
212.500, -2.420e-9
213.000, -2.447e-9
213.500, -2.476e-9
214.000, -2.507e-9
214.500, -2.542e-9
215.000, -2.572e-9
215.500, -2.603e-9
216.000, -2.635e-9
216.500, -2.671e-9
217.000, -2.707e-9
217.500, -2.738e-9
218.000, -2.772e-9
218.500, -2.806e-9
219.000, -2.844e-9
219.500, -2.883e-9
220.000, -2.921e-9
220.500, -2.956e-9
221.000, -2.997e-9
221.500, -3.043e-9
222.000, -3.087e-9
222.500, -3.126e-9
223.000, -3.161e-9
223.500, -3.200e-9
224.000, -3.241e-9
224.500, -3.281e-9
225.000, -3.316e-9
225.500, -3.351e-9
226.000, -3.388e-9
226.500, -3.425e-9
227.000, -3.462e-9
227.500, -3.495e-9
228.000, -3.527e-9
228.500, -3.559e-9
229.000, -3.595e-9
229.500, -3.631e-9
230.000, -3.663e-9
230.500, -3.694e-9
231.000, -3.725e-9
231.500, -3.760e-9
232.000, -3.790e-9
232.500, -3.818e-9
233.000, -3.845e-9
233.500, -3.870e-9
234.000, -3.897e-9
234.500, -3.923e-9
235.000, -3.946e-9
235.500, -3.968e-9
236.000, -3.990e-9
236.500, -4.012e-9
237.000, -4.035e-9
237.500, -4.054e-9
238.000, -4.072e-9
238.500, -4.091e-9
239.000, -4.109e-9
239.500, -4.125e-9
240.000, -4.142e-9
240.500, -4.158e-9
241.000, -4.173e-9
241.500, -4.190e-9
242.000, -4.205e-9
242.500, -4.218e-9
243.000, -4.230e-9
243.500, -4.244e-9
244.000, -4.257e-9
244.500, -4.269e-9
245.000, -4.280e-9
245.500, -4.289e-9
246.000, -4.300e-9
246.500, -4.310e-9
247.000, -4.319e-9
247.500, -4.328e-9
248.000, -4.335e-9
248.500, -4.343e-9
249.000, -4.350e-9
249.500, -4.356e-9
250.000, -4.363e-9
250.500, -4.368e-9
251.000, -4.374e-9
251.500, -4.378e-9
252.000, -4.382e-9
252.500, -4.385e-9
253.000, -4.389e-9
253.500, -4.392e-9
254.000, -4.395e-9
254.500, -4.398e-9
255.000, -4.400e-9
255.500, -4.402e-9
256.000, -4.404e-9
256.500, -4.406e-9
257.000, -4.409e-9
257.500, -4.411e-9
258.000, -4.412e-9
258.500, -4.414e-9
259.000, -4.416e-9
259.500, -4.419e-9
260.000, -4.421e-9
260.500, -4.424e-9
261.000, -4.426e-9
261.500, -4.429e-9
262.000, -4.432e-9
262.500, -4.434e-9
263.000, -4.438e-9
263.500, -4.441e-9
264.000, -4.446e-9
264.500, -4.450e-9
265.000, -4.453e-9
265.500, -4.457e-9
266.000, -4.462e-9
266.500, -4.467e-9
267.000, -4.472e-9
267.500, -4.477e-9
268.000, -4.482e-9
268.500, -4.487e-9
269.000, -4.492e-9
269.500, -4.497e-9
270.000, -4.503e-9
270.500, -4.508e-9
271.000, -4.513e-9
271.500, -4.519e-9
272.000, -4.526e-9
272.500, -4.530e-9
273.000, -4.535e-9
273.500, -4.539e-9
274.000, -4.544e-9
274.500, -4.549e-9
275.000, -4.553e-9
275.500, -4.556e-9
276.000, -4.558e-9
276.500, -4.561e-9
277.000, -4.564e-9
277.500, -4.565e-9
278.000, -4.567e-9
278.500, -4.568e-9
279.000, -4.570e-9
279.500, -4.570e-9
280.000, -4.571e-9
280.500, -4.571e-9
281.000, -4.571e-9
281.500, -4.572e-9
282.000, -4.571e-9
282.500, -4.570e-9
283.000, -4.569e-9
283.500, -4.569e-9
284.000, -4.568e-9
284.500, -4.566e-9
285.000, -4.565e-9
285.500, -4.563e-9
286.000, -4.562e-9
286.500, -4.560e-9
287.000, -4.559e-9
287.500, -4.557e-9
288.000, -4.555e-9
288.500, -4.554e-9
289.000, -4.552e-9
289.500, -4.550e-9
290.000, -4.549e-9
290.500, -4.548e-9
291.000, -4.547e-9
291.500, -4.545e-9
292.000, -4.545e-9
292.500, -4.543e-9
293.000, -4.542e-9
293.500, -4.542e-9
294.000, -4.541e-9
294.500, -4.541e-9
295.000, -4.539e-9
295.500, -4.538e-9
296.000, -4.537e-9
296.500, -4.537e-9
297.000, -4.536e-9
297.500, -4.535e-9
298.000, -4.534e-9
298.500, -4.534e-9
299.000, -4.531e-9
299.500, -4.528e-9
300.000, -4.524e-9
300.500, -4.521e-9
301.000, -4.518e-9
301.500, -4.515e-9
302.000, -4.512e-9
302.500, -4.509e-9
303.000, -4.506e-9
303.500, -4.502e-9
304.000, -4.498e-9
304.500, -4.493e-9
305.000, -4.488e-9
305.500, -4.482e-9
306.000, -4.478e-9
306.500, -4.473e-9
307.000, -4.469e-9
307.500, -4.467e-9
308.000, -4.468e-9
308.500, -4.465e-9
309.000, -4.461e-9
309.500, -4.461e-9
310.000, -4.457e-9
310.500, -4.454e-9
311.000, -4.454e-9
311.500, -4.450e-9
312.000, -4.451e-9
312.500, -4.454e-9
313.000, -4.456e-9
313.500, -4.455e-9
314.000, -4.451e-9
314.500, -4.443e-9
315.000, -4.439e-9
315.500, -4.440e-9
316.000, -4.449e-9
316.500, -4.456e-9
317.000, -4.464e-9
317.500, -4.469e-9
318.000, -4.484e-9
318.500, -4.496e-9
319.000, -4.504e-9
319.500, -4.508e-9
320.000, -4.510e-9
320.500, -4.510e-9
321.000, -4.520e-9
321.500, -4.523e-9
322.000, -4.516e-9
322.500, -4.512e-9
323.000, -4.513e-9
323.500, -4.518e-9
324.000, -4.523e-9
324.500, -4.526e-9
325.000, -4.527e-9
325.500, -4.527e-9
326.000, -4.527e-9
326.500, -4.530e-9
327.000, -4.531e-9
327.500, -4.534e-9
328.000, -4.535e-9
328.500, -4.536e-9
329.000, -4.535e-9
329.500, -4.532e-9
330.000, -4.527e-9
330.500, -4.521e-9
331.000, -4.516e-9
331.500, -4.512e-9
332.000, -4.507e-9
332.500, -4.502e-9
333.000, -4.495e-9
333.500, -4.484e-9
334.000, -4.474e-9
334.500, -4.463e-9
335.000, -4.452e-9
335.500, -4.442e-9
336.000, -4.431e-9
336.500, -4.417e-9
337.000, -4.399e-9
337.500, -4.380e-9
338.000, -4.363e-9
338.500, -4.346e-9
339.000, -4.331e-9
339.500, -4.314e-9
340.000, -4.296e-9
340.500, -4.280e-9
341.000, -4.261e-9
341.500, -4.238e-9
342.000, -4.212e-9
342.500, -4.189e-9
343.000, -4.167e-9
343.500, -4.143e-9
344.000, -4.115e-9
344.500, -4.087e-9
345.000, -4.061e-9
345.500, -4.039e-9
346.000, -4.017e-9
346.500, -3.993e-9
347.000, -3.968e-9
347.500, -3.946e-9
348.000, -3.926e-9
348.500, -3.907e-9
349.000, -3.887e-9
349.500, -3.866e-9
350.000, -3.844e-9
350.500, -3.824e-9
351.000, -3.803e-9
351.500, -3.783e-9
352.000, -3.763e-9
352.500, -3.746e-9
353.000, -3.729e-9
353.500, -3.712e-9
354.000, -3.694e-9
354.500, -3.674e-9
355.000, -3.657e-9
355.500, -3.641e-9
356.000, -3.627e-9
356.500, -3.613e-9
357.000, -3.599e-9
357.500, -3.585e-9
358.000, -3.574e-9
358.500, -3.563e-9
359.000, -3.553e-9
359.500, -3.543e-9
360.000, -3.534e-9
360.500, -3.526e-9
361.000, -3.519e-9
361.500, -3.512e-9
362.000, -3.506e-9
362.500, -3.499e-9
363.000, -3.493e-9
363.500, -3.488e-9
364.000, -3.483e-9
364.500, -3.478e-9
365.000, -3.473e-9
365.500, -3.468e-9
366.000, -3.464e-9
366.500, -3.459e-9
367.000, -3.454e-9
367.500, -3.449e-9
368.000, -3.445e-9
368.500, -3.440e-9
369.000, -3.436e-9
369.500, -3.432e-9
370.000, -3.428e-9
370.500, -3.424e-9
371.000, -3.421e-9
371.500, -3.419e-9
372.000, -3.416e-9
372.500, -3.414e-9
373.000, -3.411e-9
373.500, -3.410e-9
374.000, -3.409e-9
374.500, -3.409e-9
375.000, -3.409e-9
375.500, -3.410e-9
376.000, -3.411e-9
376.500, -3.412e-9
377.000, -3.415e-9
377.500, -3.417e-9
378.000, -3.419e-9
378.500, -3.421e-9
379.000, -3.425e-9
379.500, -3.429e-9
380.000, -3.430e-9
380.500, -3.433e-9
381.000, -3.435e-9
381.500, -3.438e-9
382.000, -3.441e-9
382.500, -3.442e-9
383.000, -3.442e-9
383.500, -3.441e-9
384.000, -3.440e-9
384.500, -3.437e-9
385.000, -3.433e-9
385.500, -3.426e-9
386.000, -3.419e-9
386.500, -3.410e-9
387.000, -3.399e-9
387.500, -3.387e-9
388.000, -3.374e-9
388.500, -3.359e-9
389.000, -3.341e-9
389.500, -3.319e-9
390.000, -3.297e-9
390.500, -3.273e-9
391.000, -3.245e-9
391.500, -3.212e-9
392.000, -3.177e-9
392.500, -3.144e-9
393.000, -3.112e-9
393.500, -3.078e-9
394.000, -3.043e-9
394.500, -3.008e-9
395.000, -2.974e-9
395.500, -2.941e-9
396.000, -2.906e-9
396.500, -2.867e-9
397.000, -2.827e-9
397.500, -2.790e-9
398.000, -2.753e-9
398.500, -2.715e-9
399.000, -2.672e-9
399.500, -2.630e-9
400.000, -2.594e-9
400.500, -2.557e-9
401.000, -2.516e-9
401.500, -2.473e-9
402.000, -2.432e-9
402.500, -2.397e-9
403.000, -2.366e-9
403.500, -2.333e-9
404.000, -2.300e-9
404.500, -2.269e-9
405.000, -2.242e-9
405.500, -2.218e-9
406.000, -2.194e-9
406.500, -2.171e-9
407.000, -2.148e-9
407.500, -2.128e-9
408.000, -2.110e-9
408.500, -2.093e-9
409.000, -2.076e-9
409.500, -2.060e-9
410.000, -2.044e-9
410.500, -2.029e-9
411.000, -2.013e-9
411.500, -1.998e-9
412.000, -1.985e-9
412.500, -1.973e-9
413.000, -1.962e-9
413.500, -1.950e-9
414.000, -1.938e-9
414.500, -1.927e-9
415.000, -1.917e-9
415.500, -1.908e-9
416.000, -1.900e-9
416.500, -1.891e-9
417.000, -1.883e-9
417.500, -1.875e-9
418.000, -1.868e-9
418.500, -1.861e-9
419.000, -1.854e-9
419.500, -1.847e-9
420.000, -1.841e-9
420.500, -1.835e-9
421.000, -1.830e-9
421.500, -1.824e-9
422.000, -1.820e-9
422.500, -1.814e-9
423.000, -1.808e-9
423.500, -1.803e-9
424.000, -1.797e-9
424.500, -1.793e-9
425.000, -1.789e-9
425.500, -1.786e-9
426.000, -1.783e-9
426.500, -1.780e-9
427.000, -1.776e-9
427.500, -1.772e-9
428.000, -1.769e-9
428.500, -1.765e-9
429.000, -1.763e-9
429.500, -1.759e-9
430.000, -1.755e-9
430.500, -1.751e-9
431.000, -1.748e-9
431.500, -1.745e-9
432.000, -1.744e-9
432.500, -1.741e-9
433.000, -1.736e-9
433.500, -1.733e-9
434.000, -1.736e-9
434.500, -1.736e-9
435.000, -1.731e-9
435.500, -1.724e-9
436.000, -1.723e-9
436.500, -1.723e-9
437.000, -1.719e-9
437.500, -1.713e-9
438.000, -1.709e-9
438.500, -1.710e-9
439.000, -1.714e-9
439.500, -1.715e-9
440.000, -1.717e-9
440.500, -1.720e-9
441.000, -1.720e-9
441.500, -1.717e-9
442.000, -1.714e-9
442.500, -1.711e-9
443.000, -1.710e-9
443.500, -1.709e-9
444.000, -1.708e-9
444.500, -1.708e-9
445.000, -1.707e-9
445.500, -1.707e-9
446.000, -1.706e-9
446.500, -1.703e-9
447.000, -1.701e-9
447.500, -1.696e-9
448.000, -1.694e-9
448.500, -1.694e-9
449.000, -1.696e-9
449.500, -1.698e-9
450.000, -1.696e-9
450.500, -1.695e-9
451.000, -1.693e-9
451.500, -1.694e-9
452.000, -1.694e-9
452.500, -1.694e-9
453.000, -1.693e-9
453.500, -1.693e-9
454.000, -1.694e-9
454.500, -1.694e-9
455.000, -1.693e-9
455.500, -1.691e-9
456.000, -1.691e-9
456.500, -1.691e-9
457.000, -1.691e-9
457.500, -1.689e-9
458.000, -1.689e-9
458.500, -1.688e-9
459.000, -1.688e-9
459.500, -1.689e-9
460.000, -1.688e-9
460.500, -1.685e-9
461.000, -1.686e-9
461.500, -1.688e-9
462.000, -1.687e-9
462.500, -1.687e-9
463.000, -1.686e-9
463.500, -1.686e-9
464.000, -1.687e-9
464.500, -1.687e-9
465.000, -1.687e-9
465.500, -1.687e-9
466.000, -1.686e-9
466.500, -1.685e-9
467.000, -1.686e-9
467.500, -1.685e-9
468.000, -1.685e-9
468.500, -1.685e-9
469.000, -1.685e-9
469.500, -1.685e-9
470.000, -1.685e-9
470.500, -1.684e-9
471.000, -1.685e-9
471.500, -1.686e-9
472.000, -1.686e-9
472.500, -1.685e-9
473.000, -1.683e-9
473.500, -1.682e-9
474.000, -1.682e-9
474.500, -1.683e-9
475.000, -1.683e-9
475.500, -1.683e-9
476.000, -1.684e-9
476.500, -1.685e-9
477.000, -1.685e-9
477.500, -1.685e-9
478.000, -1.684e-9
478.500, -1.685e-9
479.000, -1.685e-9
479.500, -1.685e-9
480.000, -1.685e-9
480.500, -1.685e-9
481.000, -1.687e-9
481.500, -1.689e-9
482.000, -1.690e-9
482.500, -1.690e-9
483.000, -1.690e-9
483.500, -1.689e-9
484.000, -1.690e-9
484.500, -1.690e-9
485.000, -1.691e-9
485.500, -1.690e-9
486.000, -1.691e-9
486.500, -1.691e-9
487.000, -1.693e-9
487.500, -1.693e-9
488.000, -1.693e-9
488.500, -1.693e-9
489.000, -1.693e-9
489.500, -1.694e-9
490.000, -1.694e-9
490.500, -1.693e-9
491.000, -1.694e-9
491.500, -1.694e-9
492.000, -1.695e-9
492.500, -1.695e-9
493.000, -1.694e-9
493.500, -1.694e-9
494.000, -1.695e-9
494.500, -1.696e-9
495.000, -1.696e-9
495.500, -1.695e-9
496.000, -1.696e-9
496.500, -1.697e-9
497.000, -1.697e-9
497.500, -1.697e-9
498.000, -1.696e-9
498.500, -1.696e-9
499.000, -1.697e-9
499.500, -1.697e-9
500.000, -1.698e-9
