Distance/um, Current/A

0.500, -3.983e-9
1.000, -3.982e-9
1.500, -3.984e-9
2.000, -3.987e-9
2.500, -3.992e-9
3.000, -4.000e-9
3.500, -4.008e-9
4.000, -4.015e-9
4.500, -4.023e-9
5.000, -4.031e-9
5.500, -4.040e-9
6.000, -4.049e-9
6.500, -4.055e-9
7.000, -4.061e-9
7.500, -4.068e-9
8.000, -4.073e-9
8.500, -4.077e-9
9.000, -4.082e-9
9.500, -4.086e-9
10.000, -4.090e-9
10.500, -4.094e-9
11.000, -4.098e-9
11.500, -4.101e-9
12.000, -4.105e-9
12.500, -4.108e-9
13.000, -4.112e-9
13.500, -4.115e-9
14.000, -4.118e-9
14.500, -4.120e-9
15.000, -4.123e-9
15.500, -4.126e-9
16.000, -4.128e-9
16.500, -4.130e-9
17.000, -4.132e-9
17.500, -4.134e-9
18.000, -4.135e-9
18.500, -4.136e-9
19.000, -4.138e-9
19.500, -4.139e-9
20.000, -4.141e-9
20.500, -4.142e-9
21.000, -4.143e-9
21.500, -4.144e-9
22.000, -4.144e-9
22.500, -4.145e-9
23.000, -4.146e-9
23.500, -4.147e-9
24.000, -4.147e-9
24.500, -4.148e-9
25.000, -4.149e-9
25.500, -4.149e-9
26.000, -4.149e-9
26.500, -4.149e-9
27.000, -4.149e-9
27.500, -4.149e-9
28.000, -4.150e-9
28.500, -4.150e-9
29.000, -4.150e-9
29.500, -4.149e-9
30.000, -4.149e-9
30.500, -4.149e-9
31.000, -4.149e-9
31.500, -4.148e-9
32.000, -4.148e-9
32.500, -4.147e-9
33.000, -4.147e-9
33.500, -4.146e-9
34.000, -4.146e-9
34.500, -4.145e-9
35.000, -4.144e-9
35.500, -4.144e-9
36.000, -4.143e-9
36.500, -4.142e-9
37.000, -4.141e-9
37.500, -4.140e-9
38.000, -4.140e-9
38.500, -4.139e-9
39.000, -4.137e-9
39.500, -4.137e-9
40.000, -4.136e-9
40.500, -4.135e-9
41.000, -4.134e-9
41.500, -4.134e-9
42.000, -4.132e-9
42.500, -4.132e-9
43.000, -4.131e-9
43.500, -4.130e-9
44.000, -4.129e-9
44.500, -4.128e-9
45.000, -4.128e-9
45.500, -4.127e-9
46.000, -4.126e-9
46.500, -4.125e-9
47.000, -4.124e-9
47.500, -4.123e-9
48.000, -4.122e-9
48.500, -4.121e-9
49.000, -4.120e-9
49.500, -4.120e-9
50.000, -4.118e-9
50.500, -4.118e-9
51.000, -4.116e-9
51.500, -4.116e-9
52.000, -4.115e-9
52.500, -4.114e-9
53.000, -4.113e-9
53.500, -4.112e-9
54.000, -4.111e-9
54.500, -4.110e-9
55.000, -4.110e-9
55.500, -4.109e-9
56.000, -4.108e-9
56.500, -4.107e-9
57.000, -4.107e-9
57.500, -4.106e-9
58.000, -4.105e-9
58.500, -4.105e-9
59.000, -4.104e-9
59.500, -4.103e-9
60.000, -4.102e-9
60.500, -4.101e-9
61.000, -4.100e-9
61.500, -4.100e-9
62.000, -4.099e-9
62.500, -4.098e-9
63.000, -4.098e-9
63.500, -4.097e-9
64.000, -4.097e-9
64.500, -4.095e-9
65.000, -4.095e-9
65.500, -4.095e-9
66.000, -4.094e-9
66.500, -4.093e-9
67.000, -4.092e-9
67.500, -4.092e-9
68.000, -4.091e-9
68.500, -4.090e-9
69.000, -4.089e-9
69.500, -4.089e-9
70.000, -4.088e-9
70.500, -4.088e-9
71.000, -4.086e-9
71.500, -4.086e-9
72.000, -4.085e-9
72.500, -4.084e-9
73.000, -4.083e-9
73.500, -4.083e-9
74.000, -4.081e-9
74.500, -4.081e-9
75.000, -4.080e-9
75.500, -4.080e-9
76.000, -4.079e-9
76.500, -4.078e-9
77.000, -4.077e-9
77.500, -4.076e-9
78.000, -4.076e-9
78.500, -4.075e-9
79.000, -4.074e-9
79.500, -4.073e-9
80.000, -4.073e-9
80.500, -4.072e-9
81.000, -4.071e-9
81.500, -4.070e-9
82.000, -4.070e-9
82.500, -4.069e-9
83.000, -4.069e-9
83.500, -4.068e-9
84.000, -4.067e-9
84.500, -4.067e-9
85.000, -4.067e-9
85.500, -4.066e-9
86.000, -4.065e-9
86.500, -4.065e-9
87.000, -4.064e-9
87.500, -4.064e-9
88.000, -4.063e-9
88.500, -4.063e-9
89.000, -4.062e-9
89.500, -4.062e-9
90.000, -4.061e-9
90.500, -4.061e-9
91.000, -4.060e-9
91.500, -4.060e-9
92.000, -4.060e-9
92.500, -4.059e-9
93.000, -4.059e-9
93.500, -4.058e-9
94.000, -4.058e-9
94.500, -4.058e-9
95.000, -4.058e-9
95.500, -4.057e-9
96.000, -4.057e-9
96.500, -4.056e-9
97.000, -4.056e-9
97.500, -4.056e-9
98.000, -4.056e-9
98.500, -4.056e-9
99.000, -4.055e-9
99.500, -4.055e-9
100.000, -4.055e-9
100.500, -4.055e-9
101.000, -4.054e-9
101.500, -4.055e-9
102.000, -4.054e-9
102.500, -4.054e-9
103.000, -4.054e-9
103.500, -4.054e-9
104.000, -4.054e-9
104.500, -4.054e-9
105.000, -4.054e-9
105.500, -4.054e-9
106.000, -4.054e-9
106.500, -4.053e-9
107.000, -4.053e-9
107.500, -4.054e-9
108.000, -4.053e-9
108.500, -4.053e-9
109.000, -4.053e-9
109.500, -4.053e-9
110.000, -4.052e-9
110.500, -4.052e-9
111.000, -4.052e-9
111.500, -4.052e-9
112.000, -4.052e-9
112.500, -4.052e-9
113.000, -4.052e-9
113.500, -4.051e-9
114.000, -4.052e-9
114.500, -4.051e-9
115.000, -4.052e-9
115.500, -4.052e-9
116.000, -4.052e-9
116.500, -4.051e-9
117.000, -4.051e-9
117.500, -4.051e-9
118.000, -4.052e-9
118.500, -4.051e-9
119.000, -4.051e-9
119.500, -4.050e-9
120.000, -4.050e-9
120.500, -4.051e-9
121.000, -4.050e-9
121.500, -4.050e-9
122.000, -4.050e-9
122.500, -4.050e-9
123.000, -4.049e-9
123.500, -4.050e-9
124.000, -4.050e-9
124.500, -4.049e-9
125.000, -4.049e-9
125.500, -4.049e-9
126.000, -4.049e-9
126.500, -4.049e-9
127.000, -4.049e-9
127.500, -4.048e-9
128.000, -4.048e-9
128.500, -4.048e-9
129.000, -4.048e-9
129.500, -4.047e-9
130.000, -4.047e-9
130.500, -4.048e-9
131.000, -4.047e-9
131.500, -4.046e-9
132.000, -4.046e-9
132.500, -4.046e-9
133.000, -4.046e-9
133.500, -4.046e-9
134.000, -4.046e-9
134.500, -4.045e-9
135.000, -4.045e-9
135.500, -4.044e-9
136.000, -4.045e-9
136.500, -4.043e-9
137.000, -4.043e-9
137.500, -4.043e-9
138.000, -4.043e-9
138.500, -4.042e-9
139.000, -4.041e-9
139.500, -4.041e-9
140.000, -4.041e-9
140.500, -4.040e-9
141.000, -4.040e-9
141.500, -4.039e-9
142.000, -4.039e-9
142.500, -4.038e-9
143.000, -4.038e-9
143.500, -4.037e-9
144.000, -4.037e-9
144.500, -4.036e-9
145.000, -4.035e-9
145.500, -4.035e-9
146.000, -4.034e-9
146.500, -4.033e-9
147.000, -4.032e-9
147.500, -4.031e-9
148.000, -4.031e-9
148.500, -4.029e-9
149.000, -4.029e-9
149.500, -4.028e-9
150.000, -4.027e-9
150.500, -4.026e-9
151.000, -4.025e-9
151.500, -4.024e-9
152.000, -4.023e-9
152.500, -4.021e-9
153.000, -4.020e-9
153.500, -4.019e-9
154.000, -4.017e-9
154.500, -4.016e-9
155.000, -4.015e-9
155.500, -4.013e-9
156.000, -4.011e-9
156.500, -4.010e-9
157.000, -4.008e-9
157.500, -4.007e-9
158.000, -4.005e-9
158.500, -4.003e-9
159.000, -4.001e-9
159.500, -3.999e-9
160.000, -3.997e-9
160.500, -3.995e-9
161.000, -3.991e-9
161.500, -3.989e-9
162.000, -3.986e-9
162.500, -3.984e-9
163.000, -3.981e-9
163.500, -3.977e-9
164.000, -3.975e-9
164.500, -3.971e-9
165.000, -3.968e-9
165.500, -3.964e-9
166.000, -3.960e-9
166.500, -3.955e-9
167.000, -3.951e-9
167.500, -3.946e-9
168.000, -3.941e-9
168.500, -3.935e-9
169.000, -3.929e-9
169.500, -3.923e-9
170.000, -3.916e-9
170.500, -3.910e-9
171.000, -3.903e-9
171.500, -3.897e-9
172.000, -3.891e-9
172.500, -3.883e-9
173.000, -3.875e-9
173.500, -3.868e-9
174.000, -3.859e-9
174.500, -3.851e-9
175.000, -3.841e-9
175.500, -3.831e-9
176.000, -3.820e-9
176.500, -3.809e-9
177.000, -3.798e-9
177.500, -3.786e-9
178.000, -3.774e-9
178.500, -3.762e-9
179.000, -3.750e-9
179.500, -3.737e-9
180.000, -3.724e-9
180.500, -3.710e-9
181.000, -3.696e-9
181.500, -3.682e-9
182.000, -3.670e-9
182.500, -3.655e-9
183.000, -3.639e-9
183.500, -3.624e-9
184.000, -3.610e-9
184.500, -3.596e-9
185.000, -3.580e-9
185.500, -3.565e-9
186.000, -3.550e-9
186.500, -3.534e-9
187.000, -3.518e-9
187.500, -3.503e-9
188.000, -3.487e-9
188.500, -3.471e-9
189.000, -3.456e-9
189.500, -3.441e-9
190.000, -3.425e-9
190.500, -3.409e-9
191.000, -3.393e-9
191.500, -3.379e-9
192.000, -3.364e-9
192.500, -3.350e-9
193.000, -3.334e-9
193.500, -3.319e-9
194.000, -3.305e-9
194.500, -3.291e-9
195.000, -3.276e-9
195.500, -3.262e-9
196.000, -3.247e-9
196.500, -3.233e-9
197.000, -3.220e-9
197.500, -3.207e-9
198.000, -3.195e-9
198.500, -3.183e-9
199.000, -3.172e-9
199.500, -3.161e-9
200.000, -3.149e-9
200.500, -3.137e-9
201.000, -3.126e-9
201.500, -3.115e-9
202.000, -3.105e-9
202.500, -3.094e-9
203.000, -3.083e-9
203.500, -3.072e-9
204.000, -3.062e-9
204.500, -3.052e-9
205.000, -3.041e-9
205.500, -3.031e-9
206.000, -3.021e-9
206.500, -3.011e-9
207.000, -3.003e-9
207.500, -2.994e-9
208.000, -2.985e-9
208.500, -2.978e-9
209.000, -2.969e-9
209.500, -2.962e-9
210.000, -2.955e-9
210.500, -2.948e-9
211.000, -2.942e-9
211.500, -2.935e-9
212.000, -2.929e-9
212.500, -2.923e-9
213.000, -2.917e-9
213.500, -2.911e-9
214.000, -2.905e-9
214.500, -2.899e-9
215.000, -2.895e-9
215.500, -2.891e-9
216.000, -2.885e-9
216.500, -2.880e-9
217.000, -2.875e-9
217.500, -2.870e-9
218.000, -2.866e-9
218.500, -2.863e-9
219.000, -2.859e-9
219.500, -2.854e-9
220.000, -2.850e-9
220.500, -2.845e-9
221.000, -2.842e-9
221.500, -2.838e-9
222.000, -2.834e-9
222.500, -2.831e-9
223.000, -2.827e-9
223.500, -2.824e-9
224.000, -2.820e-9
224.500, -2.816e-9
225.000, -2.813e-9
225.500, -2.810e-9
226.000, -2.807e-9
226.500, -2.804e-9
227.000, -2.801e-9
227.500, -2.799e-9
228.000, -2.797e-9
228.500, -2.794e-9
229.000, -2.791e-9
229.500, -2.788e-9
230.000, -2.786e-9
230.500, -2.784e-9
231.000, -2.782e-9
231.500, -2.779e-9
232.000, -2.777e-9
232.500, -2.775e-9
233.000, -2.774e-9
233.500, -2.771e-9
234.000, -2.768e-9
234.500, -2.766e-9
235.000, -2.764e-9
235.500, -2.763e-9
236.000, -2.762e-9
236.500, -2.759e-9
237.000, -2.757e-9
237.500, -2.755e-9
238.000, -2.753e-9
238.500, -2.752e-9
239.000, -2.750e-9
239.500, -2.748e-9
240.000, -2.746e-9
240.500, -2.744e-9
241.000, -2.743e-9
241.500, -2.740e-9
242.000, -2.738e-9
242.500, -2.738e-9
243.000, -2.737e-9
243.500, -2.736e-9
244.000, -2.734e-9
244.500, -2.732e-9
245.000, -2.730e-9
245.500, -2.730e-9
246.000, -2.729e-9
246.500, -2.727e-9
247.000, -2.726e-9
247.500, -2.725e-9
248.000, -2.725e-9
248.500, -2.724e-9
249.000, -2.722e-9
249.500, -2.721e-9
250.000, -2.720e-9
250.500, -2.719e-9
251.000, -2.718e-9
251.500, -2.717e-9
252.000, -2.716e-9
252.500, -2.714e-9
253.000, -2.714e-9
253.500, -2.713e-9
254.000, -2.712e-9
254.500, -2.711e-9
255.000, -2.710e-9
255.500, -2.709e-9
256.000, -2.709e-9
256.500, -2.707e-9
257.000, -2.707e-9
257.500, -2.706e-9
258.000, -2.706e-9
258.500, -2.705e-9
259.000, -2.703e-9
259.500, -2.702e-9
260.000, -2.702e-9
260.500, -2.701e-9
261.000, -2.700e-9
261.500, -2.699e-9
262.000, -2.698e-9
262.500, -2.697e-9
263.000, -2.696e-9
263.500, -2.696e-9
264.000, -2.695e-9
264.500, -2.694e-9
265.000, -2.694e-9
265.500, -2.694e-9
266.000, -2.693e-9
266.500, -2.691e-9
267.000, -2.691e-9
267.500, -2.690e-9
268.000, -2.690e-9
268.500, -2.690e-9
269.000, -2.689e-9
269.500, -2.688e-9
270.000, -2.688e-9
270.500, -2.687e-9
271.000, -2.686e-9
271.500, -2.685e-9
272.000, -2.685e-9
272.500, -2.684e-9
273.000, -2.683e-9
273.500, -2.683e-9
274.000, -2.681e-9
274.500, -2.681e-9
275.000, -2.680e-9
275.500, -2.680e-9
276.000, -2.678e-9
276.500, -2.677e-9
277.000, -2.676e-9
277.500, -2.675e-9
278.000, -2.675e-9
278.500, -2.675e-9
279.000, -2.674e-9
279.500, -2.674e-9
280.000, -2.673e-9
280.500, -2.672e-9
281.000, -2.672e-9
281.500, -2.671e-9
282.000, -2.670e-9
282.500, -2.669e-9
283.000, -2.669e-9
283.500, -2.669e-9
284.000, -2.668e-9
284.500, -2.667e-9
285.000, -2.666e-9
285.500, -2.665e-9
286.000, -2.663e-9
286.500, -2.661e-9
287.000, -2.660e-9
287.500, -2.659e-9
288.000, -2.659e-9
288.500, -2.658e-9
289.000, -2.657e-9
289.500, -2.656e-9
290.000, -2.656e-9
290.500, -2.655e-9
291.000, -2.655e-9
291.500, -2.654e-9
292.000, -2.654e-9
292.500, -2.653e-9
293.000, -2.652e-9
293.500, -2.652e-9
294.000, -2.652e-9
294.500, -2.652e-9
295.000, -2.651e-9
295.500, -2.652e-9
296.000, -2.652e-9
296.500, -2.651e-9
297.000, -2.651e-9
297.500, -2.651e-9
298.000, -2.651e-9
298.500, -2.651e-9
299.000, -2.651e-9
299.500, -2.650e-9
300.000, -2.650e-9
300.500, -2.650e-9
301.000, -2.649e-9
301.500, -2.649e-9
302.000, -2.648e-9
302.500, -2.648e-9
303.000, -2.649e-9
303.500, -2.649e-9
304.000, -2.648e-9
304.500, -2.648e-9
305.000, -2.648e-9
305.500, -2.648e-9
306.000, -2.648e-9
306.500, -2.648e-9
307.000, -2.647e-9
307.500, -2.647e-9
308.000, -2.647e-9
308.500, -2.647e-9
309.000, -2.647e-9
309.500, -2.647e-9
310.000, -2.646e-9
310.500, -2.646e-9
311.000, -2.647e-9
311.500, -2.647e-9
312.000, -2.647e-9
312.500, -2.646e-9
313.000, -2.646e-9
313.500, -2.645e-9
314.000, -2.645e-9
314.500, -2.645e-9
315.000, -2.646e-9
315.500, -2.647e-9
316.000, -2.647e-9
316.500, -2.646e-9
317.000, -2.646e-9
317.500, -2.646e-9
318.000, -2.647e-9
318.500, -2.647e-9
319.000, -2.647e-9
319.500, -2.647e-9
320.000, -2.647e-9
320.500, -2.648e-9
321.000, -2.649e-9
321.500, -2.648e-9
322.000, -2.649e-9
322.500, -2.649e-9
323.000, -2.650e-9
323.500, -2.651e-9
324.000, -2.651e-9
324.500, -2.652e-9
325.000, -2.651e-9
325.500, -2.652e-9
326.000, -2.652e-9
326.500, -2.652e-9
327.000, -2.652e-9
327.500, -2.652e-9
328.000, -2.653e-9
328.500, -2.653e-9
329.000, -2.653e-9
329.500, -2.653e-9
330.000, -2.653e-9
330.500, -2.654e-9
331.000, -2.654e-9
331.500, -2.654e-9
332.000, -2.654e-9
332.500, -2.654e-9
333.000, -2.654e-9
333.500, -2.655e-9
334.000, -2.655e-9
334.500, -2.654e-9
335.000, -2.655e-9
335.500, -2.656e-9
336.000, -2.656e-9
336.500, -2.656e-9
337.000, -2.656e-9
337.500, -2.656e-9
338.000, -2.656e-9
338.500, -2.657e-9
339.000, -2.657e-9
339.500, -2.658e-9
340.000, -2.658e-9
340.500, -2.658e-9
341.000, -2.658e-9
341.500, -2.658e-9
342.000, -2.658e-9
342.500, -2.658e-9
343.000, -2.659e-9
343.500, -2.659e-9
344.000, -2.660e-9
344.500, -2.660e-9
345.000, -2.659e-9
345.500, -2.659e-9
346.000, -2.660e-9
346.500, -2.659e-9
347.000, -2.659e-9
347.500, -2.659e-9
348.000, -2.659e-9
348.500, -2.659e-9
349.000, -2.659e-9
349.500, -2.658e-9
350.000, -2.657e-9
350.500, -2.657e-9
351.000, -2.658e-9
351.500, -2.658e-9
352.000, -2.658e-9
352.500, -2.657e-9
353.000, -2.658e-9
353.500, -2.658e-9
354.000, -2.658e-9
354.500, -2.657e-9
355.000, -2.657e-9
355.500, -2.657e-9
356.000, -2.657e-9
356.500, -2.657e-9
357.000, -2.657e-9
357.500, -2.657e-9
358.000, -2.658e-9
358.500, -2.658e-9
359.000, -2.657e-9
359.500, -2.656e-9
360.000, -2.656e-9
360.500, -2.656e-9
361.000, -2.656e-9
361.500, -2.655e-9
362.000, -2.654e-9
362.500, -2.654e-9
363.000, -2.654e-9
363.500, -2.653e-9
364.000, -2.651e-9
364.500, -2.650e-9
365.000, -2.650e-9
365.500, -2.650e-9
366.000, -2.650e-9
366.500, -2.649e-9
367.000, -2.648e-9
367.500, -2.648e-9
368.000, -2.647e-9
368.500, -2.646e-9
369.000, -2.645e-9
369.500, -2.644e-9
370.000, -2.644e-9
370.500, -2.643e-9
371.000, -2.643e-9
371.500, -2.642e-9
372.000, -2.642e-9
372.500, -2.641e-9
373.000, -2.641e-9
373.500, -2.641e-9
374.000, -2.640e-9
374.500, -2.639e-9
375.000, -2.638e-9
375.500, -2.638e-9
376.000, -2.638e-9
376.500, -2.637e-9
377.000, -2.636e-9
377.500, -2.636e-9
378.000, -2.636e-9
378.500, -2.636e-9
379.000, -2.636e-9
379.500, -2.635e-9
380.000, -2.635e-9
380.500, -2.634e-9
381.000, -2.633e-9
381.500, -2.633e-9
382.000, -2.632e-9
382.500, -2.632e-9
383.000, -2.632e-9
383.500, -2.632e-9
384.000, -2.632e-9
384.500, -2.631e-9
385.000, -2.631e-9
385.500, -2.631e-9
386.000, -2.630e-9
386.500, -2.630e-9
387.000, -2.630e-9
387.500, -2.630e-9
388.000, -2.631e-9
388.500, -2.631e-9
389.000, -2.631e-9
389.500, -2.630e-9
390.000, -2.631e-9
390.500, -2.631e-9
391.000, -2.631e-9
391.500, -2.630e-9
392.000, -2.629e-9
392.500, -2.628e-9
393.000, -2.628e-9
393.500, -2.628e-9
394.000, -2.628e-9
394.500, -2.627e-9
395.000, -2.627e-9
395.500, -2.628e-9
396.000, -2.629e-9
396.500, -2.629e-9
397.000, -2.629e-9
397.500, -2.630e-9
398.000, -2.631e-9
398.500, -2.633e-9
399.000, -2.632e-9
399.500, -2.633e-9
400.000, -2.633e-9
400.500, -2.634e-9
401.000, -2.634e-9
401.500, -2.633e-9
402.000, -2.633e-9
402.500, -2.632e-9
403.000, -2.632e-9
403.500, -2.633e-9
404.000, -2.632e-9
404.500, -2.631e-9
405.000, -2.630e-9
405.500, -2.631e-9
406.000, -2.632e-9
406.500, -2.631e-9
407.000, -2.631e-9
407.500, -2.631e-9
408.000, -2.632e-9
408.500, -2.632e-9
409.000, -2.632e-9
409.500, -2.632e-9
410.000, -2.631e-9
410.500, -2.632e-9
411.000, -2.632e-9
411.500, -2.632e-9
412.000, -2.632e-9
412.500, -2.632e-9
413.000, -2.634e-9
413.500, -2.634e-9
414.000, -2.634e-9
414.500, -2.634e-9
415.000, -2.634e-9
415.500, -2.635e-9
416.000, -2.635e-9
416.500, -2.634e-9
417.000, -2.635e-9
417.500, -2.635e-9
418.000, -2.635e-9
418.500, -2.635e-9
419.000, -2.634e-9
419.500, -2.634e-9
420.000, -2.634e-9
420.500, -2.634e-9
421.000, -2.634e-9
421.500, -2.634e-9
422.000, -2.633e-9
422.500, -2.633e-9
423.000, -2.633e-9
423.500, -2.633e-9
424.000, -2.633e-9
424.500, -2.632e-9
425.000, -2.632e-9
425.500, -2.633e-9
426.000, -2.633e-9
426.500, -2.633e-9
427.000, -2.633e-9
427.500, -2.633e-9
428.000, -2.633e-9
428.500, -2.634e-9
429.000, -2.633e-9
429.500, -2.633e-9
430.000, -2.632e-9
430.500, -2.633e-9
431.000, -2.632e-9
431.500, -2.632e-9
432.000, -2.632e-9
432.500, -2.631e-9
433.000, -2.631e-9
433.500, -2.631e-9
434.000, -2.631e-9
434.500, -2.631e-9
435.000, -2.631e-9
435.500, -2.631e-9
436.000, -2.631e-9
436.500, -2.630e-9
437.000, -2.630e-9
437.500, -2.630e-9
438.000, -2.631e-9
438.500, -2.631e-9
439.000, -2.631e-9
439.500, -2.630e-9
440.000, -2.630e-9
440.500, -2.630e-9
441.000, -2.630e-9
441.500, -2.629e-9
442.000, -2.629e-9
442.500, -2.629e-9
443.000, -2.628e-9
443.500, -2.630e-9
444.000, -2.630e-9
444.500, -2.629e-9
445.000, -2.628e-9
445.500, -2.629e-9
446.000, -2.630e-9
446.500, -2.629e-9
447.000, -2.628e-9
447.500, -2.629e-9
448.000, -2.630e-9
448.500, -2.630e-9
449.000, -2.630e-9
449.500, -2.629e-9
450.000, -2.628e-9
450.500, -2.629e-9
451.000, -2.629e-9
451.500, -2.628e-9
452.000, -2.629e-9
452.500, -2.629e-9
453.000, -2.630e-9
453.500, -2.630e-9
454.000, -2.629e-9
454.500, -2.629e-9
455.000, -2.629e-9
455.500, -2.629e-9
456.000, -2.629e-9
456.500, -2.629e-9
457.000, -2.629e-9
457.500, -2.629e-9
458.000, -2.629e-9
458.500, -2.629e-9
459.000, -2.629e-9
459.500, -2.629e-9
460.000, -2.628e-9
460.500, -2.628e-9
461.000, -2.628e-9
461.500, -2.627e-9
462.000, -2.626e-9
462.500, -2.626e-9
463.000, -2.627e-9
463.500, -2.628e-9
464.000, -2.628e-9
464.500, -2.628e-9
465.000, -2.628e-9
465.500, -2.628e-9
466.000, -2.628e-9
466.500, -2.628e-9
467.000, -2.628e-9
467.500, -2.629e-9
468.000, -2.630e-9
468.500, -2.631e-9
469.000, -2.632e-9
469.500, -2.631e-9
470.000, -2.632e-9
470.500, -2.632e-9
471.000, -2.633e-9
471.500, -2.634e-9
472.000, -2.633e-9
472.500, -2.633e-9
473.000, -2.634e-9
473.500, -2.636e-9
474.000, -2.637e-9
474.500, -2.637e-9
475.000, -2.637e-9
475.500, -2.637e-9
476.000, -2.638e-9
476.500, -2.638e-9
477.000, -2.638e-9
477.500, -2.638e-9
478.000, -2.640e-9
478.500, -2.640e-9
479.000, -2.640e-9
479.500, -2.640e-9
480.000, -2.641e-9
480.500, -2.642e-9
481.000, -2.643e-9
481.500, -2.643e-9
482.000, -2.643e-9
482.500, -2.643e-9
483.000, -2.644e-9
483.500, -2.646e-9
484.000, -2.646e-9
484.500, -2.647e-9
485.000, -2.647e-9
485.500, -2.648e-9
486.000, -2.649e-9
486.500, -2.650e-9
487.000, -2.650e-9
487.500, -2.651e-9
488.000, -2.652e-9
488.500, -2.654e-9
489.000, -2.654e-9
489.500, -2.655e-9
490.000, -2.656e-9
490.500, -2.656e-9
491.000, -2.657e-9
491.500, -2.658e-9
492.000, -2.658e-9
492.500, -2.660e-9
493.000, -2.662e-9
493.500, -2.663e-9
494.000, -2.665e-9
494.500, -2.666e-9
495.000, -2.666e-9
495.500, -2.667e-9
496.000, -2.669e-9
496.500, -2.670e-9
497.000, -2.670e-9
497.500, -2.671e-9
498.000, -2.673e-9
498.500, -2.675e-9
499.000, -2.676e-9
499.500, -2.677e-9
500.000, -2.677e-9
500.500, -2.678e-9
501.000, -2.680e-9
501.500, -2.681e-9
502.000, -2.681e-9
502.500, -2.682e-9
503.000, -2.683e-9
503.500, -2.685e-9
504.000, -2.686e-9
504.500, -2.687e-9
505.000, -2.688e-9
505.500, -2.689e-9
506.000, -2.690e-9
506.500, -2.691e-9
507.000, -2.691e-9
507.500, -2.693e-9
508.000, -2.694e-9
508.500, -2.696e-9
509.000, -2.697e-9
509.500, -2.698e-9
510.000, -2.699e-9
510.500, -2.700e-9
511.000, -2.701e-9
511.500, -2.702e-9
512.000, -2.703e-9
512.500, -2.704e-9
513.000, -2.705e-9
513.500, -2.707e-9
514.000, -2.707e-9
514.500, -2.708e-9
515.000, -2.710e-9
515.500, -2.710e-9
516.000, -2.711e-9
516.500, -2.712e-9
517.000, -2.713e-9
517.500, -2.714e-9
518.000, -2.715e-9
518.500, -2.716e-9
519.000, -2.717e-9
519.500, -2.717e-9
520.000, -2.718e-9
520.500, -2.719e-9
521.000, -2.720e-9
521.500, -2.720e-9
522.000, -2.720e-9
522.500, -2.720e-9
523.000, -2.722e-9
523.500, -2.723e-9
524.000, -2.723e-9
524.500, -2.723e-9
525.000, -2.723e-9
525.500, -2.723e-9
526.000, -2.724e-9
526.500, -2.724e-9
527.000, -2.724e-9
527.500, -2.724e-9
528.000, -2.725e-9
528.500, -2.725e-9
529.000, -2.726e-9
529.500, -2.726e-9
530.000, -2.726e-9
530.500, -2.727e-9
531.000, -2.727e-9
531.500, -2.726e-9
532.000, -2.726e-9
532.500, -2.725e-9
533.000, -2.726e-9
533.500, -2.726e-9
534.000, -2.725e-9
534.500, -2.725e-9
535.000, -2.726e-9
535.500, -2.726e-9
536.000, -2.725e-9
536.500, -2.726e-9
537.000, -2.725e-9
537.500, -2.726e-9
538.000, -2.726e-9
538.500, -2.726e-9
539.000, -2.726e-9
539.500, -2.726e-9
540.000, -2.726e-9
540.500, -2.726e-9
541.000, -2.727e-9
541.500, -2.727e-9
542.000, -2.727e-9
542.500, -2.727e-9
543.000, -2.727e-9
543.500, -2.726e-9
544.000, -2.727e-9
544.500, -2.727e-9
545.000, -2.727e-9
545.500, -2.729e-9
546.000, -2.729e-9
546.500, -2.728e-9
547.000, -2.729e-9
547.500, -2.730e-9
548.000, -2.732e-9
548.500, -2.733e-9
549.000, -2.733e-9
549.500, -2.733e-9
550.000, -2.734e-9
550.500, -2.736e-9
551.000, -2.737e-9
551.500, -2.738e-9
552.000, -2.738e-9
552.500, -2.740e-9
553.000, -2.742e-9
553.500, -2.744e-9
554.000, -2.745e-9
554.500, -2.746e-9
555.000, -2.747e-9
555.500, -2.750e-9
556.000, -2.752e-9
556.500, -2.754e-9
557.000, -2.756e-9
557.500, -2.757e-9
558.000, -2.758e-9
558.500, -2.760e-9
559.000, -2.762e-9
559.500, -2.763e-9
560.000, -2.765e-9
560.500, -2.768e-9
561.000, -2.771e-9
561.500, -2.773e-9
562.000, -2.776e-9
562.500, -2.778e-9
563.000, -2.781e-9
563.500, -2.784e-9
564.000, -2.787e-9
564.500, -2.789e-9
565.000, -2.792e-9
565.500, -2.795e-9
566.000, -2.798e-9
566.500, -2.801e-9
567.000, -2.805e-9
567.500, -2.809e-9
568.000, -2.813e-9
568.500, -2.817e-9
569.000, -2.821e-9
569.500, -2.824e-9
570.000, -2.828e-9
570.500, -2.831e-9
571.000, -2.835e-9
571.500, -2.840e-9
572.000, -2.844e-9
572.500, -2.848e-9
573.000, -2.854e-9
573.500, -2.858e-9
574.000, -2.864e-9
574.500, -2.869e-9
575.000, -2.873e-9
575.500, -2.878e-9
576.000, -2.882e-9
576.500, -2.887e-9
577.000, -2.891e-9
577.500, -2.896e-9
578.000, -2.902e-9
578.500, -2.909e-9
579.000, -2.914e-9
579.500, -2.919e-9
580.000, -2.923e-9
580.500, -2.929e-9
581.000, -2.937e-9
581.500, -2.944e-9
582.000, -2.950e-9
582.500, -2.956e-9
583.000, -2.964e-9
583.500, -2.971e-9
584.000, -2.977e-9
584.500, -2.984e-9
585.000, -2.990e-9
585.500, -2.997e-9
586.000, -3.004e-9
586.500, -3.011e-9
587.000, -3.017e-9
587.500, -3.024e-9
588.000, -3.032e-9
588.500, -3.039e-9
589.000, -3.046e-9
589.500, -3.052e-9
590.000, -3.059e-9
590.500, -3.065e-9
591.000, -3.072e-9
591.500, -3.079e-9
592.000, -3.086e-9
592.500, -3.093e-9
593.000, -3.100e-9
593.500, -3.108e-9
594.000, -3.116e-9
594.500, -3.122e-9
595.000, -3.129e-9
595.500, -3.137e-9
596.000, -3.144e-9
596.500, -3.150e-9
597.000, -3.156e-9
597.500, -3.163e-9
598.000, -3.170e-9
598.500, -3.178e-9
599.000, -3.184e-9
599.500, -3.190e-9
600.000, -3.197e-9
600.500, -3.204e-9
601.000, -3.211e-9
601.500, -3.216e-9
602.000, -3.222e-9
602.500, -3.229e-9
603.000, -3.236e-9
603.500, -3.243e-9
604.000, -3.249e-9
604.500, -3.254e-9
605.000, -3.260e-9
605.500, -3.266e-9
606.000, -3.271e-9
606.500, -3.278e-9
607.000, -3.283e-9
607.500, -3.289e-9
608.000, -3.295e-9
608.500, -3.301e-9
609.000, -3.307e-9
609.500, -3.311e-9
610.000, -3.316e-9
610.500, -3.321e-9
611.000, -3.327e-9
611.500, -3.331e-9
612.000, -3.335e-9
612.500, -3.340e-9
613.000, -3.345e-9
613.500, -3.350e-9
614.000, -3.355e-9
614.500, -3.360e-9
615.000, -3.365e-9
615.500, -3.371e-9
616.000, -3.377e-9
616.500, -3.381e-9
617.000, -3.385e-9
617.500, -3.390e-9
618.000, -3.395e-9
618.500, -3.400e-9
619.000, -3.404e-9
619.500, -3.407e-9
620.000, -3.410e-9
620.500, -3.414e-9
621.000, -3.419e-9
621.500, -3.423e-9
622.000, -3.426e-9
622.500, -3.430e-9
623.000, -3.434e-9
623.500, -3.438e-9
624.000, -3.442e-9
624.500, -3.446e-9
625.000, -3.450e-9
625.500, -3.455e-9
626.000, -3.458e-9
626.500, -3.461e-9
627.000, -3.465e-9
627.500, -3.468e-9
628.000, -3.472e-9
628.500, -3.475e-9
629.000, -3.478e-9
629.500, -3.481e-9
630.000, -3.484e-9
630.500, -3.488e-9
631.000, -3.491e-9
631.500, -3.494e-9
632.000, -3.497e-9
632.500, -3.499e-9
633.000, -3.502e-9
633.500, -3.507e-9
634.000, -3.510e-9
634.500, -3.513e-9
635.000, -3.516e-9
635.500, -3.519e-9
636.000, -3.522e-9
636.500, -3.524e-9
637.000, -3.527e-9
637.500, -3.530e-9
638.000, -3.532e-9
638.500, -3.536e-9
639.000, -3.539e-9
639.500, -3.541e-9
640.000, -3.543e-9
640.500, -3.546e-9
641.000, -3.549e-9
641.500, -3.551e-9
642.000, -3.553e-9
642.500, -3.555e-9
643.000, -3.558e-9
643.500, -3.560e-9
644.000, -3.562e-9
644.500, -3.565e-9
645.000, -3.567e-9
645.500, -3.569e-9
646.000, -3.572e-9
646.500, -3.574e-9
647.000, -3.576e-9
647.500, -3.578e-9
648.000, -3.580e-9
648.500, -3.583e-9
649.000, -3.585e-9
649.500, -3.586e-9
650.000, -3.588e-9
650.500, -3.590e-9
651.000, -3.592e-9
651.500, -3.594e-9
652.000, -3.595e-9
652.500, -3.597e-9
653.000, -3.599e-9
653.500, -3.601e-9
654.000, -3.603e-9
654.500, -3.604e-9
655.000, -3.605e-9
655.500, -3.607e-9
656.000, -3.609e-9
656.500, -3.610e-9
657.000, -3.611e-9
657.500, -3.612e-9
658.000, -3.614e-9
658.500, -3.615e-9
659.000, -3.616e-9
659.500, -3.617e-9
660.000, -3.619e-9
660.500, -3.621e-9
661.000, -3.622e-9
661.500, -3.623e-9
662.000, -3.624e-9
662.500, -3.625e-9
663.000, -3.626e-9
663.500, -3.627e-9
664.000, -3.627e-9
664.500, -3.628e-9
665.000, -3.628e-9
665.500, -3.629e-9
666.000, -3.631e-9
666.500, -3.632e-9
667.000, -3.632e-9
667.500, -3.633e-9
668.000, -3.634e-9
668.500, -3.634e-9
669.000, -3.635e-9
669.500, -3.636e-9
670.000, -3.636e-9
670.500, -3.637e-9
671.000, -3.637e-9
671.500, -3.637e-9
672.000, -3.638e-9
672.500, -3.639e-9
673.000, -3.639e-9
673.500, -3.639e-9
674.000, -3.639e-9
674.500, -3.639e-9
675.000, -3.639e-9
675.500, -3.640e-9
676.000, -3.640e-9
676.500, -3.640e-9
677.000, -3.640e-9
677.500, -3.641e-9
678.000, -3.641e-9
678.500, -3.641e-9
679.000, -3.641e-9
679.500, -3.641e-9
680.000, -3.641e-9
680.500, -3.641e-9
681.000, -3.641e-9
681.500, -3.640e-9
682.000, -3.640e-9
682.500, -3.640e-9
683.000, -3.640e-9
683.500, -3.640e-9
684.000, -3.639e-9
684.500, -3.639e-9
685.000, -3.638e-9
685.500, -3.638e-9
686.000, -3.637e-9
686.500, -3.636e-9
687.000, -3.636e-9
687.500, -3.636e-9
688.000, -3.635e-9
688.500, -3.634e-9
689.000, -3.633e-9
689.500, -3.632e-9
690.000, -3.631e-9
690.500, -3.630e-9
691.000, -3.628e-9
691.500, -3.627e-9
692.000, -3.625e-9
692.500, -3.624e-9
693.000, -3.623e-9
693.500, -3.621e-9
694.000, -3.619e-9
694.500, -3.617e-9
695.000, -3.615e-9
695.500, -3.612e-9
696.000, -3.609e-9
696.500, -3.606e-9
697.000, -3.604e-9
697.500, -3.600e-9
698.000, -3.597e-9
698.500, -3.593e-9
699.000, -3.589e-9
699.500, -3.586e-9
700.000, -3.582e-9
700.500, -3.577e-9
701.000, -3.573e-9
701.500, -3.569e-9
702.000, -3.565e-9
702.500, -3.560e-9
703.000, -3.556e-9
703.500, -3.550e-9
704.000, -3.545e-9
704.500, -3.539e-9
705.000, -3.534e-9
705.500, -3.527e-9
706.000, -3.521e-9
706.500, -3.515e-9
707.000, -3.508e-9
707.500, -3.502e-9
708.000, -3.495e-9
708.500, -3.488e-9
709.000, -3.481e-9
709.500, -3.473e-9
710.000, -3.466e-9
710.500, -3.458e-9
711.000, -3.451e-9
711.500, -3.444e-9
712.000, -3.437e-9
712.500, -3.430e-9
713.000, -3.422e-9
713.500, -3.413e-9
714.000, -3.406e-9
714.500, -3.399e-9
715.000, -3.390e-9
715.500, -3.382e-9
716.000, -3.374e-9
716.500, -3.366e-9
717.000, -3.358e-9
717.500, -3.350e-9
718.000, -3.342e-9
718.500, -3.333e-9
719.000, -3.324e-9
719.500, -3.315e-9
720.000, -3.307e-9
720.500, -3.298e-9
721.000, -3.289e-9
721.500, -3.279e-9
722.000, -3.272e-9
722.500, -3.263e-9
723.000, -3.255e-9
723.500, -3.247e-9
724.000, -3.239e-9
724.500, -3.231e-9
725.000, -3.223e-9
725.500, -3.216e-9
726.000, -3.209e-9
726.500, -3.201e-9
727.000, -3.195e-9
727.500, -3.186e-9
728.000, -3.180e-9
728.500, -3.172e-9
729.000, -3.166e-9
729.500, -3.159e-9
730.000, -3.153e-9
730.500, -3.145e-9
731.000, -3.139e-9
731.500, -3.133e-9
732.000, -3.126e-9
732.500, -3.120e-9
733.000, -3.113e-9
733.500, -3.107e-9
734.000, -3.101e-9
734.500, -3.095e-9
735.000, -3.089e-9
735.500, -3.083e-9
736.000, -3.077e-9
736.500, -3.072e-9
737.000, -3.066e-9
737.500, -3.061e-9
738.000, -3.056e-9
738.500, -3.051e-9
739.000, -3.046e-9
739.500, -3.041e-9
740.000, -3.036e-9
740.500, -3.030e-9
741.000, -3.026e-9
741.500, -3.021e-9
742.000, -3.016e-9
742.500, -3.012e-9
743.000, -3.007e-9
743.500, -3.002e-9
744.000, -2.998e-9
744.500, -2.993e-9
745.000, -2.989e-9
745.500, -2.985e-9
746.000, -2.981e-9
746.500, -2.977e-9
747.000, -2.973e-9
747.500, -2.970e-9
748.000, -2.966e-9
748.500, -2.962e-9
749.000, -2.958e-9
749.500, -2.954e-9
750.000, -2.950e-9
750.500, -2.947e-9
751.000, -2.944e-9
751.500, -2.940e-9
752.000, -2.937e-9
752.500, -2.934e-9
753.000, -2.931e-9
753.500, -2.928e-9
754.000, -2.924e-9
754.500, -2.921e-9
755.000, -2.918e-9
755.500, -2.915e-9
756.000, -2.913e-9
756.500, -2.910e-9
757.000, -2.906e-9
757.500, -2.903e-9
758.000, -2.902e-9
758.500, -2.899e-9
759.000, -2.896e-9
759.500, -2.893e-9
760.000, -2.890e-9
760.500, -2.888e-9
761.000, -2.886e-9
761.500, -2.883e-9
762.000, -2.880e-9
762.500, -2.877e-9
763.000, -2.875e-9
763.500, -2.873e-9
764.000, -2.870e-9
764.500, -2.867e-9
765.000, -2.865e-9
765.500, -2.863e-9
766.000, -2.861e-9
766.500, -2.859e-9
767.000, -2.857e-9
767.500, -2.855e-9
768.000, -2.853e-9
768.500, -2.851e-9
769.000, -2.849e-9
769.500, -2.846e-9
770.000, -2.844e-9
770.500, -2.843e-9
771.000, -2.842e-9
771.500, -2.840e-9
772.000, -2.838e-9
772.500, -2.836e-9
773.000, -2.834e-9
773.500, -2.833e-9
774.000, -2.830e-9
774.500, -2.828e-9
775.000, -2.826e-9
775.500, -2.826e-9
776.000, -2.824e-9
776.500, -2.822e-9
777.000, -2.821e-9
777.500, -2.819e-9
778.000, -2.818e-9
778.500, -2.816e-9
779.000, -2.814e-9
779.500, -2.813e-9
780.000, -2.811e-9
780.500, -2.809e-9
781.000, -2.808e-9
781.500, -2.807e-9
782.000, -2.806e-9
782.500, -2.804e-9
783.000, -2.803e-9
783.500, -2.802e-9
784.000, -2.801e-9
784.500, -2.799e-9
785.000, -2.798e-9
785.500, -2.797e-9
786.000, -2.796e-9
786.500, -2.794e-9
787.000, -2.793e-9
787.500, -2.792e-9
788.000, -2.792e-9
788.500, -2.791e-9
789.000, -2.790e-9
789.500, -2.789e-9
790.000, -2.788e-9
790.500, -2.787e-9
791.000, -2.786e-9
791.500, -2.785e-9
792.000, -2.784e-9
792.500, -2.783e-9
793.000, -2.782e-9
793.500, -2.781e-9
794.000, -2.781e-9
794.500, -2.780e-9
795.000, -2.779e-9
795.500, -2.778e-9
796.000, -2.777e-9
796.500, -2.777e-9
797.000, -2.775e-9
797.500, -2.774e-9
798.000, -2.774e-9
798.500, -2.773e-9
799.000, -2.772e-9
799.500, -2.772e-9
800.000, -2.771e-9
800.500, -2.770e-9
801.000, -2.770e-9
801.500, -2.769e-9
802.000, -2.768e-9
802.500, -2.767e-9
803.000, -2.767e-9
803.500, -2.766e-9
804.000, -2.766e-9
804.500, -2.765e-9
805.000, -2.764e-9
805.500, -2.764e-9
806.000, -2.763e-9
806.500, -2.763e-9
807.000, -2.763e-9
807.500, -2.762e-9
808.000, -2.762e-9
808.500, -2.762e-9
809.000, -2.761e-9
809.500, -2.760e-9
810.000, -2.759e-9
810.500, -2.759e-9
811.000, -2.759e-9
811.500, -2.758e-9
812.000, -2.758e-9
812.500, -2.757e-9
813.000, -2.757e-9
813.500, -2.757e-9
814.000, -2.756e-9
814.500, -2.756e-9
815.000, -2.755e-9
815.500, -2.755e-9
816.000, -2.755e-9
816.500, -2.755e-9
817.000, -2.754e-9
817.500, -2.754e-9
818.000, -2.754e-9
818.500, -2.754e-9
819.000, -2.754e-9
819.500, -2.753e-9
820.000, -2.753e-9
820.500, -2.753e-9
821.000, -2.753e-9
821.500, -2.753e-9
822.000, -2.752e-9
822.500, -2.752e-9
823.000, -2.752e-9
823.500, -2.752e-9
824.000, -2.752e-9
824.500, -2.751e-9
825.000, -2.751e-9
825.500, -2.751e-9
826.000, -2.751e-9
826.500, -2.750e-9
827.000, -2.750e-9
827.500, -2.751e-9
828.000, -2.751e-9
828.500, -2.751e-9
829.000, -2.750e-9
829.500, -2.750e-9
830.000, -2.750e-9
830.500, -2.750e-9
831.000, -2.751e-9
831.500, -2.751e-9
832.000, -2.750e-9
832.500, -2.750e-9
833.000, -2.751e-9
833.500, -2.751e-9
834.000, -2.751e-9
834.500, -2.751e-9
835.000, -2.751e-9
835.500, -2.752e-9
836.000, -2.752e-9
836.500, -2.752e-9
837.000, -2.752e-9
837.500, -2.752e-9
838.000, -2.752e-9
838.500, -2.753e-9
839.000, -2.752e-9
839.500, -2.753e-9
840.000, -2.753e-9
840.500, -2.753e-9
841.000, -2.753e-9
841.500, -2.753e-9
842.000, -2.753e-9
842.500, -2.753e-9
843.000, -2.754e-9
843.500, -2.754e-9
844.000, -2.754e-9
844.500, -2.754e-9
845.000, -2.755e-9
845.500, -2.755e-9
846.000, -2.755e-9
846.500, -2.755e-9
847.000, -2.755e-9
847.500, -2.756e-9
848.000, -2.756e-9
848.500, -2.757e-9
849.000, -2.757e-9
849.500, -2.758e-9
850.000, -2.757e-9
850.500, -2.758e-9
851.000, -2.758e-9
851.500, -2.759e-9
852.000, -2.759e-9
852.500, -2.759e-9
853.000, -2.760e-9
853.500, -2.761e-9
854.000, -2.761e-9
854.500, -2.762e-9
855.000, -2.762e-9
855.500, -2.762e-9
856.000, -2.763e-9
856.500, -2.763e-9
857.000, -2.763e-9
857.500, -2.764e-9
858.000, -2.765e-9
858.500, -2.765e-9
859.000, -2.766e-9
859.500, -2.766e-9
860.000, -2.767e-9
860.500, -2.767e-9
861.000, -2.768e-9
861.500, -2.768e-9
862.000, -2.768e-9
862.500, -2.769e-9
863.000, -2.770e-9
863.500, -2.771e-9
864.000, -2.771e-9
864.500, -2.771e-9
865.000, -2.771e-9
865.500, -2.772e-9
866.000, -2.773e-9
866.500, -2.774e-9
867.000, -2.774e-9
867.500, -2.775e-9
868.000, -2.776e-9
868.500, -2.776e-9
869.000, -2.777e-9
869.500, -2.777e-9
870.000, -2.777e-9
870.500, -2.778e-9
871.000, -2.778e-9
871.500, -2.778e-9
872.000, -2.779e-9
872.500, -2.780e-9
873.000, -2.780e-9
873.500, -2.781e-9
874.000, -2.782e-9
874.500, -2.782e-9
875.000, -2.782e-9
875.500, -2.782e-9
876.000, -2.783e-9
876.500, -2.784e-9
877.000, -2.784e-9
877.500, -2.785e-9
878.000, -2.787e-9
878.500, -2.787e-9
879.000, -2.788e-9
879.500, -2.788e-9
880.000, -2.789e-9
880.500, -2.790e-9
881.000, -2.791e-9
881.500, -2.792e-9
882.000, -2.792e-9
882.500, -2.793e-9
883.000, -2.794e-9
883.500, -2.795e-9
884.000, -2.796e-9
884.500, -2.796e-9
885.000, -2.796e-9
885.500, -2.797e-9
886.000, -2.798e-9
886.500, -2.799e-9
887.000, -2.799e-9
887.500, -2.801e-9
888.000, -2.801e-9
888.500, -2.802e-9
889.000, -2.803e-9
889.500, -2.803e-9
890.000, -2.804e-9
890.500, -2.806e-9
891.000, -2.807e-9
891.500, -2.807e-9
892.000, -2.807e-9
892.500, -2.807e-9
893.000, -2.808e-9
893.500, -2.810e-9
894.000, -2.810e-9
894.500, -2.811e-9
895.000, -2.811e-9
895.500, -2.812e-9
896.000, -2.813e-9
896.500, -2.814e-9
897.000, -2.815e-9
897.500, -2.816e-9
898.000, -2.817e-9
898.500, -2.819e-9
899.000, -2.820e-9
899.500, -2.820e-9
900.000, -2.821e-9
900.500, -2.822e-9
901.000, -2.823e-9
901.500, -2.823e-9
902.000, -2.824e-9
902.500, -2.825e-9
903.000, -2.826e-9
903.500, -2.827e-9
904.000, -2.827e-9
904.500, -2.828e-9
905.000, -2.828e-9
905.500, -2.829e-9
906.000, -2.831e-9
906.500, -2.832e-9
907.000, -2.833e-9
907.500, -2.834e-9
908.000, -2.836e-9
908.500, -2.837e-9
909.000, -2.838e-9
909.500, -2.839e-9
910.000, -2.840e-9
910.500, -2.841e-9
911.000, -2.843e-9
911.500, -2.843e-9
912.000, -2.844e-9
912.500, -2.845e-9
913.000, -2.846e-9
913.500, -2.847e-9
914.000, -2.849e-9
914.500, -2.849e-9
915.000, -2.850e-9
915.500, -2.851e-9
916.000, -2.851e-9
916.500, -2.851e-9
917.000, -2.851e-9
917.500, -2.852e-9
918.000, -2.853e-9
918.500, -2.853e-9
919.000, -2.852e-9
919.500, -2.852e-9
920.000, -2.852e-9
920.500, -2.852e-9
921.000, -2.852e-9
921.500, -2.852e-9
922.000, -2.851e-9
922.500, -2.850e-9
923.000, -2.851e-9
923.500, -2.851e-9
924.000, -2.851e-9
924.500, -2.851e-9
925.000, -2.850e-9
925.500, -2.851e-9
926.000, -2.851e-9
926.500, -2.850e-9
927.000, -2.850e-9
927.500, -2.850e-9
928.000, -2.850e-9
928.500, -2.850e-9
929.000, -2.849e-9
929.500, -2.848e-9
930.000, -2.848e-9
930.500, -2.847e-9
931.000, -2.847e-9
931.500, -2.846e-9
932.000, -2.846e-9
932.500, -2.845e-9
933.000, -2.845e-9
933.500, -2.845e-9
934.000, -2.844e-9
934.500, -2.843e-9
935.000, -2.842e-9
935.500, -2.843e-9
936.000, -2.843e-9
936.500, -2.842e-9
937.000, -2.842e-9
937.500, -2.841e-9
938.000, -2.841e-9
938.500, -2.841e-9
939.000, -2.841e-9
939.500, -2.840e-9
940.000, -2.840e-9
940.500, -2.840e-9
941.000, -2.840e-9
941.500, -2.839e-9
942.000, -2.839e-9
942.500, -2.839e-9
943.000, -2.839e-9
943.500, -2.839e-9
944.000, -2.839e-9
944.500, -2.838e-9
945.000, -2.839e-9
945.500, -2.838e-9
946.000, -2.838e-9
946.500, -2.838e-9
947.000, -2.838e-9
947.500, -2.838e-9
948.000, -2.838e-9
948.500, -2.838e-9
949.000, -2.838e-9
949.500, -2.837e-9
950.000, -2.837e-9
950.500, -2.837e-9
951.000, -2.837e-9
951.500, -2.837e-9
952.000, -2.837e-9
952.500, -2.837e-9
953.000, -2.837e-9
953.500, -2.838e-9
954.000, -2.837e-9
954.500, -2.837e-9
955.000, -2.837e-9
955.500, -2.837e-9
956.000, -2.838e-9
956.500, -2.838e-9
957.000, -2.839e-9
957.500, -2.839e-9
958.000, -2.839e-9
958.500, -2.840e-9
959.000, -2.840e-9
959.500, -2.840e-9
960.000, -2.840e-9
960.500, -2.841e-9
961.000, -2.842e-9
961.500, -2.842e-9
962.000, -2.842e-9
962.500, -2.842e-9
963.000, -2.843e-9
963.500, -2.844e-9
964.000, -2.844e-9
964.500, -2.844e-9
965.000, -2.844e-9
965.500, -2.845e-9
966.000, -2.847e-9
966.500, -2.847e-9
967.000, -2.846e-9
967.500, -2.846e-9
968.000, -2.848e-9
968.500, -2.849e-9
969.000, -2.849e-9
969.500, -2.849e-9
970.000, -2.849e-9
970.500, -2.850e-9
971.000, -2.851e-9
971.500, -2.850e-9
972.000, -2.851e-9
972.500, -2.851e-9
973.000, -2.852e-9
973.500, -2.853e-9
974.000, -2.853e-9
974.500, -2.854e-9
975.000, -2.854e-9
975.500, -2.855e-9
976.000, -2.856e-9
976.500, -2.856e-9
977.000, -2.856e-9
977.500, -2.857e-9
978.000, -2.858e-9
978.500, -2.859e-9
979.000, -2.860e-9
979.500, -2.861e-9
980.000, -2.861e-9
980.500, -2.862e-9
981.000, -2.863e-9
981.500, -2.863e-9
982.000, -2.863e-9
982.500, -2.864e-9
983.000, -2.864e-9
983.500, -2.865e-9
984.000, -2.866e-9
984.500, -2.866e-9
985.000, -2.866e-9
985.500, -2.867e-9
986.000, -2.868e-9
986.500, -2.868e-9
987.000, -2.868e-9
987.500, -2.868e-9
988.000, -2.870e-9
988.500, -2.870e-9
989.000, -2.871e-9
989.500, -2.871e-9
990.000, -2.872e-9
990.500, -2.872e-9
991.000, -2.873e-9
991.500, -2.874e-9
992.000, -2.874e-9
992.500, -2.875e-9
993.000, -2.875e-9
993.500, -2.876e-9
994.000, -2.877e-9
994.500, -2.877e-9
995.000, -2.876e-9
995.500, -2.876e-9
996.000, -2.876e-9
996.500, -2.877e-9
997.000, -2.877e-9
997.500, -2.877e-9
998.000, -2.878e-9
998.500, -2.877e-9
999.000, -2.878e-9
999.500, -2.878e-9
1000.000, -2.878e-9
