Distance/um, Current/A

0.250, -1.410e-9
0.500, -1.404e-9
0.750, -1.403e-9
1.000, -1.399e-9
1.250, -1.398e-9
1.500, -1.396e-9
1.750, -1.397e-9
2.000, -1.396e-9
2.250, -1.396e-9
2.500, -1.396e-9
2.750, -1.394e-9
3.000, -1.394e-9
3.250, -1.392e-9
3.500, -1.392e-9
3.750, -1.391e-9
4.000, -1.390e-9
4.250, -1.390e-9
4.500, -1.386e-9
4.750, -1.387e-9
5.000, -1.384e-9
5.250, -1.384e-9
5.500, -1.384e-9
5.750, -1.381e-9
6.000, -1.381e-9
6.250, -1.378e-9
6.500, -1.376e-9
6.750, -1.373e-9
7.000, -1.374e-9
7.250, -1.371e-9
7.500, -1.369e-9
7.750, -1.367e-9
8.000, -1.366e-9
8.250, -1.364e-9
8.500, -1.362e-9
8.750, -1.359e-9
9.000, -1.357e-9
9.250, -1.355e-9
9.500, -1.353e-9
9.750, -1.352e-9
10.000, -1.349e-9
10.250, -1.349e-9
10.500, -1.346e-9
10.750, -1.344e-9
11.000, -1.341e-9
11.250, -1.338e-9
11.500, -1.336e-9
11.750, -1.333e-9
12.000, -1.332e-9
12.250, -1.327e-9
12.500, -1.327e-9
12.750, -1.323e-9
13.000, -1.322e-9
13.250, -1.319e-9
13.500, -1.316e-9
13.750, -1.315e-9
14.000, -1.311e-9
14.250, -1.309e-9
14.500, -1.306e-9
14.750, -1.305e-9
15.000, -1.303e-9
15.250, -1.300e-9
15.500, -1.298e-9
15.750, -1.295e-9
16.000, -1.293e-9
16.250, -1.289e-9
16.500, -1.288e-9
16.750, -1.284e-9
17.000, -1.283e-9
17.250, -1.281e-9
17.500, -1.279e-9
17.750, -1.278e-9
18.000, -1.276e-9
18.250, -1.274e-9
18.500, -1.272e-9
18.750, -1.269e-9
19.000, -1.268e-9
19.250, -1.263e-9
19.500, -1.263e-9
19.750, -1.260e-9
20.000, -1.258e-9
20.250, -1.258e-9
20.500, -1.255e-9
20.750, -1.254e-9
21.000, -1.251e-9
21.250, -1.248e-9
21.500, -1.247e-9
21.750, -1.246e-9
22.000, -1.244e-9
22.250, -1.244e-9
22.500, -1.240e-9
22.750, -1.241e-9
23.000, -1.238e-9
23.250, -1.236e-9
23.500, -1.235e-9
23.750, -1.234e-9
24.000, -1.232e-9
24.250, -1.229e-9
24.500, -1.228e-9
24.750, -1.226e-9
25.000, -1.225e-9
25.250, -1.222e-9
25.500, -1.223e-9
25.750, -1.221e-9
26.000, -1.218e-9
26.250, -1.218e-9
26.500, -1.216e-9
26.750, -1.215e-9
27.000, -1.214e-9
27.250, -1.211e-9
27.500, -1.209e-9
27.750, -1.207e-9
28.000, -1.208e-9
28.250, -1.205e-9
28.500, -1.205e-9
28.750, -1.203e-9
29.000, -1.203e-9
29.250, -1.200e-9
29.500, -1.200e-9
29.750, -1.198e-9
30.000, -1.199e-9
30.250, -1.198e-9
30.500, -1.196e-9
30.750, -1.196e-9
31.000, -1.194e-9
31.250, -1.192e-9
31.500, -1.193e-9
31.750, -1.191e-9
32.000, -1.191e-9
32.250, -1.189e-9
32.500, -1.189e-9
32.750, -1.188e-9
33.000, -1.188e-9
33.250, -1.188e-9
33.500, -1.187e-9
33.750, -1.186e-9
34.000, -1.185e-9
34.250, -1.183e-9
34.500, -1.183e-9
34.750, -1.181e-9
35.000, -1.182e-9
35.250, -1.182e-9
35.500, -1.181e-9
35.750, -1.181e-9
36.000, -1.180e-9
36.250, -1.179e-9
36.500, -1.179e-9
36.750, -1.177e-9
37.000, -1.179e-9
37.250, -1.177e-9
37.500, -1.175e-9
37.750, -1.176e-9
38.000, -1.175e-9
38.250, -1.176e-9
38.500, -1.174e-9
38.750, -1.176e-9
39.000, -1.174e-9
39.250, -1.175e-9
39.500, -1.172e-9
39.750, -1.175e-9
40.000, -1.171e-9
40.250, -1.175e-9
40.500, -1.173e-9
40.750, -1.173e-9
41.000, -1.172e-9
41.250, -1.172e-9
41.500, -1.172e-9
41.750, -1.173e-9
42.000, -1.172e-9
42.250, -1.173e-9
42.500, -1.172e-9
42.750, -1.172e-9
43.000, -1.172e-9
43.250, -1.174e-9
43.500, -1.173e-9
43.750, -1.173e-9
44.000, -1.174e-9
44.250, -1.174e-9
44.500, -1.174e-9
44.750, -1.173e-9
45.000, -1.174e-9
45.250, -1.174e-9
45.500, -1.175e-9
45.750, -1.175e-9
46.000, -1.175e-9
46.250, -1.174e-9
46.500, -1.176e-9
46.750, -1.176e-9
47.000, -1.178e-9
47.250, -1.176e-9
47.500, -1.180e-9
47.750, -1.177e-9
48.000, -1.180e-9
48.250, -1.179e-9
48.500, -1.180e-9
48.750, -1.182e-9
49.000, -1.181e-9
49.250, -1.184e-9
49.500, -1.183e-9
49.750, -1.185e-9
50.000, -1.185e-9
50.250, -1.186e-9
50.500, -1.189e-9
50.750, -1.188e-9
51.000, -1.191e-9
51.250, -1.191e-9
51.500, -1.192e-9
51.750, -1.195e-9
52.000, -1.195e-9
52.250, -1.198e-9
52.500, -1.197e-9
52.750, -1.200e-9
53.000, -1.201e-9
53.250, -1.204e-9
53.500, -1.203e-9
53.750, -1.207e-9
54.000, -1.208e-9
54.250, -1.210e-9
54.500, -1.212e-9
54.750, -1.214e-9
55.000, -1.216e-9
55.250, -1.216e-9
55.500, -1.219e-9
55.750, -1.222e-9
56.000, -1.222e-9
56.250, -1.225e-9
56.500, -1.227e-9
56.750, -1.229e-9
57.000, -1.234e-9
57.250, -1.233e-9
57.500, -1.239e-9
57.750, -1.239e-9
58.000, -1.242e-9
58.250, -1.246e-9
58.500, -1.249e-9
58.750, -1.254e-9
59.000, -1.255e-9
59.250, -1.259e-9
59.500, -1.264e-9
59.750, -1.267e-9
60.000, -1.269e-9
60.250, -1.273e-9
60.500, -1.276e-9
60.750, -1.280e-9
61.000, -1.282e-9
61.250, -1.286e-9
61.500, -1.292e-9
61.750, -1.296e-9
62.000, -1.300e-9
62.250, -1.305e-9
62.500, -1.308e-9
62.750, -1.312e-9
63.000, -1.318e-9
63.250, -1.323e-9
63.500, -1.329e-9
63.750, -1.337e-9
64.000, -1.344e-9
64.250, -1.352e-9
64.500, -1.357e-9
64.750, -1.366e-9
65.000, -1.371e-9
65.250, -1.377e-9
65.500, -1.386e-9
65.750, -1.393e-9
66.000, -1.401e-9
66.250, -1.414e-9
66.500, -1.426e-9
66.750, -1.439e-9
67.000, -1.450e-9
67.250, -1.460e-9
67.500, -1.470e-9
67.750, -1.481e-9
68.000, -1.494e-9
68.250, -1.511e-9
68.500, -1.526e-9
68.750, -1.545e-9
69.000, -1.565e-9
69.250, -1.584e-9
69.500, -1.601e-9
69.750, -1.617e-9
70.000, -1.634e-9
70.250, -1.647e-9
70.500, -1.664e-9
70.750, -1.682e-9
71.000, -1.700e-9
71.250, -1.723e-9
71.500, -1.748e-9
71.750, -1.773e-9
72.000, -1.797e-9
72.250, -1.816e-9
72.500, -1.833e-9
72.750, -1.853e-9
73.000, -1.874e-9
73.250, -1.902e-9
73.500, -1.931e-9
73.750, -1.963e-9
74.000, -1.996e-9
74.250, -2.026e-9
74.500, -2.055e-9
74.750, -2.081e-9
75.000, -2.106e-9
75.250, -2.132e-9
75.500, -2.160e-9
75.750, -2.192e-9
76.000, -2.225e-9
76.250, -2.263e-9
76.500, -2.309e-9
76.750, -2.351e-9
77.000, -2.387e-9
77.250, -2.418e-9
77.500, -2.447e-9
77.750, -2.475e-9
78.000, -2.509e-9
78.250, -2.546e-9
78.500, -2.579e-9
78.750, -2.620e-9
79.000, -2.664e-9
79.250, -2.700e-9
79.500, -2.734e-9
79.750, -2.761e-9
80.000, -2.789e-9
80.250, -2.814e-9
80.500, -2.843e-9
80.750, -2.874e-9
81.000, -2.905e-9
81.250, -2.947e-9
81.500, -2.991e-9
81.750, -3.034e-9
82.000, -3.071e-9
82.250, -3.103e-9
82.500, -3.129e-9
82.750, -3.160e-9
83.000, -3.194e-9
83.250, -3.239e-9
83.500, -3.289e-9
83.750, -3.347e-9
84.000, -3.409e-9
84.250, -3.472e-9
84.500, -3.528e-9
84.750, -3.577e-9
85.000, -3.624e-9
85.250, -3.671e-9
85.500, -3.725e-9
85.750, -3.786e-9
86.000, -3.852e-9
86.250, -3.920e-9
86.500, -3.998e-9
86.750, -4.073e-9
87.000, -4.137e-9
87.250, -4.191e-9
87.500, -4.239e-9
87.750, -4.289e-9
88.000, -4.346e-9
88.250, -4.411e-9
88.500, -4.477e-9
88.750, -4.545e-9
89.000, -4.616e-9
89.250, -4.681e-9
89.500, -4.737e-9
89.750, -4.786e-9
90.000, -4.831e-9
90.250, -4.875e-9
90.500, -4.922e-9
90.750, -4.971e-9
91.000, -5.022e-9
91.250, -5.078e-9
91.500, -5.137e-9
91.750, -5.190e-9
92.000, -5.235e-9
92.250, -5.275e-9
92.500, -5.309e-9
92.750, -5.342e-9
93.000, -5.379e-9
93.250, -5.423e-9
93.500, -5.471e-9
93.750, -5.520e-9
94.000, -5.570e-9
94.250, -5.616e-9
94.500, -5.657e-9
94.750, -5.690e-9
95.000, -5.720e-9
95.250, -5.747e-9
95.500, -5.776e-9
95.750, -5.808e-9
96.000, -5.840e-9
96.250, -5.875e-9
96.500, -5.909e-9
96.750, -5.947e-9
97.000, -5.976e-9
97.250, -6.004e-9
97.500, -6.029e-9
97.750, -6.056e-9
98.000, -6.085e-9
98.250, -6.118e-9
98.500, -6.154e-9
98.750, -6.191e-9
99.000, -6.229e-9
99.250, -6.262e-9
99.500, -6.291e-9
99.750, -6.315e-9
100.000, -6.337e-9
100.250, -6.361e-9
100.500, -6.381e-9
100.750, -6.406e-9
101.000, -6.431e-9
101.250, -6.456e-9
101.500, -6.487e-9
101.750, -6.508e-9
102.000, -6.530e-9
102.250, -6.545e-9
102.500, -6.561e-9
102.750, -6.575e-9
103.000, -6.592e-9
103.250, -6.609e-9
103.500, -6.624e-9
103.750, -6.646e-9
104.000, -6.663e-9
104.250, -6.679e-9
104.500, -6.693e-9
104.750, -6.703e-9
105.000, -6.715e-9
105.250, -6.723e-9
105.500, -6.733e-9
105.750, -6.744e-9
106.000, -6.756e-9
106.250, -6.767e-9
106.500, -6.777e-9
106.750, -6.785e-9
107.000, -6.791e-9
107.250, -6.800e-9
107.500, -6.804e-9
107.750, -6.807e-9
108.000, -6.824e-9
108.250, -6.830e-9
108.500, -6.819e-9
108.750, -6.799e-9
109.000, -6.790e-9
109.250, -6.784e-9
109.500, -6.803e-9
109.750, -6.818e-9
110.000, -6.837e-9
110.250, -6.843e-9
110.500, -6.842e-9
110.750, -6.855e-9
111.000, -6.871e-9
111.250, -6.880e-9
111.500, -6.882e-9
111.750, -6.863e-9
112.000, -6.856e-9
112.250, -6.843e-9
112.500, -6.812e-9
112.750, -6.799e-9
113.000, -6.787e-9
113.250, -6.773e-9
113.500, -6.749e-9
113.750, -6.737e-9
114.000, -6.730e-9
114.250, -6.708e-9
114.500, -6.702e-9
114.750, -6.699e-9
115.000, -6.680e-9
115.250, -6.674e-9
115.500, -6.670e-9
115.750, -6.654e-9
116.000, -6.620e-9
116.250, -6.602e-9
116.500, -6.585e-9
116.750, -6.557e-9
117.000, -6.538e-9
117.250, -6.524e-9
117.500, -6.506e-9
117.750, -6.493e-9
118.000, -6.477e-9
118.250, -6.456e-9
118.500, -6.428e-9
118.750, -6.400e-9
119.000, -6.370e-9
119.250, -6.347e-9
119.500, -6.327e-9
119.750, -6.309e-9
120.000, -6.296e-9
120.250, -6.281e-9
120.500, -6.259e-9
120.750, -6.237e-9
121.000, -6.220e-9
121.250, -6.191e-9
121.500, -6.162e-9
121.750, -6.132e-9
122.000, -6.109e-9
122.250, -6.078e-9
122.500, -6.062e-9
122.750, -6.056e-9
123.000, -6.026e-9
123.250, -6.008e-9
123.500, -5.990e-9
123.750, -5.959e-9
124.000, -5.937e-9
124.250, -5.910e-9
124.500, -5.888e-9
124.750, -5.867e-9
125.000, -5.850e-9
125.250, -5.836e-9
125.500, -5.820e-9
125.750, -5.800e-9
126.000, -5.786e-9
126.250, -5.766e-9
126.500, -5.741e-9
126.750, -5.721e-9
127.000, -5.700e-9
127.250, -5.679e-9
127.500, -5.664e-9
127.750, -5.649e-9
128.000, -5.629e-9
128.250, -5.611e-9
128.500, -5.597e-9
128.750, -5.578e-9
129.000, -5.562e-9
129.250, -5.551e-9
129.500, -5.535e-9
129.750, -5.520e-9
130.000, -5.509e-9
130.250, -5.497e-9
130.500, -5.484e-9
130.750, -5.468e-9
131.000, -5.453e-9
131.250, -5.437e-9
131.500, -5.418e-9
131.750, -5.402e-9
132.000, -5.386e-9
132.250, -5.374e-9
132.500, -5.363e-9
132.750, -5.353e-9
133.000, -5.340e-9
133.250, -5.327e-9
133.500, -5.315e-9
133.750, -5.296e-9
134.000, -5.282e-9
134.250, -5.266e-9
134.500, -5.254e-9
134.750, -5.244e-9
135.000, -5.237e-9
135.250, -5.229e-9
135.500, -5.218e-9
135.750, -5.209e-9
136.000, -5.197e-9
136.250, -5.185e-9
136.500, -5.175e-9
136.750, -5.165e-9
137.000, -5.158e-9
137.250, -5.153e-9
137.500, -5.150e-9
137.750, -5.146e-9
138.000, -5.142e-9
138.250, -5.141e-9
138.500, -5.137e-9
138.750, -5.134e-9
139.000, -5.132e-9
139.250, -5.130e-9
139.500, -5.127e-9
139.750, -5.128e-9
140.000, -5.126e-9
140.250, -5.127e-9
140.500, -5.126e-9
140.750, -5.126e-9
141.000, -5.127e-9
141.250, -5.131e-9
141.500, -5.134e-9
141.750, -5.138e-9
142.000, -5.142e-9
142.250, -5.145e-9
142.500, -5.148e-9
142.750, -5.152e-9
143.000, -5.156e-9
143.250, -5.162e-9
143.500, -5.168e-9
143.750, -5.175e-9
144.000, -5.183e-9
144.250, -5.191e-9
144.500, -5.199e-9
144.750, -5.206e-9
145.000, -5.212e-9
145.250, -5.220e-9
145.500, -5.226e-9
145.750, -5.236e-9
146.000, -5.245e-9
146.250, -5.253e-9
146.500, -5.263e-9
146.750, -5.273e-9
147.000, -5.281e-9
147.250, -5.288e-9
147.500, -5.298e-9
147.750, -5.307e-9
148.000, -5.321e-9
148.250, -5.335e-9
148.500, -5.348e-9
148.750, -5.364e-9
149.000, -5.378e-9
149.250, -5.392e-9
149.500, -5.405e-9
149.750, -5.414e-9
150.000, -5.421e-9
150.250, -5.430e-9
150.500, -5.440e-9
150.750, -5.453e-9
151.000, -5.470e-9
151.250, -5.488e-9
151.500, -5.506e-9
151.750, -5.522e-9
152.000, -5.535e-9
152.250, -5.545e-9
152.500, -5.552e-9
152.750, -5.562e-9
153.000, -5.569e-9
153.250, -5.579e-9
153.500, -5.593e-9
153.750, -5.604e-9
154.000, -5.618e-9
154.250, -5.635e-9
154.500, -5.645e-9
154.750, -5.656e-9
155.000, -5.667e-9
155.250, -5.675e-9
155.500, -5.685e-9
155.750, -5.695e-9
156.000, -5.706e-9
156.250, -5.718e-9
156.500, -5.731e-9
156.750, -5.746e-9
157.000, -5.755e-9
157.250, -5.767e-9
157.500, -5.775e-9
157.750, -5.783e-9
158.000, -5.792e-9
158.250, -5.804e-9
158.500, -5.815e-9
158.750, -5.827e-9
159.000, -5.845e-9
159.250, -5.858e-9
159.500, -5.872e-9
159.750, -5.883e-9
160.000, -5.892e-9
160.250, -5.903e-9
160.500, -5.914e-9
160.750, -5.928e-9
161.000, -5.946e-9
161.250, -5.959e-9
161.500, -5.977e-9
161.750, -5.986e-9
162.000, -5.985e-9
162.250, -5.991e-9
162.500, -5.989e-9
162.750, -5.982e-9
163.000, -5.977e-9
163.250, -5.975e-9
163.500, -5.978e-9
163.750, -5.992e-9
164.000, -6.013e-9
164.250, -6.037e-9
164.500, -6.064e-9
164.750, -6.086e-9
165.000, -6.111e-9
165.250, -6.121e-9
165.500, -6.127e-9
165.750, -6.137e-9
166.000, -6.139e-9
166.250, -6.139e-9
166.500, -6.137e-9
166.750, -6.139e-9
167.000, -6.144e-9
167.250, -6.147e-9
167.500, -6.152e-9
167.750, -6.160e-9
168.000, -6.168e-9
168.250, -6.177e-9
168.500, -6.185e-9
168.750, -6.190e-9
169.000, -6.197e-9
169.250, -6.200e-9
169.500, -6.206e-9
169.750, -6.207e-9
170.000, -6.210e-9
170.250, -6.212e-9
170.500, -6.214e-9
170.750, -6.217e-9
171.000, -6.217e-9
171.250, -6.217e-9
171.500, -6.219e-9
171.750, -6.216e-9
172.000, -6.219e-9
172.250, -6.218e-9
172.500, -6.221e-9
172.750, -6.222e-9
173.000, -6.220e-9
173.250, -6.224e-9
173.500, -6.224e-9
173.750, -6.222e-9
174.000, -6.222e-9
174.250, -6.221e-9
174.500, -6.221e-9
174.750, -6.221e-9
175.000, -6.218e-9
175.250, -6.218e-9
175.500, -6.216e-9
175.750, -6.215e-9
176.000, -6.217e-9
176.250, -6.212e-9
176.500, -6.212e-9
176.750, -6.209e-9
177.000, -6.208e-9
177.250, -6.206e-9
177.500, -6.205e-9
177.750, -6.204e-9
178.000, -6.200e-9
178.250, -6.197e-9
178.500, -6.194e-9
178.750, -6.189e-9
179.000, -6.186e-9
179.250, -6.181e-9
179.500, -6.179e-9
179.750, -6.173e-9
180.000, -6.171e-9
180.250, -6.168e-9
180.500, -6.166e-9
180.750, -6.162e-9
181.000, -6.161e-9
181.250, -6.157e-9
181.500, -6.153e-9
181.750, -6.148e-9
182.000, -6.145e-9
182.250, -6.143e-9
182.500, -6.143e-9
182.750, -6.138e-9
183.000, -6.138e-9
183.250, -6.133e-9
183.500, -6.130e-9
183.750, -6.129e-9
184.000, -6.124e-9
184.250, -6.123e-9
184.500, -6.118e-9
184.750, -6.118e-9
185.000, -6.115e-9
185.250, -6.112e-9
185.500, -6.110e-9
185.750, -6.110e-9
186.000, -6.105e-9
186.250, -6.103e-9
186.500, -6.100e-9
186.750, -6.096e-9
187.000, -6.093e-9
187.250, -6.091e-9
187.500, -6.089e-9
187.750, -6.087e-9
188.000, -6.084e-9
188.250, -6.083e-9
188.500, -6.079e-9
188.750, -6.078e-9
189.000, -6.076e-9
189.250, -6.075e-9
189.500, -6.076e-9
189.750, -6.072e-9
190.000, -6.072e-9
190.250, -6.071e-9
190.500, -6.070e-9
190.750, -6.070e-9
191.000, -6.068e-9
191.250, -6.069e-9
191.500, -6.068e-9
191.750, -6.068e-9
192.000, -6.067e-9
192.250, -6.069e-9
192.500, -6.069e-9
192.750, -6.071e-9
193.000, -6.069e-9
193.250, -6.071e-9
193.500, -6.070e-9
193.750, -6.072e-9
194.000, -6.074e-9
194.250, -6.074e-9
194.500, -6.077e-9
194.750, -6.077e-9
195.000, -6.078e-9
195.250, -6.078e-9
195.500, -6.082e-9
195.750, -6.084e-9
196.000, -6.088e-9
196.250, -6.089e-9
196.500, -6.093e-9
196.750, -6.095e-9
197.000, -6.097e-9
197.250, -6.101e-9
197.500, -6.102e-9
197.750, -6.106e-9
198.000, -6.105e-9
198.250, -6.108e-9
198.500, -6.113e-9
198.750, -6.113e-9
199.000, -6.119e-9
199.250, -6.120e-9
199.500, -6.123e-9
199.750, -6.124e-9
200.000, -6.125e-9
200.250, -6.126e-9
200.500, -6.128e-9
200.750, -6.130e-9
201.000, -6.133e-9
201.250, -6.135e-9
201.500, -6.138e-9
201.750, -6.140e-9
202.000, -6.142e-9
202.250, -6.143e-9
202.500, -6.143e-9
202.750, -6.145e-9
203.000, -6.144e-9
203.250, -6.147e-9
203.500, -6.147e-9
203.750, -6.148e-9
204.000, -6.148e-9
204.250, -6.148e-9
204.500, -6.148e-9
204.750, -6.146e-9
205.000, -6.146e-9
205.250, -6.146e-9
205.500, -6.144e-9
205.750, -6.145e-9
206.000, -6.143e-9
206.250, -6.143e-9
206.500, -6.140e-9
206.750, -6.138e-9
207.000, -6.136e-9
207.250, -6.134e-9
207.500, -6.131e-9
207.750, -6.129e-9
208.000, -6.127e-9
208.250, -6.122e-9
208.500, -6.118e-9
208.750, -6.114e-9
209.000, -6.109e-9
209.250, -6.106e-9
209.500, -6.100e-9
209.750, -6.098e-9
210.000, -6.096e-9
210.250, -6.091e-9
210.500, -6.088e-9
210.750, -6.086e-9
211.000, -6.080e-9
211.250, -6.077e-9
211.500, -6.070e-9
211.750, -6.065e-9
212.000, -6.062e-9
212.250, -6.056e-9
212.500, -6.052e-9
212.750, -6.049e-9
213.000, -6.043e-9
213.250, -6.039e-9
213.500, -6.030e-9
213.750, -6.026e-9
214.000, -6.019e-9
214.250, -6.013e-9
214.500, -6.006e-9
214.750, -6.002e-9
215.000, -5.994e-9
215.250, -5.990e-9
215.500, -5.982e-9
215.750, -5.977e-9
216.000, -5.970e-9
216.250, -5.962e-9
216.500, -5.954e-9
216.750, -5.943e-9
217.000, -5.937e-9
217.250, -5.928e-9
217.500, -5.927e-9
217.750, -5.918e-9
218.000, -5.914e-9
218.250, -5.904e-9
218.500, -5.897e-9
218.750, -5.888e-9
219.000, -5.880e-9
219.250, -5.873e-9
219.500, -5.866e-9
219.750, -5.859e-9
220.000, -5.853e-9
220.250, -5.847e-9
220.500, -5.841e-9
220.750, -5.837e-9
221.000, -5.830e-9
221.250, -5.824e-9
221.500, -5.815e-9
221.750, -5.810e-9
222.000, -5.803e-9
222.250, -5.800e-9
222.500, -5.795e-9
222.750, -5.793e-9
223.000, -5.788e-9
223.250, -5.783e-9
223.500, -5.776e-9
223.750, -5.771e-9
224.000, -5.767e-9
224.250, -5.760e-9
224.500, -5.757e-9
224.750, -5.752e-9
225.000, -5.748e-9
225.250, -5.747e-9
225.500, -5.742e-9
225.750, -5.742e-9
226.000, -5.739e-9
226.250, -5.736e-9
226.500, -5.735e-9
226.750, -5.732e-9
227.000, -5.730e-9
227.250, -5.728e-9
227.500, -5.728e-9
227.750, -5.727e-9
228.000, -5.725e-9
228.250, -5.724e-9
228.500, -5.721e-9
228.750, -5.719e-9
229.000, -5.719e-9
229.250, -5.719e-9
229.500, -5.716e-9
229.750, -5.718e-9
230.000, -5.714e-9
230.250, -5.715e-9
230.500, -5.712e-9
230.750, -5.710e-9
231.000, -5.709e-9
231.250, -5.709e-9
231.500, -5.707e-9
231.750, -5.705e-9
232.000, -5.703e-9
232.250, -5.701e-9
232.500, -5.700e-9
232.750, -5.698e-9
233.000, -5.697e-9
233.250, -5.695e-9
233.500, -5.691e-9
233.750, -5.690e-9
234.000, -5.686e-9
234.250, -5.685e-9
234.500, -5.680e-9
234.750, -5.680e-9
235.000, -5.677e-9
235.250, -5.674e-9
235.500, -5.673e-9
235.750, -5.670e-9
236.000, -5.667e-9
236.250, -5.664e-9
236.500, -5.660e-9
236.750, -5.657e-9
237.000, -5.653e-9
237.250, -5.649e-9
237.500, -5.650e-9
237.750, -5.646e-9
238.000, -5.644e-9
238.250, -5.640e-9
238.500, -5.638e-9
238.750, -5.635e-9
239.000, -5.632e-9
239.250, -5.629e-9
239.500, -5.626e-9
239.750, -5.621e-9
240.000, -5.620e-9
240.250, -5.618e-9
240.500, -5.615e-9
240.750, -5.614e-9
241.000, -5.610e-9
241.250, -5.607e-9
241.500, -5.603e-9
241.750, -5.600e-9
242.000, -5.597e-9
242.250, -5.594e-9
242.500, -5.593e-9
242.750, -5.591e-9
243.000, -5.589e-9
243.250, -5.586e-9
243.500, -5.582e-9
243.750, -5.582e-9
244.000, -5.578e-9
244.250, -5.577e-9
244.500, -5.572e-9
244.750, -5.571e-9
245.000, -5.568e-9
245.250, -5.568e-9
245.500, -5.566e-9
245.750, -5.564e-9
246.000, -5.563e-9
246.250, -5.560e-9
246.500, -5.560e-9
246.750, -5.557e-9
247.000, -5.555e-9
247.250, -5.554e-9
247.500, -5.553e-9
247.750, -5.553e-9
248.000, -5.551e-9
248.250, -5.549e-9
248.500, -5.550e-9
248.750, -5.547e-9
249.000, -5.546e-9
249.250, -5.545e-9
249.500, -5.542e-9
249.750, -5.542e-9
250.000, -5.539e-9
250.250, -5.538e-9
250.500, -5.536e-9
250.750, -5.535e-9
251.000, -5.532e-9
251.250, -5.530e-9
251.500, -5.527e-9
251.750, -5.523e-9
252.000, -5.520e-9
252.250, -5.518e-9
252.500, -5.516e-9
252.750, -5.515e-9
253.000, -5.510e-9
253.250, -5.507e-9
253.500, -5.503e-9
253.750, -5.500e-9
254.000, -5.497e-9
254.250, -5.493e-9
254.500, -5.488e-9
254.750, -5.485e-9
255.000, -5.481e-9
255.250, -5.479e-9
255.500, -5.476e-9
255.750, -5.472e-9
256.000, -5.469e-9
256.250, -5.465e-9
256.500, -5.460e-9
256.750, -5.454e-9
257.000, -5.450e-9
257.250, -5.447e-9
257.500, -5.444e-9
257.750, -5.441e-9
258.000, -5.438e-9
258.250, -5.433e-9
258.500, -5.430e-9
258.750, -5.426e-9
259.000, -5.421e-9
259.250, -5.419e-9
259.500, -5.415e-9
259.750, -5.413e-9
260.000, -5.411e-9
260.250, -5.409e-9
260.500, -5.408e-9
260.750, -5.405e-9
261.000, -5.404e-9
261.250, -5.403e-9
261.500, -5.401e-9
261.750, -5.400e-9
262.000, -5.399e-9
262.250, -5.398e-9
262.500, -5.398e-9
262.750, -5.397e-9
263.000, -5.396e-9
263.250, -5.399e-9
263.500, -5.398e-9
263.750, -5.400e-9
264.000, -5.399e-9
264.250, -5.400e-9
264.500, -5.403e-9
264.750, -5.404e-9
265.000, -5.404e-9
265.250, -5.405e-9
265.500, -5.406e-9
265.750, -5.409e-9
266.000, -5.412e-9
266.250, -5.414e-9
266.500, -5.418e-9
266.750, -5.420e-9
267.000, -5.423e-9
267.250, -5.426e-9
267.500, -5.427e-9
267.750, -5.430e-9
268.000, -5.432e-9
268.250, -5.437e-9
268.500, -5.440e-9
268.750, -5.445e-9
269.000, -5.449e-9
269.250, -5.453e-9
269.500, -5.457e-9
269.750, -5.460e-9
270.000, -5.463e-9
270.250, -5.466e-9
270.500, -5.469e-9
270.750, -5.475e-9
271.000, -5.476e-9
271.250, -5.481e-9
271.500, -5.484e-9
271.750, -5.489e-9
272.000, -5.491e-9
272.250, -5.492e-9
272.500, -5.494e-9
272.750, -5.496e-9
273.000, -5.496e-9
273.250, -5.499e-9
273.500, -5.499e-9
273.750, -5.499e-9
274.000, -5.498e-9
274.250, -5.495e-9
274.500, -5.493e-9
274.750, -5.489e-9
275.000, -5.486e-9
275.250, -5.482e-9
275.500, -5.477e-9
275.750, -5.471e-9
276.000, -5.462e-9
276.250, -5.454e-9
276.500, -5.442e-9
276.750, -5.428e-9
277.000, -5.417e-9
277.250, -5.402e-9
277.500, -5.390e-9
277.750, -5.377e-9
278.000, -5.362e-9
278.250, -5.342e-9
278.500, -5.320e-9
278.750, -5.296e-9
279.000, -5.267e-9
279.250, -5.235e-9
279.500, -5.207e-9
279.750, -5.180e-9
280.000, -5.157e-9
280.250, -5.131e-9
280.500, -5.104e-9
280.750, -5.070e-9
281.000, -5.032e-9
281.250, -4.992e-9
281.500, -4.948e-9
281.750, -4.902e-9
282.000, -4.859e-9
282.250, -4.822e-9
282.500, -4.788e-9
282.750, -4.758e-9
283.000, -4.716e-9
283.250, -4.676e-9
283.500, -4.627e-9
283.750, -4.578e-9
284.000, -4.524e-9
284.250, -4.469e-9
284.500, -4.415e-9
284.750, -4.372e-9
285.000, -4.328e-9
285.250, -4.287e-9
285.500, -4.237e-9
285.750, -4.180e-9
286.000, -4.122e-9
286.250, -4.059e-9
286.500, -3.994e-9
286.750, -3.926e-9
287.000, -3.865e-9
287.250, -3.814e-9
287.500, -3.767e-9
287.750, -3.722e-9
288.000, -3.672e-9
288.250, -3.615e-9
288.500, -3.556e-9
288.750, -3.500e-9
289.000, -3.438e-9
289.250, -3.382e-9
289.500, -3.331e-9
289.750, -3.288e-9
290.000, -3.248e-9
290.250, -3.209e-9
290.500, -3.167e-9
290.750, -3.118e-9
291.000, -3.067e-9
291.250, -3.008e-9
291.500, -2.951e-9
291.750, -2.887e-9
292.000, -2.835e-9
292.250, -2.791e-9
292.500, -2.751e-9
292.750, -2.717e-9
293.000, -2.677e-9
293.250, -2.635e-9
293.500, -2.588e-9
293.750, -2.542e-9
294.000, -2.492e-9
294.250, -2.444e-9
294.500, -2.399e-9
294.750, -2.363e-9
295.000, -2.327e-9
295.250, -2.294e-9
295.500, -2.256e-9
295.750, -2.215e-9
296.000, -2.172e-9
296.250, -2.128e-9
296.500, -2.082e-9
296.750, -2.038e-9
297.000, -1.999e-9
297.250, -1.969e-9
297.500, -1.939e-9
297.750, -1.908e-9
298.000, -1.879e-9
298.250, -1.845e-9
298.500, -1.809e-9
298.750, -1.775e-9
299.000, -1.741e-9
299.250, -1.711e-9
299.500, -1.680e-9
299.750, -1.659e-9
300.000, -1.636e-9
300.250, -1.615e-9
300.500, -1.595e-9
300.750, -1.570e-9
301.000, -1.547e-9
301.250, -1.525e-9
301.500, -1.502e-9
301.750, -1.483e-9
302.000, -1.465e-9
302.250, -1.448e-9
302.500, -1.438e-9
302.750, -1.423e-9
303.000, -1.411e-9
303.250, -1.399e-9
303.500, -1.384e-9
303.750, -1.372e-9
304.000, -1.357e-9
304.250, -1.345e-9
304.500, -1.334e-9
304.750, -1.322e-9
305.000, -1.315e-9
305.250, -1.307e-9
305.500, -1.298e-9
305.750, -1.290e-9
306.000, -1.280e-9
306.250, -1.271e-9
306.500, -1.264e-9
306.750, -1.251e-9
307.000, -1.248e-9
307.250, -1.238e-9
307.500, -1.233e-9
307.750, -1.226e-9
308.000, -1.219e-9
308.250, -1.215e-9
308.500, -1.206e-9
308.750, -1.199e-9
309.000, -1.193e-9
309.250, -1.185e-9
309.500, -1.185e-9
309.750, -1.175e-9
310.000, -1.176e-9
310.250, -1.167e-9
310.500, -1.167e-9
310.750, -1.159e-9
311.000, -1.155e-9
311.250, -1.151e-9
311.500, -1.149e-9
311.750, -1.141e-9
312.000, -1.138e-9
312.250, -1.135e-9
312.500, -1.129e-9
312.750, -1.128e-9
313.000, -1.124e-9
313.250, -1.122e-9
313.500, -1.118e-9
313.750, -1.112e-9
314.000, -1.110e-9
314.250, -1.105e-9
314.500, -1.103e-9
314.750, -1.101e-9
315.000, -1.097e-9
315.250, -1.094e-9
315.500, -1.092e-9
315.750, -1.089e-9
316.000, -1.086e-9
316.250, -1.084e-9
316.500, -1.081e-9
316.750, -1.079e-9
317.000, -1.075e-9
317.250, -1.075e-9
317.500, -1.073e-9
317.750, -1.071e-9
318.000, -1.069e-9
318.250, -1.066e-9
318.500, -1.064e-9
318.750, -1.062e-9
319.000, -1.060e-9
319.250, -1.059e-9
319.500, -1.059e-9
319.750, -1.056e-9
320.000, -1.054e-9
320.250, -1.053e-9
320.500, -1.050e-9
320.750, -1.050e-9
321.000, -1.048e-9
321.250, -1.047e-9
321.500, -1.045e-9
321.750, -1.044e-9
322.000, -1.041e-9
322.250, -1.040e-9
322.500, -1.040e-9
322.750, -1.037e-9
323.000, -1.039e-9
323.250, -1.036e-9
323.500, -1.034e-9
323.750, -1.034e-9
324.000, -1.031e-9
324.250, -1.032e-9
324.500, -1.031e-9
324.750, -1.030e-9
325.000, -1.028e-9
325.250, -1.027e-9
325.500, -1.025e-9
325.750, -1.026e-9
326.000, -1.023e-9
326.250, -1.023e-9
326.500, -1.021e-9
326.750, -1.021e-9
327.000, -1.019e-9
327.250, -1.019e-9
327.500, -1.019e-9
327.750, -1.017e-9
328.000, -1.017e-9
328.250, -1.016e-9
328.500, -1.017e-9
328.750, -1.013e-9
329.000, -1.015e-9
329.250, -1.013e-9
329.500, -1.013e-9
329.750, -1.013e-9
330.000, -1.010e-9
330.250, -1.011e-9
330.500, -1.010e-9
330.750, -1.009e-9
331.000, -1.009e-9
331.250, -1.008e-9
331.500, -1.007e-9
331.750, -1.006e-9
332.000, -1.007e-9
332.250, -1.004e-9
332.500, -1.006e-9
332.750, -1.005e-9
333.000, -1.002e-9
333.250, -1.005e-9
333.500, -1.001e-9
333.750, -1.003e-9
334.000, -1.002e-9
334.250, -1.001e-9
334.500, -1.000e-9
334.750, -9.993e-10
335.000, -1.001e-9
335.250, -9.981e-10
335.500, -1.001e-9
335.750, -9.986e-10
336.000, -9.999e-10
336.250, -9.957e-10
336.500, -9.982e-10
336.750, -9.964e-10
337.000, -9.972e-10
337.250, -9.976e-10
337.500, -9.964e-10
337.750, -9.953e-10
338.000, -9.961e-10
338.250, -9.923e-10
338.500, -9.966e-10
338.750, -9.924e-10
339.000, -9.952e-10
339.250, -9.942e-10
339.500, -9.938e-10
339.750, -9.951e-10
340.000, -9.932e-10
340.250, -9.938e-10
340.500, -9.932e-10
340.750, -9.922e-10
341.000, -9.923e-10
341.250, -9.911e-10
341.500, -9.909e-10
341.750, -9.918e-10
342.000, -9.904e-10
342.250, -9.917e-10
342.500, -9.900e-10
342.750, -9.895e-10
343.000, -9.903e-10
343.250, -9.893e-10
343.500, -9.902e-10
343.750, -9.891e-10
344.000, -9.891e-10
344.250, -9.896e-10
344.500, -9.880e-10
344.750, -9.892e-10
345.000, -9.897e-10
345.250, -9.881e-10
345.500, -9.884e-10
345.750, -9.890e-10
346.000, -9.845e-10
346.250, -9.893e-10
346.500, -9.842e-10
346.750, -9.911e-10
347.000, -9.854e-10
347.250, -9.887e-10
347.500, -9.849e-10
347.750, -9.872e-10
348.000, -9.840e-10
348.250, -9.880e-10
348.500, -9.836e-10
348.750, -9.869e-10
349.000, -9.829e-10
349.250, -9.873e-10
349.500, -9.824e-10
349.750, -9.871e-10
350.000, -9.827e-10
350.250, -9.861e-10
350.500, -9.816e-10
350.750, -9.833e-10
351.000, -9.831e-10
351.250, -9.823e-10
351.500, -9.828e-10
351.750, -9.823e-10
352.000, -9.820e-10
352.250, -9.808e-10
352.500, -9.818e-10
352.750, -9.809e-10
353.000, -9.827e-10
353.250, -9.816e-10
353.500, -9.815e-10
353.750, -9.804e-10
354.000, -9.804e-10
354.250, -9.802e-10
354.500, -9.802e-10
354.750, -9.809e-10
355.000, -9.798e-10
355.250, -9.785e-10
355.500, -9.778e-10
355.750, -9.779e-10
356.000, -9.790e-10
356.250, -9.780e-10
356.500, -9.798e-10
356.750, -9.777e-10
357.000, -9.789e-10
357.250, -9.787e-10
357.500, -9.779e-10
357.750, -9.782e-10
358.000, -9.779e-10
358.250, -9.779e-10
358.500, -9.783e-10
358.750, -9.765e-10
359.000, -9.768e-10
359.250, -9.773e-10
359.500, -9.754e-10
359.750, -9.787e-10
360.000, -9.760e-10
360.250, -9.764e-10
360.500, -9.752e-10
360.750, -9.746e-10
361.000, -9.770e-10
361.250, -9.755e-10
361.500, -9.778e-10
361.750, -9.756e-10
362.000, -9.768e-10
362.250, -9.747e-10
362.500, -9.764e-10
362.750, -9.741e-10
363.000, -9.786e-10
363.250, -9.732e-10
363.500, -9.785e-10
363.750, -9.717e-10
364.000, -9.776e-10
364.250, -9.717e-10
364.500, -9.786e-10
364.750, -9.730e-10
365.000, -9.776e-10
365.250, -9.734e-10
365.500, -9.752e-10
365.750, -9.741e-10
366.000, -9.756e-10
366.250, -9.740e-10
366.500, -9.768e-10
366.750, -9.756e-10
367.000, -9.751e-10
367.250, -9.759e-10
367.500, -9.743e-10
367.750, -9.756e-10
368.000, -9.752e-10
368.250, -9.748e-10
368.500, -9.753e-10
368.750, -9.741e-10
369.000, -9.750e-10
369.250, -9.749e-10
369.500, -9.760e-10
369.750, -9.764e-10
370.000, -9.766e-10
370.250, -9.755e-10
370.500, -9.765e-10
370.750, -9.764e-10
371.000, -9.760e-10
371.250, -9.777e-10
371.500, -9.750e-10
371.750, -9.792e-10
372.000, -9.746e-10
372.250, -9.784e-10
372.500, -9.769e-10
372.750, -9.779e-10
373.000, -9.774e-10
373.250, -9.781e-10
373.500, -9.781e-10
373.750, -9.790e-10
374.000, -9.781e-10
374.250, -9.816e-10
374.500, -9.800e-10
374.750, -9.830e-10
375.000, -9.817e-10
375.250, -9.815e-10
375.500, -9.821e-10
375.750, -9.827e-10
376.000, -9.831e-10
376.250, -9.838e-10
376.500, -9.839e-10
376.750, -9.851e-10
377.000, -9.847e-10
377.250, -9.851e-10
377.500, -9.865e-10
377.750, -9.856e-10
378.000, -9.877e-10
378.250, -9.863e-10
378.500, -9.886e-10
378.750, -9.878e-10
379.000, -9.908e-10
379.250, -9.885e-10
379.500, -9.941e-10
379.750, -9.888e-10
380.000, -9.931e-10
380.250, -9.894e-10
380.500, -9.934e-10
380.750, -9.914e-10
381.000, -9.929e-10
381.250, -9.927e-10
381.500, -9.951e-10
381.750, -9.947e-10
382.000, -9.960e-10
382.250, -9.964e-10
382.500, -9.958e-10
382.750, -9.968e-10
383.000, -9.960e-10
383.250, -9.972e-10
383.500, -9.954e-10
383.750, -9.970e-10
384.000, -9.977e-10
384.250, -9.970e-10
384.500, -9.966e-10
384.750, -9.926e-10
385.000, -9.917e-10
385.250, -9.946e-10
385.500, -9.981e-10
385.750, -1.001e-9
386.000, -1.004e-9
386.250, -1.009e-9
386.500, -1.013e-9
386.750, -1.014e-9
387.000, -1.015e-9
387.250, -1.014e-9
387.500, -1.013e-9
387.750, -1.013e-9
388.000, -1.012e-9
388.250, -1.011e-9
388.500, -1.009e-9
388.750, -1.009e-9
389.000, -1.007e-9
389.250, -1.007e-9
389.500, -1.006e-9
389.750, -1.006e-9
390.000, -1.005e-9
390.250, -1.006e-9
390.500, -1.007e-9
390.750, -1.008e-9
391.000, -1.009e-9
391.250, -1.009e-9
391.500, -1.011e-9
391.750, -1.011e-9
392.000, -1.011e-9
392.250, -1.010e-9
392.500, -1.010e-9
392.750, -1.009e-9
393.000, -1.009e-9
393.250, -1.008e-9
393.500, -1.007e-9
393.750, -1.006e-9
394.000, -1.007e-9
394.250, -1.006e-9
394.500, -1.008e-9
394.750, -1.007e-9
395.000, -1.008e-9
395.250, -1.008e-9
395.500, -1.007e-9
395.750, -1.009e-9
396.000, -1.006e-9
396.250, -1.008e-9
396.500, -1.007e-9
396.750, -1.007e-9
397.000, -1.007e-9
397.250, -1.006e-9
397.500, -1.006e-9
397.750, -1.006e-9
398.000, -1.005e-9
398.250, -1.006e-9
398.500, -1.005e-9
398.750, -1.005e-9
399.000, -1.006e-9
399.250, -1.006e-9
399.500, -1.006e-9
399.750, -1.006e-9
400.000, -1.006e-9
400.250, -1.006e-9
400.500, -1.005e-9
400.750, -1.005e-9
401.000, -1.005e-9
401.250, -1.003e-9
401.500, -1.005e-9
401.750, -1.004e-9
402.000, -1.005e-9
402.250, -1.003e-9
402.500, -1.005e-9
402.750, -1.003e-9
403.000, -1.004e-9
403.250, -1.005e-9
403.500, -1.004e-9
403.750, -1.003e-9
404.000, -1.005e-9
404.250, -1.004e-9
404.500, -1.005e-9
404.750, -1.006e-9
405.000, -1.003e-9
405.250, -1.005e-9
405.500, -1.003e-9
405.750, -1.002e-9
406.000, -1.003e-9
406.250, -1.003e-9
406.500, -1.003e-9
406.750, -1.003e-9
407.000, -1.003e-9
407.250, -1.002e-9
407.500, -1.002e-9
407.750, -1.002e-9
408.000, -1.003e-9
408.250, -1.003e-9
408.500, -1.004e-9
408.750, -1.001e-9
409.000, -1.003e-9
409.250, -1.002e-9
409.500, -1.003e-9
409.750, -1.002e-9
410.000, -1.002e-9
410.250, -1.001e-9
410.500, -1.001e-9
410.750, -1.001e-9
411.000, -1.001e-9
411.250, -1.000e-9
411.500, -1.002e-9
411.750, -1.002e-9
412.000, -1.002e-9
412.250, -1.002e-9
412.500, -1.001e-9
412.750, -1.001e-9
413.000, -1.003e-9
413.250, -1.001e-9
413.500, -1.000e-9
413.750, -9.998e-10
414.000, -9.998e-10
414.250, -1.001e-9
414.500, -1.001e-9
414.750, -9.999e-10
415.000, -1.001e-9
415.250, -9.997e-10
415.500, -1.000e-9
415.750, -9.976e-10
416.000, -1.000e-9
416.250, -9.995e-10
416.500, -1.000e-9
416.750, -1.001e-9
417.000, -9.997e-10
417.250, -9.987e-10
417.500, -9.994e-10
417.750, -9.982e-10
418.000, -9.994e-10
418.250, -9.992e-10
418.500, -9.987e-10
418.750, -9.983e-10
419.000, -9.978e-10
419.250, -9.981e-10
419.500, -9.982e-10
419.750, -9.993e-10
420.000, -9.984e-10
420.250, -9.974e-10
420.500, -9.978e-10
420.750, -9.971e-10
421.000, -9.969e-10
421.250, -9.981e-10
421.500, -9.982e-10
421.750, -9.976e-10
422.000, -9.976e-10
422.250, -9.962e-10
422.500, -9.972e-10
422.750, -9.954e-10
423.000, -9.967e-10
423.250, -9.966e-10
423.500, -9.959e-10
423.750, -9.947e-10
424.000, -9.944e-10
424.250, -9.951e-10
424.500, -9.949e-10
424.750, -9.946e-10
425.000, -9.953e-10
425.250, -9.922e-10
425.500, -9.919e-10
425.750, -9.925e-10
426.000, -9.925e-10
426.250, -9.916e-10
426.500, -9.936e-10
426.750, -9.909e-10
427.000, -9.911e-10
427.250, -9.910e-10
427.500, -9.895e-10
427.750, -9.913e-10
428.000, -9.899e-10
428.250, -9.903e-10
428.500, -9.871e-10
428.750, -9.878e-10
429.000, -9.857e-10
429.250, -9.870e-10
429.500, -9.869e-10
429.750, -9.860e-10
430.000, -9.851e-10
430.250, -9.841e-10
430.500, -9.836e-10
430.750, -9.834e-10
431.000, -9.827e-10
431.250, -9.835e-10
431.500, -9.819e-10
431.750, -9.818e-10
432.000, -9.798e-10
432.250, -9.810e-10
432.500, -9.796e-10
432.750, -9.797e-10
433.000, -9.787e-10
433.250, -9.787e-10
433.500, -9.768e-10
433.750, -9.757e-10
434.000, -9.754e-10
434.250, -9.757e-10
434.500, -9.749e-10
434.750, -9.746e-10
435.000, -9.735e-10
435.250, -9.732e-10
435.500, -9.731e-10
435.750, -9.716e-10
436.000, -9.724e-10
436.250, -9.705e-10
436.500, -9.696e-10
436.750, -9.700e-10
437.000, -9.664e-10
437.250, -9.675e-10
437.500, -9.665e-10
437.750, -9.641e-10
438.000, -9.653e-10
438.250, -9.639e-10
438.500, -9.636e-10
438.750, -9.621e-10
439.000, -9.611e-10
439.250, -9.612e-10
439.500, -9.610e-10
439.750, -9.590e-10
440.000, -9.608e-10
440.250, -9.577e-10
440.500, -9.572e-10
440.750, -9.559e-10
441.000, -9.558e-10
441.250, -9.551e-10
441.500, -9.544e-10
441.750, -9.538e-10
442.000, -9.517e-10
442.250, -9.527e-10
442.500, -9.502e-10
442.750, -9.509e-10
443.000, -9.507e-10
443.250, -9.505e-10
443.500, -9.468e-10
443.750, -9.469e-10
444.000, -9.462e-10
444.250, -9.455e-10
444.500, -9.450e-10
444.750, -9.440e-10
445.000, -9.437e-10
445.250, -9.421e-10
445.500, -9.418e-10
445.750, -9.419e-10
446.000, -9.409e-10
446.250, -9.408e-10
446.500, -9.392e-10
446.750, -9.388e-10
447.000, -9.369e-10
447.250, -9.367e-10
447.500, -9.373e-10
447.750, -9.364e-10
448.000, -9.358e-10
448.250, -9.341e-10
448.500, -9.337e-10
448.750, -9.330e-10
449.000, -9.320e-10
449.250, -9.338e-10
449.500, -9.311e-10
449.750, -9.307e-10
450.000, -9.312e-10
450.250, -9.288e-10
450.500, -9.300e-10
450.750, -9.293e-10
451.000, -9.276e-10
451.250, -9.288e-10
451.500, -9.259e-10
451.750, -9.268e-10
452.000, -9.255e-10
452.250, -9.250e-10
452.500, -9.248e-10
452.750, -9.245e-10
453.000, -9.227e-10
453.250, -9.241e-10
453.500, -9.215e-10
453.750, -9.214e-10
454.000, -9.209e-10
454.250, -9.205e-10
454.500, -9.194e-10
454.750, -9.202e-10
455.000, -9.185e-10
455.250, -9.179e-10
455.500, -9.181e-10
455.750, -9.172e-10
456.000, -9.168e-10
456.250, -9.162e-10
456.500, -9.149e-10
456.750, -9.162e-10
457.000, -9.132e-10
457.250, -9.144e-10
457.500, -9.135e-10
457.750, -9.124e-10
458.000, -9.127e-10
458.250, -9.131e-10
458.500, -9.098e-10
458.750, -9.110e-10
459.000, -9.087e-10
459.250, -9.104e-10
459.500, -9.086e-10
459.750, -9.096e-10
460.000, -9.081e-10
460.250, -9.069e-10
460.500, -9.071e-10
460.750, -9.058e-10
461.000, -9.058e-10
461.250, -9.057e-10
461.500, -9.039e-10
461.750, -9.042e-10
462.000, -9.031e-10
462.250, -9.016e-10
462.500, -9.019e-10
462.750, -9.020e-10
463.000, -9.014e-10
463.250, -9.003e-10
463.500, -9.010e-10
463.750, -8.979e-10
464.000, -8.988e-10
464.250, -8.983e-10
464.500, -8.977e-10
464.750, -8.978e-10
465.000, -8.973e-10
465.250, -8.960e-10
465.500, -8.953e-10
465.750, -8.960e-10
466.000, -8.946e-10
466.250, -8.947e-10
466.500, -8.951e-10
466.750, -8.925e-10
467.000, -8.938e-10
467.250, -8.919e-10
467.500, -8.924e-10
467.750, -8.911e-10
468.000, -8.918e-10
468.250, -8.902e-10
468.500, -8.891e-10
468.750, -8.903e-10
469.000, -8.883e-10
469.250, -8.888e-10
469.500, -8.887e-10
469.750, -8.878e-10
470.000, -8.869e-10
470.250, -8.877e-10
470.500, -8.857e-10
470.750, -8.874e-10
471.000, -8.855e-10
471.250, -8.849e-10
471.500, -8.844e-10
471.750, -8.849e-10
472.000, -8.824e-10
472.250, -8.837e-10
472.500, -8.841e-10
472.750, -8.824e-10
473.000, -8.826e-10
473.250, -8.827e-10
473.500, -8.817e-10
473.750, -8.811e-10
474.000, -8.815e-10
474.250, -8.811e-10
474.500, -8.805e-10
474.750, -8.813e-10
475.000, -8.802e-10
475.250, -8.783e-10
475.500, -8.790e-10
475.750, -8.780e-10
476.000, -8.785e-10
476.250, -8.787e-10
476.500, -8.779e-10
476.750, -8.782e-10
477.000, -8.772e-10
477.250, -8.766e-10
477.500, -8.764e-10
477.750, -8.777e-10
478.000, -8.766e-10
478.250, -8.765e-10
478.500, -8.757e-10
478.750, -8.742e-10
479.000, -8.757e-10
479.250, -8.744e-10
479.500, -8.757e-10
479.750, -8.760e-10
480.000, -8.740e-10
480.250, -8.742e-10
480.500, -8.735e-10
480.750, -8.739e-10
481.000, -8.746e-10
481.250, -8.745e-10
481.500, -8.742e-10
481.750, -8.741e-10
482.000, -8.718e-10
482.250, -8.739e-10
482.500, -8.728e-10
482.750, -8.727e-10
483.000, -8.728e-10
483.250, -8.718e-10
483.500, -8.706e-10
483.750, -8.718e-10
484.000, -8.707e-10
484.250, -8.722e-10
484.500, -8.710e-10
484.750, -8.718e-10
485.000, -8.697e-10
485.250, -8.717e-10
485.500, -8.701e-10
485.750, -8.707e-10
486.000, -8.722e-10
486.250, -8.701e-10
486.500, -8.711e-10
486.750, -8.713e-10
487.000, -8.702e-10
487.250, -8.698e-10
487.500, -8.724e-10
487.750, -8.693e-10
488.000, -8.710e-10
488.250, -8.698e-10
488.500, -8.712e-10
488.750, -8.695e-10
489.000, -8.703e-10
489.250, -8.699e-10
489.500, -8.709e-10
489.750, -8.705e-10
490.000, -8.708e-10
490.250, -8.702e-10
490.500, -8.700e-10
490.750, -8.696e-10
491.000, -8.699e-10
491.250, -8.694e-10
491.500, -8.705e-10
491.750, -8.704e-10
492.000, -8.702e-10
492.250, -8.702e-10
492.500, -8.690e-10
492.750, -8.698e-10
493.000, -8.693e-10
493.250, -8.695e-10
493.500, -8.701e-10
493.750, -8.683e-10
494.000, -8.683e-10
494.250, -8.705e-10
494.500, -8.704e-10
494.750, -8.705e-10
495.000, -8.720e-10
495.250, -8.684e-10
495.500, -8.702e-10
495.750, -8.701e-10
496.000, -8.689e-10
496.250, -8.716e-10
496.500, -8.714e-10
496.750, -8.706e-10
497.000, -8.715e-10
497.250, -8.705e-10
497.500, -8.709e-10
497.750, -8.703e-10
498.000, -8.728e-10
498.250, -8.711e-10
498.500, -8.718e-10
498.750, -8.710e-10
499.000, -8.697e-10
499.250, -8.730e-10
499.500, -8.723e-10
499.750, -8.722e-10
500.000, -8.744e-10
