Distance/um, Current/A

0.250, -1.572e-9
0.500, -1.573e-9
0.750, -1.570e-9
1.000, -1.567e-9
1.250, -1.561e-9
1.500, -1.552e-9
1.750, -1.542e-9
2.000, -1.533e-9
2.250, -1.520e-9
2.500, -1.509e-9
2.750, -1.498e-9
3.000, -1.487e-9
3.250, -1.478e-9
3.500, -1.472e-9
3.750, -1.467e-9
4.000, -1.464e-9
4.250, -1.462e-9
4.500, -1.460e-9
4.750, -1.458e-9
5.000, -1.458e-9
5.250, -1.457e-9
5.500, -1.457e-9
5.750, -1.457e-9
6.000, -1.457e-9
6.250, -1.458e-9
6.500, -1.458e-9
6.750, -1.458e-9
7.000, -1.458e-9
7.250, -1.457e-9
7.500, -1.458e-9
7.750, -1.456e-9
8.000, -1.457e-9
8.250, -1.456e-9
8.500, -1.456e-9
8.750, -1.456e-9
9.000, -1.456e-9
9.250, -1.455e-9
9.500, -1.455e-9
9.750, -1.454e-9
10.000, -1.454e-9
10.250, -1.453e-9
10.500, -1.452e-9
10.750, -1.452e-9
11.000, -1.451e-9
11.250, -1.450e-9
11.500, -1.449e-9
11.750, -1.447e-9
12.000, -1.446e-9
12.250, -1.444e-9
12.500, -1.443e-9
12.750, -1.441e-9
13.000, -1.441e-9
13.250, -1.439e-9
13.500, -1.437e-9
13.750, -1.436e-9
14.000, -1.434e-9
14.250, -1.431e-9
14.500, -1.430e-9
14.750, -1.428e-9
15.000, -1.426e-9
15.250, -1.424e-9
15.500, -1.423e-9
15.750, -1.421e-9
16.000, -1.420e-9
16.250, -1.418e-9
16.500, -1.415e-9
16.750, -1.413e-9
17.000, -1.410e-9
17.250, -1.407e-9
17.500, -1.404e-9
17.750, -1.403e-9
18.000, -1.401e-9
18.250, -1.398e-9
18.500, -1.396e-9
18.750, -1.393e-9
19.000, -1.392e-9
19.250, -1.390e-9
19.500, -1.387e-9
19.750, -1.386e-9
20.000, -1.384e-9
20.250, -1.383e-9
20.500, -1.383e-9
20.750, -1.381e-9
21.000, -1.380e-9
21.250, -1.379e-9
21.500, -1.377e-9
21.750, -1.375e-9
22.000, -1.374e-9
22.250, -1.374e-9
22.500, -1.371e-9
22.750, -1.370e-9
23.000, -1.369e-9
23.250, -1.368e-9
23.500, -1.368e-9
23.750, -1.367e-9
24.000, -1.366e-9
24.250, -1.365e-9
24.500, -1.364e-9
24.750, -1.362e-9
25.000, -1.362e-9
25.250, -1.362e-9
25.500, -1.360e-9
25.750, -1.361e-9
26.000, -1.359e-9
26.250, -1.358e-9
26.500, -1.356e-9
26.750, -1.356e-9
27.000, -1.355e-9
27.250, -1.355e-9
27.500, -1.353e-9
27.750, -1.353e-9
28.000, -1.352e-9
28.250, -1.351e-9
28.500, -1.350e-9
28.750, -1.349e-9
29.000, -1.349e-9
29.250, -1.347e-9
29.500, -1.346e-9
29.750, -1.345e-9
30.000, -1.343e-9
30.250, -1.342e-9
30.500, -1.341e-9
30.750, -1.339e-9
31.000, -1.338e-9
31.250, -1.336e-9
31.500, -1.334e-9
31.750, -1.332e-9
32.000, -1.330e-9
32.250, -1.328e-9
32.500, -1.327e-9
32.750, -1.326e-9
33.000, -1.324e-9
33.250, -1.323e-9
33.500, -1.321e-9
33.750, -1.319e-9
34.000, -1.317e-9
34.250, -1.314e-9
34.500, -1.312e-9
34.750, -1.311e-9
35.000, -1.309e-9
35.250, -1.308e-9
35.500, -1.306e-9
35.750, -1.305e-9
36.000, -1.302e-9
36.250, -1.300e-9
36.500, -1.298e-9
36.750, -1.296e-9
37.000, -1.294e-9
37.250, -1.294e-9
37.500, -1.291e-9
37.750, -1.291e-9
38.000, -1.290e-9
38.250, -1.289e-9
38.500, -1.288e-9
38.750, -1.287e-9
39.000, -1.286e-9
39.250, -1.284e-9
39.500, -1.283e-9
39.750, -1.281e-9
40.000, -1.281e-9
40.250, -1.279e-9
40.500, -1.279e-9
40.750, -1.278e-9
41.000, -1.277e-9
41.250, -1.275e-9
41.500, -1.275e-9
41.750, -1.272e-9
42.000, -1.272e-9
42.250, -1.270e-9
42.500, -1.269e-9
42.750, -1.268e-9
43.000, -1.267e-9
43.250, -1.265e-9
43.500, -1.265e-9
43.750, -1.263e-9
44.000, -1.261e-9
44.250, -1.259e-9
44.500, -1.258e-9
44.750, -1.256e-9
45.000, -1.256e-9
45.250, -1.255e-9
45.500, -1.255e-9
45.750, -1.254e-9
46.000, -1.252e-9
46.250, -1.252e-9
46.500, -1.249e-9
46.750, -1.248e-9
47.000, -1.247e-9
47.250, -1.246e-9
47.500, -1.246e-9
47.750, -1.244e-9
48.000, -1.244e-9
48.250, -1.242e-9
48.500, -1.241e-9
48.750, -1.240e-9
49.000, -1.238e-9
49.250, -1.237e-9
49.500, -1.235e-9
49.750, -1.234e-9
50.000, -1.233e-9
50.250, -1.232e-9
50.500, -1.231e-9
50.750, -1.232e-9
51.000, -1.230e-9
51.250, -1.230e-9
51.500, -1.228e-9
51.750, -1.228e-9
52.000, -1.227e-9
52.250, -1.227e-9
52.500, -1.225e-9
52.750, -1.225e-9
53.000, -1.224e-9
53.250, -1.224e-9
53.500, -1.223e-9
53.750, -1.224e-9
54.000, -1.223e-9
54.250, -1.224e-9
54.500, -1.225e-9
54.750, -1.225e-9
55.000, -1.227e-9
55.250, -1.227e-9
55.500, -1.227e-9
55.750, -1.228e-9
56.000, -1.228e-9
56.250, -1.229e-9
56.500, -1.230e-9
56.750, -1.230e-9
57.000, -1.232e-9
57.250, -1.232e-9
57.500, -1.232e-9
57.750, -1.233e-9
58.000, -1.233e-9
58.250, -1.233e-9
58.500, -1.234e-9
58.750, -1.235e-9
59.000, -1.234e-9
59.250, -1.234e-9
59.500, -1.234e-9
59.750, -1.235e-9
60.000, -1.234e-9
60.250, -1.233e-9
60.500, -1.234e-9
60.750, -1.233e-9
61.000, -1.233e-9
61.250, -1.232e-9
61.500, -1.233e-9
61.750, -1.232e-9
62.000, -1.233e-9
62.250, -1.233e-9
62.500, -1.233e-9
62.750, -1.233e-9
63.000, -1.233e-9
63.250, -1.234e-9
63.500, -1.233e-9
63.750, -1.234e-9
64.000, -1.237e-9
64.250, -1.236e-9
64.500, -1.237e-9
64.750, -1.237e-9
65.000, -1.237e-9
65.250, -1.237e-9
65.500, -1.238e-9
65.750, -1.237e-9
66.000, -1.239e-9
66.250, -1.238e-9
66.500, -1.239e-9
66.750, -1.238e-9
67.000, -1.238e-9
67.250, -1.238e-9
67.500, -1.238e-9
67.750, -1.238e-9
68.000, -1.237e-9
68.250, -1.237e-9
68.500, -1.237e-9
68.750, -1.237e-9
69.000, -1.236e-9
69.250, -1.236e-9
69.500, -1.237e-9
69.750, -1.235e-9
70.000, -1.236e-9
70.250, -1.235e-9
70.500, -1.235e-9
70.750, -1.235e-9
71.000, -1.233e-9
71.250, -1.233e-9
71.500, -1.232e-9
71.750, -1.230e-9
72.000, -1.228e-9
72.250, -1.228e-9
72.500, -1.226e-9
72.750, -1.223e-9
73.000, -1.223e-9
73.250, -1.220e-9
73.500, -1.218e-9
73.750, -1.215e-9
74.000, -1.213e-9
74.250, -1.209e-9
74.500, -1.206e-9
74.750, -1.204e-9
75.000, -1.202e-9
75.250, -1.200e-9
75.500, -1.201e-9
75.750, -1.200e-9
76.000, -1.197e-9
76.250, -1.196e-9
76.500, -1.193e-9
76.750, -1.193e-9
77.000, -1.192e-9
77.250, -1.193e-9
77.500, -1.193e-9
77.750, -1.193e-9
78.000, -1.192e-9
78.250, -1.194e-9
78.500, -1.192e-9
78.750, -1.193e-9
79.000, -1.193e-9
79.250, -1.192e-9
79.500, -1.192e-9
79.750, -1.192e-9
80.000, -1.192e-9
80.250, -1.191e-9
80.500, -1.191e-9
80.750, -1.189e-9
81.000, -1.191e-9
81.250, -1.188e-9
81.500, -1.188e-9
81.750, -1.186e-9
82.000, -1.185e-9
82.250, -1.184e-9
82.500, -1.183e-9
82.750, -1.182e-9
83.000, -1.182e-9
83.250, -1.180e-9
83.500, -1.179e-9
83.750, -1.178e-9
84.000, -1.176e-9
84.250, -1.174e-9
84.500, -1.174e-9
84.750, -1.173e-9
85.000, -1.173e-9
85.250, -1.173e-9
85.500, -1.173e-9
85.750, -1.173e-9
86.000, -1.172e-9
86.250, -1.171e-9
86.500, -1.172e-9
86.750, -1.170e-9
87.000, -1.170e-9
87.250, -1.170e-9
87.500, -1.169e-9
87.750, -1.169e-9
88.000, -1.168e-9
88.250, -1.169e-9
88.500, -1.168e-9
88.750, -1.168e-9
89.000, -1.168e-9
89.250, -1.167e-9
89.500, -1.166e-9
89.750, -1.165e-9
90.000, -1.164e-9
90.250, -1.162e-9
90.500, -1.164e-9
90.750, -1.161e-9
91.000, -1.159e-9
91.250, -1.157e-9
91.500, -1.154e-9
91.750, -1.152e-9
92.000, -1.152e-9
92.250, -1.149e-9
92.500, -1.148e-9
92.750, -1.146e-9
93.000, -1.144e-9
93.250, -1.144e-9
93.500, -1.144e-9
93.750, -1.142e-9
94.000, -1.142e-9
94.250, -1.139e-9
94.500, -1.139e-9
94.750, -1.138e-9
95.000, -1.139e-9
95.250, -1.136e-9
95.500, -1.137e-9
95.750, -1.135e-9
96.000, -1.133e-9
96.250, -1.133e-9
96.500, -1.130e-9
96.750, -1.128e-9
97.000, -1.126e-9
97.250, -1.125e-9
97.500, -1.124e-9
97.750, -1.123e-9
98.000, -1.122e-9
98.250, -1.123e-9
98.500, -1.120e-9
98.750, -1.118e-9
99.000, -1.114e-9
99.250, -1.113e-9
99.500, -1.111e-9
99.750, -1.110e-9
100.000, -1.109e-9
100.250, -1.108e-9
100.500, -1.105e-9
100.750, -1.105e-9
101.000, -1.103e-9
101.250, -1.100e-9
101.500, -1.098e-9
101.750, -1.096e-9
102.000, -1.096e-9
102.250, -1.094e-9
102.500, -1.092e-9
102.750, -1.091e-9
103.000, -1.091e-9
103.250, -1.089e-9
103.500, -1.088e-9
103.750, -1.086e-9
104.000, -1.085e-9
104.250, -1.084e-9
104.500, -1.084e-9
104.750, -1.082e-9
105.000, -1.081e-9
105.250, -1.081e-9
105.500, -1.079e-9
105.750, -1.079e-9
106.000, -1.076e-9
106.250, -1.075e-9
106.500, -1.072e-9
106.750, -1.070e-9
107.000, -1.067e-9
107.250, -1.067e-9
107.500, -1.065e-9
107.750, -1.066e-9
108.000, -1.065e-9
108.250, -1.065e-9
108.500, -1.063e-9
108.750, -1.063e-9
109.000, -1.061e-9
109.250, -1.061e-9
109.500, -1.059e-9
109.750, -1.060e-9
110.000, -1.059e-9
110.250, -1.058e-9
110.500, -1.057e-9
110.750, -1.057e-9
111.000, -1.056e-9
111.250, -1.057e-9
111.500, -1.054e-9
111.750, -1.054e-9
112.000, -1.052e-9
112.250, -1.050e-9
112.500, -1.048e-9
112.750, -1.049e-9
113.000, -1.045e-9
113.250, -1.047e-9
113.500, -1.045e-9
113.750, -1.043e-9
114.000, -1.041e-9
114.250, -1.040e-9
114.500, -1.039e-9
114.750, -1.039e-9
115.000, -1.037e-9
115.250, -1.037e-9
115.500, -1.036e-9
115.750, -1.035e-9
116.000, -1.034e-9
116.250, -1.034e-9
116.500, -1.033e-9
116.750, -1.032e-9
117.000, -1.032e-9
117.250, -1.032e-9
117.500, -1.033e-9
117.750, -1.033e-9
118.000, -1.032e-9
118.250, -1.033e-9
118.500, -1.032e-9
118.750, -1.031e-9
119.000, -1.030e-9
119.250, -1.029e-9
119.500, -1.029e-9
119.750, -1.028e-9
120.000, -1.027e-9
120.250, -1.025e-9
120.500, -1.026e-9
120.750, -1.024e-9
121.000, -1.024e-9
121.250, -1.022e-9
121.500, -1.021e-9
121.750, -1.019e-9
122.000, -1.017e-9
122.250, -1.016e-9
122.500, -1.013e-9
122.750, -1.010e-9
123.000, -1.008e-9
123.250, -1.005e-9
123.500, -1.002e-9
123.750, -1.000e-9
124.000, -9.960e-10
124.250, -9.935e-10
124.500, -9.897e-10
124.750, -9.873e-10
125.000, -9.861e-10
125.250, -9.851e-10
125.500, -9.844e-10
125.750, -9.849e-10
126.000, -9.826e-10
126.250, -9.819e-10
126.500, -9.791e-10
126.750, -9.802e-10
127.000, -9.804e-10
127.250, -9.798e-10
127.500, -9.805e-10
127.750, -9.804e-10
128.000, -9.801e-10
128.250, -9.803e-10
128.500, -9.821e-10
128.750, -9.841e-10
129.000, -9.860e-10
129.250, -9.857e-10
129.500, -9.879e-10
129.750, -9.882e-10
130.000, -9.881e-10
130.250, -9.904e-10
130.500, -9.900e-10
130.750, -9.907e-10
131.000, -9.908e-10
131.250, -9.917e-10
131.500, -9.930e-10
131.750, -9.919e-10
132.000, -9.937e-10
132.250, -9.927e-10
132.500, -9.911e-10
132.750, -9.909e-10
133.000, -9.902e-10
133.250, -9.903e-10
133.500, -9.892e-10
133.750, -9.896e-10
134.000, -9.880e-10
134.250, -9.861e-10
134.500, -9.848e-10
134.750, -9.824e-10
135.000, -9.808e-10
135.250, -9.794e-10
135.500, -9.785e-10
135.750, -9.768e-10
136.000, -9.757e-10
136.250, -9.723e-10
136.500, -9.696e-10
136.750, -9.651e-10
137.000, -9.636e-10
137.250, -9.600e-10
137.500, -9.573e-10
137.750, -9.566e-10
138.000, -9.536e-10
138.250, -9.535e-10
138.500, -9.498e-10
138.750, -9.498e-10
139.000, -9.442e-10
139.250, -9.453e-10
139.500, -9.418e-10
139.750, -9.419e-10
140.000, -9.394e-10
140.250, -9.356e-10
140.500, -9.347e-10
140.750, -9.339e-10
141.000, -9.369e-10
141.250, -9.397e-10
141.500, -9.434e-10
141.750, -9.480e-10
142.000, -9.532e-10
142.250, -9.573e-10
142.500, -9.556e-10
142.750, -9.523e-10
143.000, -9.559e-10
143.250, -9.528e-10
143.500, -9.548e-10
143.750, -9.554e-10
144.000, -9.558e-10
144.250, -9.576e-10
144.500, -9.573e-10
144.750, -9.573e-10
145.000, -9.570e-10
145.250, -9.574e-10
145.500, -9.589e-10
145.750, -9.580e-10
146.000, -9.591e-10
146.250, -9.607e-10
146.500, -9.615e-10
146.750, -9.638e-10
147.000, -9.649e-10
147.250, -9.646e-10
147.500, -9.655e-10
147.750, -9.632e-10
148.000, -9.631e-10
148.250, -9.613e-10
148.500, -9.616e-10
148.750, -9.606e-10
149.000, -9.588e-10
149.250, -9.579e-10
149.500, -9.563e-10
149.750, -9.573e-10
150.000, -9.565e-10
150.250, -9.566e-10
150.500, -9.572e-10
150.750, -9.564e-10
151.000, -9.566e-10
151.250, -9.539e-10
151.500, -9.560e-10
151.750, -9.551e-10
152.000, -9.555e-10
152.250, -9.563e-10
152.500, -9.559e-10
152.750, -9.545e-10
153.000, -9.543e-10
153.250, -9.539e-10
153.500, -9.555e-10
153.750, -9.548e-10
154.000, -9.554e-10
154.250, -9.552e-10
154.500, -9.555e-10
154.750, -9.555e-10
155.000, -9.555e-10
155.250, -9.554e-10
155.500, -9.564e-10
155.750, -9.548e-10
156.000, -9.563e-10
156.250, -9.549e-10
156.500, -9.539e-10
156.750, -9.526e-10
157.000, -9.551e-10
157.250, -9.514e-10
157.500, -9.521e-10
157.750, -9.509e-10
158.000, -9.496e-10
158.250, -9.479e-10
158.500, -9.481e-10
158.750, -9.471e-10
159.000, -9.463e-10
159.250, -9.419e-10
159.500, -9.415e-10
159.750, -9.398e-10
160.000, -9.397e-10
160.250, -9.378e-10
160.500, -9.371e-10
160.750, -9.368e-10
161.000, -9.345e-10
161.250, -9.326e-10
161.500, -9.329e-10
161.750, -9.318e-10
162.000, -9.307e-10
162.250, -9.312e-10
162.500, -9.304e-10
162.750, -9.298e-10
163.000, -9.287e-10
163.250, -9.300e-10
163.500, -9.318e-10
163.750, -9.309e-10
164.000, -9.333e-10
164.250, -9.343e-10
164.500, -9.359e-10
164.750, -9.361e-10
165.000, -9.396e-10
165.250, -9.403e-10
165.500, -9.403e-10
165.750, -9.409e-10
166.000, -9.406e-10
166.250, -9.419e-10
166.500, -9.431e-10
166.750, -9.457e-10
167.000, -9.457e-10
167.250, -9.482e-10
167.500, -9.450e-10
167.750, -9.477e-10
168.000, -9.456e-10
168.250, -9.493e-10
168.500, -9.470e-10
168.750, -9.495e-10
169.000, -9.471e-10
169.250, -9.485e-10
169.500, -9.478e-10
169.750, -9.477e-10
170.000, -9.471e-10
170.250, -9.480e-10
170.500, -9.478e-10
170.750, -9.467e-10
171.000, -9.477e-10
171.250, -9.482e-10
171.500, -9.474e-10
171.750, -9.509e-10
172.000, -9.499e-10
172.250, -9.505e-10
172.500, -9.510e-10
172.750, -9.515e-10
173.000, -9.498e-10
173.250, -9.528e-10
173.500, -9.511e-10
173.750, -9.552e-10
174.000, -9.537e-10
174.250, -9.575e-10
174.500, -9.565e-10
174.750, -9.576e-10
175.000, -9.584e-10
175.250, -9.595e-10
175.500, -9.576e-10
175.750, -9.616e-10
176.000, -9.589e-10
176.250, -9.617e-10
176.500, -9.593e-10
176.750, -9.609e-10
177.000, -9.610e-10
177.250, -9.595e-10
177.500, -9.598e-10
177.750, -9.599e-10
178.000, -9.593e-10
178.250, -9.593e-10
178.500, -9.601e-10
178.750, -9.599e-10
179.000, -9.606e-10
179.250, -9.573e-10
179.500, -9.597e-10
179.750, -9.585e-10
180.000, -9.591e-10
180.250, -9.591e-10
180.500, -9.576e-10
180.750, -9.576e-10
181.000, -9.584e-10
181.250, -9.570e-10
181.500, -9.570e-10
181.750, -9.544e-10
182.000, -9.559e-10
182.250, -9.515e-10
182.500, -9.524e-10
182.750, -9.512e-10
183.000, -9.508e-10
183.250, -9.489e-10
183.500, -9.507e-10
183.750, -9.486e-10
184.000, -9.498e-10
184.250, -9.480e-10
184.500, -9.489e-10
184.750, -9.504e-10
185.000, -9.481e-10
185.250, -9.494e-10
185.500, -9.479e-10
185.750, -9.494e-10
186.000, -9.478e-10
186.250, -9.489e-10
186.500, -9.481e-10
186.750, -9.490e-10
187.000, -9.494e-10
187.250, -9.498e-10
187.500, -9.487e-10
187.750, -9.518e-10
188.000, -9.497e-10
188.250, -9.516e-10
188.500, -9.492e-10
188.750, -9.526e-10
189.000, -9.510e-10
189.250, -9.525e-10
189.500, -9.512e-10
189.750, -9.526e-10
190.000, -9.524e-10
190.250, -9.520e-10
190.500, -9.513e-10
190.750, -9.521e-10
191.000, -9.510e-10
191.250, -9.535e-10
191.500, -9.545e-10
191.750, -9.573e-10
192.000, -9.580e-10
192.250, -9.582e-10
192.500, -9.584e-10
192.750, -9.608e-10
193.000, -9.609e-10
193.250, -9.631e-10
193.500, -9.653e-10
193.750, -9.671e-10
194.000, -9.708e-10
194.250, -9.723e-10
194.500, -9.756e-10
194.750, -9.774e-10
195.000, -9.781e-10
195.250, -9.807e-10
195.500, -9.819e-10
195.750, -9.822e-10
196.000, -9.840e-10
196.250, -9.874e-10
196.500, -9.863e-10
196.750, -9.909e-10
197.000, -9.888e-10
197.250, -9.938e-10
197.500, -9.908e-10
197.750, -9.921e-10
198.000, -9.915e-10
198.250, -9.924e-10
198.500, -9.928e-10
198.750, -9.929e-10
199.000, -9.927e-10
199.250, -9.916e-10
199.500, -9.893e-10
199.750, -9.908e-10
200.000, -9.911e-10
200.250, -9.890e-10
200.500, -9.884e-10
200.750, -9.883e-10
201.000, -9.870e-10
201.250, -9.863e-10
201.500, -9.855e-10
201.750, -9.859e-10
202.000, -9.839e-10
202.250, -9.831e-10
202.500, -9.813e-10
202.750, -9.826e-10
203.000, -9.822e-10
203.250, -9.798e-10
203.500, -9.830e-10
203.750, -9.797e-10
204.000, -9.792e-10
204.250, -9.784e-10
204.500, -9.800e-10
204.750, -9.777e-10
205.000, -9.804e-10
205.250, -9.818e-10
205.500, -9.817e-10
205.750, -9.812e-10
206.000, -9.833e-10
206.250, -9.856e-10
206.500, -9.851e-10
206.750, -9.878e-10
207.000, -9.904e-10
207.250, -9.893e-10
207.500, -9.927e-10
207.750, -9.918e-10
208.000, -9.935e-10
208.250, -9.953e-10
208.500, -9.952e-10
208.750, -1.000e-9
209.000, -9.992e-10
209.250, -1.001e-9
209.500, -1.003e-9
209.750, -1.005e-9
210.000, -1.009e-9
210.250, -1.008e-9
210.500, -1.014e-9
210.750, -1.013e-9
211.000, -1.015e-9
211.250, -1.020e-9
211.500, -1.024e-9
211.750, -1.027e-9
212.000, -1.028e-9
212.250, -1.031e-9
212.500, -1.032e-9
212.750, -1.033e-9
213.000, -1.034e-9
213.250, -1.039e-9
213.500, -1.040e-9
213.750, -1.041e-9
214.000, -1.046e-9
214.250, -1.048e-9
214.500, -1.048e-9
214.750, -1.052e-9
215.000, -1.055e-9
215.250, -1.057e-9
215.500, -1.058e-9
215.750, -1.059e-9
216.000, -1.062e-9
216.250, -1.060e-9
216.500, -1.064e-9
216.750, -1.068e-9
217.000, -1.067e-9
217.250, -1.069e-9
217.500, -1.070e-9
217.750, -1.072e-9
218.000, -1.073e-9
218.250, -1.075e-9
218.500, -1.078e-9
218.750, -1.084e-9
219.000, -1.082e-9
219.250, -1.088e-9
219.500, -1.089e-9
219.750, -1.091e-9
220.000, -1.095e-9
220.250, -1.097e-9
220.500, -1.100e-9
220.750, -1.101e-9
221.000, -1.103e-9
221.250, -1.109e-9
221.500, -1.108e-9
221.750, -1.117e-9
222.000, -1.117e-9
222.250, -1.122e-9
222.500, -1.126e-9
222.750, -1.128e-9
223.000, -1.133e-9
223.250, -1.136e-9
223.500, -1.139e-9
223.750, -1.147e-9
224.000, -1.149e-9
224.250, -1.155e-9
224.500, -1.158e-9
224.750, -1.163e-9
225.000, -1.170e-9
225.250, -1.171e-9
225.500, -1.177e-9
225.750, -1.178e-9
226.000, -1.182e-9
226.250, -1.189e-9
226.500, -1.191e-9
226.750, -1.199e-9
227.000, -1.204e-9
227.250, -1.210e-9
227.500, -1.214e-9
227.750, -1.221e-9
228.000, -1.224e-9
228.250, -1.230e-9
228.500, -1.238e-9
228.750, -1.241e-9
229.000, -1.246e-9
229.250, -1.252e-9
229.500, -1.257e-9
229.750, -1.261e-9
230.000, -1.270e-9
230.250, -1.278e-9
230.500, -1.278e-9
230.750, -1.288e-9
231.000, -1.292e-9
231.250, -1.302e-9
231.500, -1.311e-9
231.750, -1.317e-9
232.000, -1.334e-9
232.250, -1.334e-9
232.500, -1.345e-9
232.750, -1.356e-9
233.000, -1.361e-9
233.250, -1.372e-9
233.500, -1.381e-9
233.750, -1.392e-9
234.000, -1.404e-9
234.250, -1.416e-9
234.500, -1.433e-9
234.750, -1.447e-9
235.000, -1.458e-9
235.250, -1.474e-9
235.500, -1.483e-9
235.750, -1.494e-9
236.000, -1.507e-9
236.250, -1.520e-9
236.500, -1.541e-9
236.750, -1.558e-9
237.000, -1.575e-9
237.250, -1.596e-9
237.500, -1.612e-9
237.750, -1.630e-9
238.000, -1.646e-9
238.250, -1.660e-9
238.500, -1.681e-9
238.750, -1.696e-9
239.000, -1.717e-9
239.250, -1.733e-9
239.500, -1.751e-9
239.750, -1.767e-9
240.000, -1.785e-9
240.250, -1.806e-9
240.500, -1.816e-9
240.750, -1.835e-9
241.000, -1.853e-9
241.250, -1.874e-9
241.500, -1.901e-9
241.750, -1.929e-9
242.000, -1.952e-9
242.250, -1.975e-9
242.500, -1.998e-9
242.750, -2.023e-9
243.000, -2.042e-9
243.250, -2.063e-9
243.500, -2.089e-9
243.750, -2.119e-9
244.000, -2.149e-9
244.250, -2.184e-9
244.500, -2.219e-9
244.750, -2.249e-9
245.000, -2.286e-9
245.250, -2.317e-9
245.500, -2.346e-9
245.750, -2.370e-9
246.000, -2.406e-9
246.250, -2.443e-9
246.500, -2.484e-9
246.750, -2.534e-9
247.000, -2.578e-9
247.250, -2.621e-9
247.500, -2.662e-9
247.750, -2.701e-9
248.000, -2.740e-9
248.250, -2.771e-9
248.500, -2.811e-9
248.750, -2.856e-9
249.000, -2.902e-9
249.250, -2.950e-9
249.500, -2.990e-9
249.750, -3.032e-9
250.000, -3.072e-9
250.250, -3.107e-9
250.500, -3.146e-9
250.750, -3.183e-9
251.000, -3.218e-9
251.250, -3.268e-9
251.500, -3.323e-9
251.750, -3.378e-9
252.000, -3.428e-9
252.250, -3.474e-9
252.500, -3.514e-9
252.750, -3.557e-9
253.000, -3.589e-9
253.250, -3.625e-9
253.500, -3.664e-9
253.750, -3.710e-9
254.000, -3.764e-9
254.250, -3.809e-9
254.500, -3.861e-9
254.750, -3.896e-9
255.000, -3.938e-9
255.250, -3.976e-9
255.500, -4.004e-9
255.750, -4.036e-9
256.000, -4.068e-9
256.250, -4.105e-9
256.500, -4.144e-9
256.750, -4.181e-9
257.000, -4.221e-9
257.250, -4.253e-9
257.500, -4.287e-9
257.750, -4.318e-9
258.000, -4.345e-9
258.250, -4.369e-9
258.500, -4.398e-9
258.750, -4.433e-9
259.000, -4.463e-9
259.250, -4.496e-9
259.500, -4.526e-9
259.750, -4.555e-9
260.000, -4.583e-9
260.250, -4.607e-9
260.500, -4.634e-9
260.750, -4.658e-9
261.000, -4.683e-9
261.250, -4.715e-9
261.500, -4.751e-9
261.750, -4.784e-9
262.000, -4.817e-9
262.250, -4.847e-9
262.500, -4.872e-9
262.750, -4.897e-9
263.000, -4.920e-9
263.250, -4.942e-9
263.500, -4.960e-9
263.750, -4.984e-9
264.000, -5.008e-9
264.250, -5.029e-9
264.500, -5.048e-9
264.750, -5.061e-9
265.000, -5.078e-9
265.250, -5.088e-9
265.500, -5.098e-9
265.750, -5.109e-9
266.000, -5.119e-9
266.250, -5.130e-9
266.500, -5.141e-9
266.750, -5.151e-9
267.000, -5.161e-9
267.250, -5.168e-9
267.500, -5.176e-9
267.750, -5.184e-9
268.000, -5.189e-9
268.250, -5.194e-9
268.500, -5.197e-9
268.750, -5.201e-9
269.000, -5.205e-9
269.250, -5.210e-9
269.500, -5.214e-9
269.750, -5.215e-9
270.000, -5.217e-9
270.250, -5.219e-9
270.500, -5.220e-9
270.750, -5.221e-9
271.000, -5.224e-9
271.250, -5.226e-9
271.500, -5.228e-9
271.750, -5.230e-9
272.000, -5.233e-9
272.250, -5.234e-9
272.500, -5.235e-9
272.750, -5.237e-9
273.000, -5.239e-9
273.250, -5.241e-9
273.500, -5.243e-9
273.750, -5.246e-9
274.000, -5.249e-9
274.250, -5.252e-9
274.500, -5.255e-9
274.750, -5.258e-9
275.000, -5.261e-9
275.250, -5.264e-9
275.500, -5.267e-9
275.750, -5.269e-9
276.000, -5.272e-9
276.250, -5.274e-9
276.500, -5.277e-9
276.750, -5.281e-9
277.000, -5.282e-9
277.250, -5.285e-9
277.500, -5.285e-9
277.750, -5.287e-9
278.000, -5.287e-9
278.250, -5.287e-9
278.500, -5.287e-9
278.750, -5.289e-9
279.000, -5.289e-9
279.250, -5.291e-9
279.500, -5.293e-9
279.750, -5.293e-9
280.000, -5.295e-9
280.250, -5.297e-9
280.500, -5.299e-9
280.750, -5.302e-9
281.000, -5.304e-9
281.250, -5.307e-9
281.500, -5.310e-9
281.750, -5.313e-9
282.000, -5.318e-9
282.250, -5.319e-9
282.500, -5.324e-9
282.750, -5.327e-9
283.000, -5.330e-9
283.250, -5.333e-9
283.500, -5.335e-9
283.750, -5.338e-9
284.000, -5.341e-9
284.250, -5.346e-9
284.500, -5.349e-9
284.750, -5.351e-9
285.000, -5.353e-9
285.250, -5.353e-9
285.500, -5.357e-9
285.750, -5.359e-9
286.000, -5.363e-9
286.250, -5.366e-9
286.500, -5.371e-9
286.750, -5.376e-9
287.000, -5.380e-9
287.250, -5.384e-9
287.500, -5.387e-9
287.750, -5.392e-9
288.000, -5.393e-9
288.250, -5.398e-9
288.500, -5.402e-9
288.750, -5.408e-9
289.000, -5.414e-9
289.250, -5.420e-9
289.500, -5.429e-9
289.750, -5.433e-9
290.000, -5.440e-9
290.250, -5.448e-9
290.500, -5.454e-9
290.750, -5.462e-9
291.000, -5.470e-9
291.250, -5.482e-9
291.500, -5.494e-9
291.750, -5.507e-9
292.000, -5.520e-9
292.250, -5.531e-9
292.500, -5.541e-9
292.750, -5.555e-9
293.000, -5.563e-9
293.250, -5.572e-9
293.500, -5.582e-9
293.750, -5.594e-9
294.000, -5.608e-9
294.250, -5.622e-9
294.500, -5.634e-9
294.750, -5.645e-9
295.000, -5.655e-9
295.250, -5.663e-9
295.500, -5.671e-9
295.750, -5.677e-9
296.000, -5.688e-9
296.250, -5.697e-9
296.500, -5.709e-9
296.750, -5.720e-9
297.000, -5.728e-9
297.250, -5.739e-9
297.500, -5.743e-9
297.750, -5.752e-9
298.000, -5.758e-9
298.250, -5.761e-9
298.500, -5.767e-9
298.750, -5.775e-9
299.000, -5.780e-9
299.250, -5.788e-9
299.500, -5.794e-9
299.750, -5.800e-9
300.000, -5.803e-9
300.250, -5.808e-9
300.500, -5.812e-9
300.750, -5.815e-9
301.000, -5.821e-9
301.250, -5.826e-9
301.500, -5.832e-9
301.750, -5.843e-9
302.000, -5.848e-9
302.250, -5.857e-9
302.500, -5.865e-9
302.750, -5.869e-9
303.000, -5.874e-9
303.250, -5.879e-9
303.500, -5.885e-9
303.750, -5.894e-9
304.000, -5.902e-9
304.250, -5.912e-9
304.500, -5.921e-9
304.750, -5.927e-9
305.000, -5.938e-9
305.250, -5.942e-9
305.500, -5.949e-9
305.750, -5.957e-9
306.000, -5.965e-9
306.250, -5.974e-9
306.500, -5.984e-9
306.750, -5.995e-9
307.000, -6.007e-9
307.250, -6.013e-9
307.500, -6.022e-9
307.750, -6.029e-9
308.000, -6.033e-9
308.250, -6.038e-9
308.500, -6.046e-9
308.750, -6.052e-9
309.000, -6.057e-9
309.250, -6.064e-9
309.500, -6.070e-9
309.750, -6.079e-9
310.000, -6.082e-9
310.250, -6.084e-9
310.500, -6.088e-9
310.750, -6.091e-9
311.000, -6.093e-9
311.250, -6.101e-9
311.500, -6.107e-9
311.750, -6.113e-9
312.000, -6.119e-9
312.250, -6.126e-9
312.500, -6.129e-9
312.750, -6.133e-9
313.000, -6.138e-9
313.250, -6.145e-9
313.500, -6.150e-9
313.750, -6.156e-9
314.000, -6.165e-9
314.250, -6.171e-9
314.500, -6.179e-9
314.750, -6.188e-9
315.000, -6.196e-9
315.250, -6.203e-9
315.500, -6.206e-9
315.750, -6.215e-9
316.000, -6.224e-9
316.250, -6.235e-9
316.500, -6.252e-9
316.750, -6.266e-9
317.000, -6.282e-9
317.250, -6.297e-9
317.500, -6.310e-9
317.750, -6.326e-9
318.000, -6.335e-9
318.250, -6.347e-9
318.500, -6.363e-9
318.750, -6.376e-9
319.000, -6.394e-9
319.250, -6.409e-9
319.500, -6.431e-9
319.750, -6.446e-9
320.000, -6.463e-9
320.250, -6.477e-9
320.500, -6.492e-9
320.750, -6.504e-9
321.000, -6.525e-9
321.250, -6.545e-9
321.500, -6.567e-9
321.750, -6.591e-9
322.000, -6.614e-9
322.250, -6.633e-9
322.500, -6.648e-9
322.750, -6.666e-9
323.000, -6.681e-9
323.250, -6.693e-9
323.500, -6.714e-9
323.750, -6.732e-9
324.000, -6.755e-9
324.250, -6.778e-9
324.500, -6.801e-9
324.750, -6.820e-9
325.000, -6.836e-9
325.250, -6.848e-9
325.500, -6.861e-9
325.750, -6.875e-9
326.000, -6.891e-9
326.250, -6.904e-9
326.500, -6.926e-9
326.750, -6.948e-9
327.000, -6.966e-9
327.250, -6.984e-9
327.500, -6.998e-9
327.750, -7.011e-9
328.000, -7.026e-9
328.250, -7.040e-9
328.500, -7.053e-9
328.750, -7.068e-9
329.000, -7.087e-9
329.250, -7.106e-9
329.500, -7.127e-9
329.750, -7.138e-9
330.000, -7.155e-9
330.250, -7.170e-9
330.500, -7.186e-9
330.750, -7.198e-9
331.000, -7.216e-9
331.250, -7.238e-9
331.500, -7.263e-9
331.750, -7.291e-9
332.000, -7.312e-9
332.250, -7.332e-9
332.500, -7.355e-9
332.750, -7.374e-9
333.000, -7.389e-9
333.250, -7.408e-9
333.500, -7.425e-9
333.750, -7.449e-9
334.000, -7.469e-9
334.250, -7.494e-9
334.500, -7.510e-9
334.750, -7.527e-9
335.000, -7.534e-9
335.250, -7.548e-9
335.500, -7.558e-9
335.750, -7.563e-9
336.000, -7.578e-9
336.250, -7.591e-9
336.500, -7.601e-9
336.750, -7.615e-9
337.000, -7.629e-9
337.250, -7.633e-9
337.500, -7.647e-9
337.750, -7.655e-9
338.000, -7.661e-9
338.250, -7.673e-9
338.500, -7.680e-9
338.750, -7.689e-9
339.000, -7.700e-9
339.250, -7.713e-9
339.500, -7.721e-9
339.750, -7.732e-9
340.000, -7.744e-9
340.250, -7.749e-9
340.500, -7.762e-9
340.750, -7.773e-9
341.000, -7.786e-9
341.250, -7.798e-9
341.500, -7.815e-9
341.750, -7.840e-9
342.000, -7.856e-9
342.250, -7.874e-9
342.500, -7.888e-9
342.750, -7.905e-9
343.000, -7.920e-9
343.250, -7.935e-9
343.500, -7.955e-9
343.750, -7.978e-9
344.000, -8.010e-9
344.250, -8.043e-9
344.500, -8.071e-9
344.750, -8.096e-9
345.000, -8.117e-9
345.250, -8.134e-9
345.500, -8.153e-9
345.750, -8.169e-9
346.000, -8.190e-9
346.250, -8.209e-9
346.500, -8.235e-9
346.750, -8.259e-9
347.000, -8.278e-9
347.250, -8.294e-9
347.500, -8.307e-9
347.750, -8.317e-9
348.000, -8.326e-9
348.250, -8.334e-9
348.500, -8.341e-9
348.750, -8.348e-9
349.000, -8.357e-9
349.250, -8.365e-9
349.500, -8.371e-9
349.750, -8.375e-9
350.000, -8.381e-9
350.250, -8.387e-9
350.500, -8.391e-9
350.750, -8.395e-9
351.000, -8.398e-9
351.250, -8.402e-9
351.500, -8.407e-9
351.750, -8.414e-9
352.000, -8.418e-9
352.250, -8.421e-9
352.500, -8.414e-9
352.750, -8.411e-9
353.000, -8.409e-9
353.250, -8.406e-9
353.500, -8.403e-9
353.750, -8.395e-9
354.000, -8.392e-9
354.250, -8.389e-9
354.500, -8.378e-9
354.750, -8.368e-9
355.000, -8.364e-9
355.250, -8.360e-9
355.500, -8.355e-9
355.750, -8.349e-9
356.000, -8.343e-9
356.250, -8.327e-9
356.500, -8.314e-9
356.750, -8.312e-9
357.000, -8.308e-9
357.250, -8.303e-9
357.500, -8.298e-9
357.750, -8.292e-9
358.000, -8.289e-9
358.250, -8.286e-9
358.500, -8.280e-9
358.750, -8.269e-9
359.000, -8.256e-9
359.250, -8.251e-9
359.500, -8.246e-9
359.750, -8.241e-9
360.000, -8.237e-9
360.250, -8.233e-9
360.500, -8.229e-9
360.750, -8.223e-9
361.000, -8.214e-9
361.250, -8.206e-9
361.500, -8.195e-9
361.750, -8.180e-9
362.000, -8.162e-9
362.250, -8.151e-9
362.500, -8.146e-9
362.750, -8.142e-9
363.000, -8.135e-9
363.250, -8.130e-9
363.500, -8.127e-9
363.750, -8.123e-9
364.000, -8.111e-9
364.250, -8.101e-9
364.500, -8.094e-9
364.750, -8.088e-9
365.000, -8.084e-9
365.250, -8.079e-9
365.500, -8.070e-9
365.750, -8.062e-9
366.000, -8.056e-9
366.250, -8.054e-9
366.500, -8.051e-9
366.750, -8.045e-9
367.000, -8.033e-9
367.250, -8.025e-9
367.500, -8.021e-9
367.750, -8.017e-9
368.000, -8.009e-9
368.250, -7.997e-9
368.500, -7.989e-9
368.750, -7.980e-9
369.000, -7.963e-9
369.250, -7.951e-9
369.500, -7.934e-9
369.750, -7.912e-9
370.000, -7.902e-9
370.250, -7.896e-9
370.500, -7.892e-9
370.750, -7.888e-9
371.000, -7.885e-9
371.250, -7.880e-9
371.500, -7.866e-9
371.750, -7.845e-9
372.000, -7.826e-9
372.250, -7.810e-9
372.500, -7.799e-9
372.750, -7.793e-9
373.000, -7.791e-9
373.250, -7.789e-9
373.500, -7.786e-9
373.750, -7.776e-9
374.000, -7.763e-9
374.250, -7.756e-9
374.500, -7.751e-9
374.750, -7.747e-9
375.000, -7.742e-9
375.250, -7.735e-9
375.500, -7.728e-9
375.750, -7.723e-9
376.000, -7.716e-9
376.250, -7.711e-9
376.500, -7.709e-9
376.750, -7.709e-9
377.000, -7.710e-9
377.250, -7.713e-9
377.500, -7.715e-9
377.750, -7.717e-9
378.000, -7.721e-9
378.250, -7.730e-9
378.500, -7.738e-9
378.750, -7.744e-9
379.000, -7.753e-9
379.250, -7.773e-9
379.500, -7.795e-9
379.750, -7.809e-9
380.000, -7.818e-9
380.250, -7.824e-9
380.500, -7.830e-9
380.750, -7.835e-9
381.000, -7.841e-9
381.250, -7.864e-9
381.500, -7.901e-9
381.750, -7.930e-9
382.000, -7.957e-9
382.250, -7.982e-9
382.500, -8.008e-9
382.750, -8.031e-9
383.000, -8.047e-9
383.250, -8.056e-9
383.500, -8.069e-9
383.750, -8.092e-9
384.000, -8.112e-9
384.250, -8.126e-9
384.500, -8.138e-9
384.750, -8.149e-9
385.000, -8.164e-9
385.250, -8.180e-9
385.500, -8.187e-9
385.750, -8.190e-9
386.000, -8.193e-9
386.250, -8.195e-9
386.500, -8.196e-9
386.750, -8.196e-9
387.000, -8.195e-9
387.250, -8.194e-9
387.500, -8.194e-9
387.750, -8.193e-9
388.000, -8.192e-9
388.250, -8.191e-9
388.500, -8.187e-9
388.750, -8.180e-9
389.000, -8.171e-9
389.250, -8.161e-9
389.500, -8.154e-9
389.750, -8.149e-9
390.000, -8.145e-9
390.250, -8.139e-9
390.500, -8.132e-9
390.750, -8.126e-9
391.000, -8.120e-9
391.250, -8.112e-9
391.500, -8.100e-9
391.750, -8.083e-9
392.000, -8.064e-9
392.250, -8.044e-9
392.500, -8.027e-9
392.750, -8.013e-9
393.000, -8.003e-9
393.250, -7.994e-9
393.500, -7.985e-9
393.750, -7.974e-9
394.000, -7.959e-9
394.250, -7.942e-9
394.500, -7.926e-9
394.750, -7.910e-9
395.000, -7.893e-9
395.250, -7.878e-9
395.500, -7.864e-9
395.750, -7.852e-9
396.000, -7.842e-9
396.250, -7.835e-9
396.500, -7.822e-9
396.750, -7.800e-9
397.000, -7.774e-9
397.250, -7.753e-9
397.500, -7.739e-9
397.750, -7.728e-9
398.000, -7.714e-9
398.250, -7.699e-9
398.500, -7.683e-9
398.750, -7.662e-9
399.000, -7.639e-9
399.250, -7.619e-9
399.500, -7.603e-9
399.750, -7.590e-9
400.000, -7.580e-9
400.250, -7.570e-9
400.500, -7.558e-9
400.750, -7.545e-9
401.000, -7.535e-9
401.250, -7.524e-9
401.500, -7.511e-9
401.750, -7.494e-9
402.000, -7.478e-9
402.250, -7.463e-9
402.500, -7.450e-9
402.750, -7.440e-9
403.000, -7.431e-9
403.250, -7.423e-9
403.500, -7.414e-9
403.750, -7.402e-9
404.000, -7.381e-9
404.250, -7.357e-9
404.500, -7.330e-9
404.750, -7.306e-9
405.000, -7.289e-9
405.250, -7.274e-9
405.500, -7.262e-9
405.750, -7.247e-9
406.000, -7.226e-9
406.250, -7.203e-9
406.500, -7.183e-9
406.750, -7.161e-9
407.000, -7.131e-9
407.250, -7.098e-9
407.500, -7.073e-9
407.750, -7.057e-9
408.000, -7.043e-9
408.250, -7.031e-9
408.500, -7.022e-9
408.750, -7.012e-9
409.000, -6.997e-9
409.250, -6.979e-9
409.500, -6.964e-9
409.750, -6.953e-9
410.000, -6.942e-9
410.250, -6.933e-9
410.500, -6.925e-9
410.750, -6.917e-9
411.000, -6.907e-9
411.250, -6.893e-9
411.500, -6.881e-9
411.750, -6.869e-9
412.000, -6.856e-9
412.250, -6.843e-9
412.500, -6.825e-9
412.750, -6.806e-9
413.000, -6.793e-9
413.250, -6.784e-9
413.500, -6.777e-9
413.750, -6.773e-9
414.000, -6.768e-9
414.250, -6.761e-9
414.500, -6.750e-9
414.750, -6.737e-9
415.000, -6.726e-9
415.250, -6.715e-9
415.500, -6.702e-9
415.750, -6.682e-9
416.000, -6.658e-9
416.250, -6.634e-9
416.500, -6.611e-9
416.750, -6.584e-9
417.000, -6.559e-9
417.250, -6.533e-9
417.500, -6.503e-9
417.750, -6.478e-9
418.000, -6.453e-9
418.250, -6.427e-9
418.500, -6.391e-9
418.750, -6.353e-9
419.000, -6.323e-9
419.250, -6.294e-9
419.500, -6.268e-9
419.750, -6.244e-9
420.000, -6.213e-9
420.250, -6.185e-9
420.500, -6.169e-9
420.750, -6.158e-9
421.000, -6.146e-9
421.250, -6.131e-9
421.500, -6.110e-9
421.750, -6.074e-9
422.000, -6.041e-9
422.250, -6.011e-9
422.500, -5.980e-9
422.750, -5.947e-9
423.000, -5.922e-9
423.250, -5.908e-9
423.500, -5.898e-9
423.750, -5.884e-9
424.000, -5.855e-9
424.250, -5.826e-9
424.500, -5.809e-9
424.750, -5.798e-9
425.000, -5.786e-9
425.250, -5.776e-9
425.500, -5.769e-9
425.750, -5.764e-9
426.000, -5.761e-9
426.250, -5.759e-9
426.500, -5.757e-9
426.750, -5.755e-9
427.000, -5.752e-9
427.250, -5.752e-9
427.500, -5.754e-9
427.750, -5.758e-9
428.000, -5.764e-9
428.250, -5.771e-9
428.500, -5.776e-9
428.750, -5.782e-9
429.000, -5.789e-9
429.250, -5.797e-9
429.500, -5.805e-9
429.750, -5.812e-9
430.000, -5.820e-9
430.250, -5.829e-9
430.500, -5.841e-9
430.750, -5.849e-9
431.000, -5.856e-9
431.250, -5.862e-9
431.500, -5.872e-9
431.750, -5.881e-9
432.000, -5.887e-9
432.250, -5.891e-9
432.500, -5.891e-9
432.750, -5.890e-9
433.000, -5.889e-9
433.250, -5.887e-9
433.500, -5.881e-9
433.750, -5.874e-9
434.000, -5.863e-9
434.250, -5.849e-9
434.500, -5.834e-9
434.750, -5.816e-9
435.000, -5.792e-9
435.250, -5.767e-9
435.500, -5.743e-9
435.750, -5.721e-9
436.000, -5.697e-9
436.250, -5.664e-9
436.500, -5.620e-9
436.750, -5.563e-9
437.000, -5.498e-9
437.250, -5.433e-9
437.500, -5.372e-9
437.750, -5.310e-9
438.000, -5.238e-9
438.250, -5.169e-9
438.500, -5.111e-9
438.750, -5.052e-9
439.000, -4.983e-9
439.250, -4.912e-9
439.500, -4.847e-9
439.750, -4.770e-9
440.000, -4.679e-9
440.250, -4.597e-9
440.500, -4.522e-9
440.750, -4.455e-9
441.000, -4.397e-9
441.250, -4.342e-9
441.500, -4.263e-9
441.750, -4.170e-9
442.000, -4.079e-9
442.250, -3.994e-9
442.500, -3.916e-9
442.750, -3.851e-9
443.000, -3.788e-9
443.250, -3.712e-9
443.500, -3.630e-9
443.750, -3.551e-9
444.000, -3.480e-9
444.250, -3.417e-9
444.500, -3.352e-9
444.750, -3.278e-9
445.000, -3.201e-9
445.250, -3.136e-9
445.500, -3.082e-9
445.750, -3.029e-9
446.000, -2.974e-9
446.250, -2.923e-9
446.500, -2.875e-9
446.750, -2.822e-9
447.000, -2.758e-9
447.250, -2.677e-9
447.500, -2.607e-9
447.750, -2.552e-9
448.000, -2.502e-9
448.250, -2.452e-9
448.500, -2.395e-9
448.750, -2.332e-9
449.000, -2.271e-9
449.250, -2.210e-9
449.500, -2.147e-9
449.750, -2.075e-9
450.000, -2.009e-9
450.250, -1.958e-9
450.500, -1.918e-9
450.750, -1.881e-9
451.000, -1.840e-9
451.250, -1.786e-9
451.500, -1.721e-9
451.750, -1.653e-9
452.000, -1.586e-9
452.250, -1.530e-9
452.500, -1.484e-9
452.750, -1.441e-9
453.000, -1.389e-9
453.250, -1.331e-9
453.500, -1.284e-9
453.750, -1.243e-9
454.000, -1.204e-9
454.250, -1.169e-9
454.500, -1.135e-9
454.750, -1.104e-9
455.000, -1.079e-9
455.250, -1.056e-9
455.500, -1.033e-9
455.750, -1.014e-9
456.000, -9.975e-10
456.250, -9.801e-10
456.500, -9.607e-10
456.750, -9.422e-10
457.000, -9.273e-10
457.250, -9.137e-10
457.500, -9.012e-10
457.750, -8.909e-10
458.000, -8.810e-10
458.250, -8.717e-10
458.500, -8.633e-10
458.750, -8.559e-10
459.000, -8.482e-10
459.250, -8.403e-10
459.500, -8.324e-10
459.750, -8.251e-10
460.000, -8.183e-10
460.250, -8.120e-10
460.500, -8.060e-10
460.750, -8.006e-10
461.000, -7.956e-10
461.250, -7.904e-10
461.500, -7.850e-10
461.750, -7.790e-10
462.000, -7.734e-10
462.250, -7.680e-10
462.500, -7.629e-10
462.750, -7.584e-10
463.000, -7.544e-10
463.250, -7.508e-10
463.500, -7.472e-10
463.750, -7.437e-10
464.000, -7.402e-10
464.250, -7.368e-10
464.500, -7.334e-10
464.750, -7.298e-10
465.000, -7.270e-10
465.250, -7.242e-10
465.500, -7.215e-10
465.750, -7.192e-10
466.000, -7.169e-10
466.250, -7.147e-10
466.500, -7.123e-10
466.750, -7.099e-10
467.000, -7.072e-10
467.250, -7.045e-10
467.500, -7.020e-10
467.750, -6.997e-10
468.000, -6.979e-10
468.250, -6.960e-10
468.500, -6.944e-10
468.750, -6.924e-10
469.000, -6.911e-10
469.250, -6.895e-10
469.500, -6.880e-10
469.750, -6.866e-10
470.000, -6.848e-10
470.250, -6.834e-10
470.500, -6.821e-10
470.750, -6.809e-10
471.000, -6.800e-10
471.250, -6.789e-10
471.500, -6.775e-10
471.750, -6.766e-10
472.000, -6.758e-10
472.250, -6.746e-10
472.500, -6.736e-10
472.750, -6.726e-10
473.000, -6.716e-10
473.250, -6.702e-10
473.500, -6.691e-10
473.750, -6.681e-10
474.000, -6.672e-10
474.250, -6.667e-10
474.500, -6.662e-10
474.750, -6.655e-10
475.000, -6.651e-10
475.250, -6.648e-10
475.500, -6.643e-10
475.750, -6.637e-10
476.000, -6.633e-10
476.250, -6.624e-10
476.500, -6.617e-10
476.750, -6.610e-10
477.000, -6.608e-10
477.250, -6.601e-10
477.500, -6.595e-10
477.750, -6.590e-10
478.000, -6.585e-10
478.250, -6.580e-10
478.500, -6.573e-10
478.750, -6.567e-10
479.000, -6.562e-10
479.250, -6.556e-10
479.500, -6.551e-10
479.750, -6.548e-10
480.000, -6.543e-10
480.250, -6.539e-10
480.500, -6.533e-10
480.750, -6.529e-10
481.000, -6.526e-10
481.250, -6.523e-10
481.500, -6.526e-10
481.750, -6.523e-10
482.000, -6.517e-10
482.250, -6.511e-10
482.500, -6.503e-10
482.750, -6.497e-10
483.000, -6.494e-10
483.250, -6.489e-10
483.500, -6.485e-10
483.750, -6.479e-10
484.000, -6.472e-10
484.250, -6.467e-10
484.500, -6.464e-10
484.750, -6.458e-10
485.000, -6.455e-10
485.250, -6.451e-10
485.500, -6.449e-10
485.750, -6.445e-10
486.000, -6.443e-10
486.250, -6.438e-10
486.500, -6.432e-10
486.750, -6.430e-10
487.000, -6.426e-10
487.250, -6.426e-10
487.500, -6.423e-10
487.750, -6.420e-10
488.000, -6.413e-10
488.250, -6.408e-10
488.500, -6.406e-10
488.750, -6.400e-10
489.000, -6.396e-10
489.250, -6.392e-10
489.500, -6.391e-10
489.750, -6.387e-10
490.000, -6.386e-10
490.250, -6.385e-10
490.500, -6.384e-10
490.750, -6.383e-10
491.000, -6.382e-10
491.250, -6.380e-10
491.500, -6.408e-10
491.750, -6.428e-10
492.000, -6.413e-10
492.250, -6.403e-10
492.500, -6.395e-10
492.750, -6.392e-10
493.000, -6.391e-10
493.250, -6.387e-10
493.500, -6.384e-10
493.750, -6.379e-10
494.000, -6.374e-10
494.250, -6.370e-10
494.500, -6.367e-10
494.750, -6.366e-10
495.000, -6.363e-10
495.250, -6.362e-10
495.500, -6.360e-10
495.750, -6.358e-10
496.000, -6.354e-10
496.250, -6.352e-10
496.500, -6.345e-10
496.750, -6.342e-10
497.000, -6.340e-10
497.250, -6.338e-10
497.500, -6.335e-10
497.750, -6.333e-10
498.000, -6.329e-10
498.250, -6.328e-10
498.500, -6.327e-10
498.750, -6.323e-10
499.000, -6.315e-10
499.250, -6.309e-10
499.500, -6.307e-10
499.750, -6.304e-10
500.000, -6.300e-10
