Distance/um, Current/A

-149.730, -3.076e-9
-149.430, -3.077e-9
-149.130, -3.076e-9
-148.830, -3.075e-9
-148.530, -3.075e-9
-148.230, -3.074e-9
-147.930, -3.075e-9
-147.630, -3.075e-9
-147.330, -3.075e-9
-147.030, -3.076e-9
-146.730, -3.075e-9
-146.430, -3.075e-9
-146.130, -3.075e-9
-145.830, -3.075e-9
-145.530, -3.075e-9
-145.230, -3.074e-9
-144.930, -3.074e-9
-144.630, -3.074e-9
-144.330, -3.074e-9
-144.030, -3.074e-9
-143.730, -3.075e-9
-143.430, -3.074e-9
-143.130, -3.074e-9
-142.830, -3.073e-9
-142.530, -3.074e-9
-142.230, -3.074e-9
-141.930, -3.074e-9
-141.630, -3.074e-9
-141.330, -3.074e-9
-141.030, -3.073e-9
-140.730, -3.073e-9
-140.430, -3.073e-9
-140.130, -3.073e-9
-139.830, -3.073e-9
-139.530, -3.073e-9
-139.230, -3.072e-9
-138.930, -3.072e-9
-138.630, -3.073e-9
-138.330, -3.073e-9
-138.030, -3.073e-9
-137.730, -3.072e-9
-137.430, -3.072e-9
-137.130, -3.072e-9
-136.830, -3.072e-9
-136.530, -3.072e-9
-136.230, -3.072e-9
-135.930, -3.072e-9
-135.630, -3.072e-9
-135.330, -3.071e-9
-135.030, -3.071e-9
-134.730, -3.071e-9
-134.430, -3.072e-9
-134.130, -3.072e-9
-133.830, -3.072e-9
-133.530, -3.071e-9
-133.230, -3.071e-9
-132.930, -3.071e-9
-132.630, -3.070e-9
-132.330, -3.071e-9
-132.030, -3.071e-9
-131.730, -3.071e-9
-131.430, -3.071e-9
-131.130, -3.071e-9
-130.830, -3.071e-9
-130.530, -3.071e-9
-130.230, -3.070e-9
-129.930, -3.070e-9
-129.630, -3.070e-9
-129.330, -3.070e-9
-129.030, -3.070e-9
-128.730, -3.070e-9
-128.430, -3.069e-9
-128.130, -3.069e-9
-127.830, -3.069e-9
-127.530, -3.070e-9
-127.230, -3.070e-9
-126.930, -3.070e-9
-126.630, -3.069e-9
-126.330, -3.070e-9
-126.030, -3.070e-9
-125.730, -3.069e-9
-125.430, -3.069e-9
-125.130, -3.069e-9
-124.830, -3.069e-9
-124.530, -3.069e-9
-124.230, -3.069e-9
-123.930, -3.069e-9
-123.630, -3.069e-9
-123.330, -3.069e-9
-123.030, -3.069e-9
-122.730, -3.069e-9
-122.430, -3.068e-9
-122.130, -3.068e-9
-121.830, -3.069e-9
-121.530, -3.068e-9
-121.230, -3.069e-9
-120.930, -3.068e-9
-120.630, -3.068e-9
-120.330, -3.068e-9
-120.030, -3.068e-9
-119.730, -3.068e-9
-119.430, -3.068e-9
-119.130, -3.068e-9
-118.830, -3.068e-9
-118.530, -3.068e-9
-118.230, -3.068e-9
-117.930, -3.067e-9
-117.630, -3.067e-9
-117.330, -3.067e-9
-117.030, -3.068e-9
-116.730, -3.067e-9
-116.430, -3.067e-9
-116.130, -3.068e-9
-115.830, -3.067e-9
-115.530, -3.066e-9
-115.230, -3.067e-9
-114.930, -3.067e-9
-114.630, -3.067e-9
-114.330, -3.067e-9
-114.030, -3.067e-9
-113.730, -3.067e-9
-113.430, -3.067e-9
-113.130, -3.067e-9
-112.830, -3.066e-9
-112.530, -3.067e-9
-112.230, -3.067e-9
-111.930, -3.066e-9
-111.630, -3.066e-9
-111.330, -3.066e-9
-111.030, -3.066e-9
-110.730, -3.067e-9
-110.430, -3.066e-9
-110.130, -3.066e-9
-109.830, -3.066e-9
-109.530, -3.066e-9
-109.230, -3.066e-9
-108.930, -3.066e-9
-108.630, -3.066e-9
-108.330, -3.066e-9
-108.030, -3.066e-9
-107.730, -3.066e-9
-107.430, -3.066e-9
-107.130, -3.065e-9
-106.830, -3.065e-9
-106.530, -3.065e-9
-106.230, -3.065e-9
-105.930, -3.065e-9
-105.630, -3.065e-9
-105.330, -3.065e-9
-105.030, -3.065e-9
-104.730, -3.065e-9
-104.430, -3.065e-9
-104.130, -3.065e-9
-103.830, -3.065e-9
-103.530, -3.065e-9
-103.230, -3.065e-9
-102.930, -3.065e-9
-102.630, -3.065e-9
-102.330, -3.065e-9
-102.030, -3.065e-9
-101.730, -3.065e-9
-101.430, -3.065e-9
-101.130, -3.065e-9
-100.829, -3.064e-9
-100.529, -3.064e-9
-100.229, -3.064e-9
-99.929, -3.064e-9
-99.629, -3.064e-9
-99.329, -3.064e-9
-99.029, -3.064e-9
-98.729, -3.064e-9
-98.429, -3.064e-9
-98.129, -3.064e-9
-97.829, -3.064e-9
-97.529, -3.064e-9
-97.229, -3.064e-9
-96.929, -3.064e-9
-96.629, -3.064e-9
-96.329, -3.064e-9
-96.029, -3.064e-9
-95.729, -3.063e-9
-95.429, -3.063e-9
-95.129, -3.063e-9
-94.829, -3.063e-9
-94.529, -3.064e-9
-94.229, -3.064e-9
-93.929, -3.063e-9
-93.629, -3.063e-9
-93.329, -3.064e-9
-93.029, -3.063e-9
-92.729, -3.063e-9
-92.429, -3.063e-9
-92.129, -3.063e-9
-91.829, -3.063e-9
-91.529, -3.063e-9
-91.229, -3.063e-9
-90.929, -3.063e-9
-90.629, -3.063e-9
-90.329, -3.063e-9
-90.029, -3.062e-9
-89.729, -3.062e-9
-89.429, -3.062e-9
-89.129, -3.062e-9
-88.829, -3.063e-9
-88.529, -3.062e-9
-88.229, -3.062e-9
-87.929, -3.062e-9
-87.629, -3.062e-9
-87.329, -3.062e-9
-87.029, -3.062e-9
-86.729, -3.062e-9
-86.429, -3.062e-9
-86.129, -3.062e-9
-85.829, -3.062e-9
-85.529, -3.062e-9
-85.229, -3.061e-9
-84.929, -3.061e-9
-84.629, -3.062e-9
-84.329, -3.061e-9
-84.029, -3.061e-9
-83.729, -3.061e-9
-83.429, -3.062e-9
-83.129, -3.062e-9
-82.829, -3.061e-9
-82.529, -3.061e-9
-82.229, -3.061e-9
-81.929, -3.062e-9
-81.629, -3.061e-9
-81.329, -3.061e-9
-81.029, -3.061e-9
-80.729, -3.061e-9
-80.429, -3.061e-9
-80.129, -3.061e-9
-79.829, -3.061e-9
-79.529, -3.061e-9
-79.229, -3.061e-9
-78.929, -3.061e-9
-78.629, -3.061e-9
-78.329, -3.061e-9
-78.029, -3.060e-9
-77.729, -3.060e-9
-77.429, -3.060e-9
-77.129, -3.060e-9
-76.829, -3.060e-9
-76.529, -3.060e-9
-76.229, -3.060e-9
-75.929, -3.060e-9
-75.629, -3.060e-9
-75.329, -3.060e-9
-75.029, -3.060e-9
-74.729, -3.059e-9
-74.429, -3.060e-9
-74.129, -3.060e-9
-73.829, -3.060e-9
-73.529, -3.060e-9
-73.229, -3.060e-9
-72.929, -3.059e-9
-72.629, -3.059e-9
-72.329, -3.059e-9
-72.029, -3.059e-9
-71.729, -3.059e-9
-71.429, -3.059e-9
-71.129, -3.059e-9
-70.829, -3.059e-9
-70.529, -3.059e-9
-70.229, -3.059e-9
-69.929, -3.058e-9
-69.629, -3.058e-9
-69.329, -3.058e-9
-69.029, -3.059e-9
-68.729, -3.058e-9
-68.429, -3.059e-9
-68.129, -3.058e-9
-67.829, -3.058e-9
-67.529, -3.058e-9
-67.229, -3.057e-9
-66.929, -3.058e-9
-66.629, -3.058e-9
-66.329, -3.058e-9
-66.029, -3.058e-9
-65.729, -3.057e-9
-65.429, -3.057e-9
-65.129, -3.057e-9
-64.829, -3.057e-9
-64.529, -3.057e-9
-64.229, -3.057e-9
-63.929, -3.057e-9
-63.629, -3.057e-9
-63.329, -3.057e-9
-63.029, -3.057e-9
-62.729, -3.057e-9
-62.429, -3.057e-9
-62.129, -3.057e-9
-61.829, -3.057e-9
-61.529, -3.056e-9
-61.229, -3.056e-9
-60.929, -3.056e-9
-60.629, -3.056e-9
-60.329, -3.056e-9
-60.029, -3.055e-9
-59.729, -3.056e-9
-59.429, -3.056e-9
-59.129, -3.055e-9
-58.829, -3.055e-9
-58.529, -3.055e-9
-58.229, -3.055e-9
-57.929, -3.055e-9
-57.629, -3.054e-9
-57.329, -3.055e-9
-57.029, -3.054e-9
-56.729, -3.054e-9
-56.429, -3.054e-9
-56.129, -3.054e-9
-55.829, -3.054e-9
-55.529, -3.054e-9
-55.229, -3.054e-9
-54.929, -3.053e-9
-54.629, -3.053e-9
-54.329, -3.053e-9
-54.029, -3.054e-9
-53.729, -3.053e-9
-53.429, -3.053e-9
-53.129, -3.053e-9
-52.829, -3.053e-9
-52.529, -3.052e-9
-52.229, -3.052e-9
-51.929, -3.052e-9
-51.629, -3.053e-9
-51.329, -3.052e-9
-51.029, -3.051e-9
-50.729, -3.051e-9
-50.429, -3.051e-9
-50.129, -3.051e-9
-49.829, -3.051e-9
-49.529, -3.051e-9
-49.229, -3.051e-9
-48.929, -3.051e-9
-48.629, -3.050e-9
-48.329, -3.050e-9
-48.029, -3.050e-9
-47.729, -3.049e-9
-47.429, -3.049e-9
-47.129, -3.048e-9
-46.829, -3.048e-9
-46.529, -3.048e-9
-46.229, -3.048e-9
-45.929, -3.048e-9
-45.629, -3.048e-9
-45.329, -3.047e-9
-45.029, -3.046e-9
-44.729, -3.047e-9
-44.429, -3.046e-9
-44.129, -3.046e-9
-43.829, -3.046e-9
-43.529, -3.046e-9
-43.229, -3.046e-9
-42.929, -3.045e-9
-42.629, -3.044e-9
-42.329, -3.044e-9
-42.029, -3.044e-9
-41.729, -3.044e-9
-41.429, -3.044e-9
-41.129, -3.043e-9
-40.829, -3.042e-9
-40.529, -3.042e-9
-40.229, -3.042e-9
-39.929, -3.041e-9
-39.629, -3.040e-9
-39.329, -3.040e-9
-39.029, -3.040e-9
-38.729, -3.040e-9
-38.429, -3.040e-9
-38.129, -3.039e-9
-37.829, -3.037e-9
-37.529, -3.037e-9
-37.229, -3.037e-9
-36.929, -3.037e-9
-36.629, -3.036e-9
-36.329, -3.036e-9
-36.029, -3.035e-9
-35.729, -3.034e-9
-35.429, -3.034e-9
-35.129, -3.033e-9
-34.829, -3.032e-9
-34.529, -3.032e-9
-34.229, -3.031e-9
-33.929, -3.031e-9
-33.629, -3.031e-9
-33.329, -3.029e-9
-33.029, -3.028e-9
-32.729, -3.028e-9
-32.429, -3.027e-9
-32.129, -3.026e-9
-31.829, -3.025e-9
-31.529, -3.024e-9
-31.229, -3.024e-9
-30.929, -3.023e-9
-30.629, -3.022e-9
-30.329, -3.020e-9
-30.029, -3.019e-9
-29.729, -3.019e-9
-29.429, -3.018e-9
-29.129, -3.017e-9
-28.829, -3.016e-9
-28.529, -3.014e-9
-28.229, -3.014e-9
-27.929, -3.013e-9
-27.629, -3.011e-9
-27.329, -3.010e-9
-27.029, -3.009e-9
-26.729, -3.008e-9
-26.429, -3.007e-9
-26.129, -3.005e-9
-25.829, -3.003e-9
-25.529, -3.002e-9
-25.229, -3.000e-9
-24.929, -2.999e-9
-24.629, -2.997e-9
-24.329, -2.995e-9
-24.029, -2.994e-9
-23.729, -2.992e-9
-23.429, -2.990e-9
-23.129, -2.989e-9
-22.829, -2.987e-9
-22.529, -2.984e-9
-22.229, -2.982e-9
-21.929, -2.980e-9
-21.629, -2.979e-9
-21.329, -2.975e-9
-21.029, -2.973e-9
-20.729, -2.970e-9
-20.429, -2.968e-9
-20.129, -2.964e-9
-19.829, -2.962e-9
-19.529, -2.960e-9
-19.229, -2.957e-9
-18.929, -2.954e-9
-18.629, -2.951e-9
-18.329, -2.948e-9
-18.029, -2.944e-9
-17.729, -2.940e-9
-17.429, -2.937e-9
-17.129, -2.934e-9
-16.829, -2.931e-9
-16.529, -2.927e-9
-16.229, -2.923e-9
-15.929, -2.918e-9
-15.629, -2.914e-9
-15.329, -2.909e-9
-15.029, -2.904e-9
-14.729, -2.899e-9
-14.429, -2.894e-9
-14.129, -2.889e-9
-13.829, -2.884e-9
-13.529, -2.878e-9
-13.229, -2.872e-9
-12.929, -2.866e-9
-12.629, -2.859e-9
-12.329, -2.853e-9
-12.029, -2.846e-9
-11.729, -2.839e-9
-11.429, -2.831e-9
-11.129, -2.824e-9
-10.829, -2.816e-9
-10.529, -2.808e-9
-10.229, -2.799e-9
-9.929, -2.789e-9
-9.629, -2.780e-9
-9.329, -2.770e-9
-9.029, -2.759e-9
-8.729, -2.747e-9
-8.429, -2.737e-9
-8.129, -2.725e-9
-7.829, -2.713e-9
-7.529, -2.699e-9
-7.229, -2.685e-9
-6.929, -2.670e-9
-6.629, -2.654e-9
-6.329, -2.637e-9
-6.029, -2.620e-9
-5.729, -2.602e-9
-5.429, -2.584e-9
-5.129, -2.564e-9
-4.829, -2.543e-9
-4.529, -2.520e-9
-4.229, -2.496e-9
-3.929, -2.472e-9
-3.629, -2.446e-9
-3.329, -2.420e-9
-3.029, -2.395e-9
-2.729, -2.367e-9
-2.429, -2.336e-9
-2.129, -2.300e-9
-1.829, -2.260e-9
-1.529, -2.219e-9
-1.236, -2.179e-9
-0.957, -2.139e-9
-0.693, -2.099e-9
-0.446, -2.058e-9
-0.215, -2.010e-9
-0.008, -1.957e-9
0.174, -1.904e-9
0.336, -1.855e-9
0.481, -1.813e-9
0.616, -1.778e-9
0.741, -1.747e-9
0.860, -1.722e-9
0.972, -1.698e-9
1.075, -1.676e-9
1.172, -1.656e-9
1.262, -1.639e-9
1.349, -1.622e-9
1.429, -1.608e-9
1.505, -1.594e-9
1.576, -1.581e-9
1.643, -1.568e-9
1.704, -1.554e-9
1.760, -1.542e-9
1.811, -1.529e-9
1.858, -1.516e-9
1.900, -1.504e-9
1.936, -1.493e-9
1.970, -1.483e-9
2.001, -1.473e-9
2.028, -1.465e-9
2.053, -1.457e-9
2.075, -1.450e-9
2.096, -1.444e-9
2.115, -1.439e-9
2.132, -1.435e-9
2.149, -1.433e-9
2.166, -1.429e-9
2.181, -1.426e-9
2.195, -1.423e-9
2.208, -1.419e-9
2.218, -1.417e-9
2.230, -1.415e-9
2.241, -1.413e-9
2.250, -1.412e-9
2.260, -1.411e-9
2.270, -1.410e-9
2.279, -1.409e-9
2.288, -1.410e-9
2.298, -1.408e-9
2.307, -1.408e-9
2.316, -1.406e-9
2.323, -1.405e-9
2.331, -1.403e-9
2.336, -1.404e-9
2.345, -1.402e-9
2.350, -1.403e-9
2.359, -1.402e-9
2.364, -1.403e-9
2.372, -1.402e-9
2.378, -1.401e-9
2.385, -1.399e-9
2.390, -1.399e-9
2.396, -1.400e-9
2.403, -1.399e-9
2.408, -1.398e-9
2.413, -1.398e-9
2.418, -1.398e-9
2.424, -1.397e-9
2.429, -1.396e-9
2.434, -1.397e-9
2.440, -1.397e-9
2.445, -1.395e-9
2.450, -1.393e-9
2.455, -1.393e-9
2.460, -1.393e-9
2.465, -1.391e-9
2.470, -1.390e-9
2.475, -1.390e-9
2.480, -1.389e-9
2.485, -1.388e-9
2.490, -1.387e-9
2.495, -1.387e-9
2.500, -1.387e-9
2.505, -1.386e-9
2.510, -1.387e-9
2.515, -1.385e-9
2.520, -1.386e-9
2.525, -1.385e-9
2.530, -1.384e-9
2.535, -1.382e-9
