Distance/um, Current/A

-149.730, -3.092e-9
-149.430, -3.093e-9
-149.130, -3.092e-9
-148.830, -3.092e-9
-148.530, -3.092e-9
-148.230, -3.092e-9
-147.930, -3.092e-9
-147.630, -3.091e-9
-147.330, -3.092e-9
-147.030, -3.091e-9
-146.730, -3.091e-9
-146.430, -3.091e-9
-146.130, -3.091e-9
-145.830, -3.091e-9
-145.530, -3.091e-9
-145.230, -3.091e-9
-144.930, -3.091e-9
-144.630, -3.091e-9
-144.330, -3.090e-9
-144.030, -3.090e-9
-143.730, -3.090e-9
-143.430, -3.089e-9
-143.130, -3.090e-9
-142.830, -3.090e-9
-142.530, -3.090e-9
-142.230, -3.090e-9
-141.930, -3.090e-9
-141.630, -3.089e-9
-141.330, -3.089e-9
-141.030, -3.089e-9
-140.730, -3.088e-9
-140.430, -3.089e-9
-140.130, -3.089e-9
-139.830, -3.089e-9
-139.530, -3.089e-9
-139.230, -3.089e-9
-138.930, -3.089e-9
-138.630, -3.088e-9
-138.330, -3.088e-9
-138.030, -3.089e-9
-137.730, -3.088e-9
-137.430, -3.088e-9
-137.130, -3.088e-9
-136.830, -3.088e-9
-136.530, -3.088e-9
-136.230, -3.088e-9
-135.930, -3.087e-9
-135.630, -3.088e-9
-135.330, -3.088e-9
-135.030, -3.087e-9
-134.730, -3.088e-9
-134.430, -3.087e-9
-134.130, -3.086e-9
-133.830, -3.087e-9
-133.530, -3.087e-9
-133.230, -3.086e-9
-132.930, -3.086e-9
-132.630, -3.087e-9
-132.330, -3.087e-9
-132.030, -3.086e-9
-131.730, -3.086e-9
-131.430, -3.086e-9
-131.130, -3.086e-9
-130.830, -3.086e-9
-130.530, -3.086e-9
-130.230, -3.086e-9
-129.930, -3.087e-9
-129.630, -3.086e-9
-129.330, -3.086e-9
-129.030, -3.086e-9
-128.730, -3.086e-9
-128.430, -3.085e-9
-128.130, -3.085e-9
-127.830, -3.086e-9
-127.530, -3.085e-9
-127.230, -3.086e-9
-126.930, -3.085e-9
-126.630, -3.085e-9
-126.330, -3.085e-9
-126.030, -3.085e-9
-125.730, -3.085e-9
-125.430, -3.085e-9
-125.130, -3.085e-9
-124.830, -3.085e-9
-124.530, -3.085e-9
-124.230, -3.085e-9
-123.930, -3.085e-9
-123.630, -3.084e-9
-123.330, -3.084e-9
-123.030, -3.085e-9
-122.730, -3.084e-9
-122.430, -3.083e-9
-122.130, -3.084e-9
-121.830, -3.084e-9
-121.530, -3.084e-9
-121.230, -3.084e-9
-120.930, -3.084e-9
-120.630, -3.083e-9
-120.330, -3.083e-9
-120.030, -3.083e-9
-119.730, -3.083e-9
-119.430, -3.084e-9
-119.130, -3.083e-9
-118.830, -3.083e-9
-118.530, -3.083e-9
-118.230, -3.083e-9
-117.930, -3.084e-9
-117.630, -3.083e-9
-117.330, -3.083e-9
-117.030, -3.083e-9
-116.730, -3.083e-9
-116.430, -3.082e-9
-116.130, -3.083e-9
-115.830, -3.083e-9
-115.530, -3.083e-9
-115.230, -3.082e-9
-114.930, -3.082e-9
-114.630, -3.082e-9
-114.330, -3.082e-9
-114.030, -3.082e-9
-113.730, -3.082e-9
-113.430, -3.082e-9
-113.130, -3.082e-9
-112.830, -3.082e-9
-112.530, -3.082e-9
-112.230, -3.082e-9
-111.930, -3.082e-9
-111.630, -3.081e-9
-111.330, -3.081e-9
-111.030, -3.081e-9
-110.730, -3.081e-9
-110.430, -3.081e-9
-110.130, -3.081e-9
-109.830, -3.081e-9
-109.530, -3.081e-9
-109.230, -3.081e-9
-108.930, -3.081e-9
-108.630, -3.081e-9
-108.330, -3.081e-9
-108.030, -3.081e-9
-107.730, -3.081e-9
-107.430, -3.081e-9
-107.130, -3.081e-9
-106.830, -3.081e-9
-106.530, -3.080e-9
-106.230, -3.080e-9
-105.930, -3.080e-9
-105.630, -3.080e-9
-105.330, -3.080e-9
-105.030, -3.081e-9
-104.730, -3.080e-9
-104.430, -3.081e-9
-104.130, -3.080e-9
-103.830, -3.080e-9
-103.530, -3.080e-9
-103.230, -3.079e-9
-102.930, -3.080e-9
-102.630, -3.080e-9
-102.330, -3.080e-9
-102.030, -3.080e-9
-101.730, -3.079e-9
-101.430, -3.079e-9
-101.130, -3.079e-9
-100.829, -3.079e-9
-100.529, -3.079e-9
-100.229, -3.079e-9
-99.929, -3.079e-9
-99.629, -3.079e-9
-99.329, -3.079e-9
-99.029, -3.080e-9
-98.729, -3.079e-9
-98.429, -3.079e-9
-98.129, -3.079e-9
-97.829, -3.079e-9
-97.529, -3.079e-9
-97.229, -3.079e-9
-96.929, -3.079e-9
-96.629, -3.079e-9
-96.329, -3.078e-9
-96.029, -3.078e-9
-95.729, -3.078e-9
-95.429, -3.078e-9
-95.129, -3.078e-9
-94.829, -3.078e-9
-94.529, -3.079e-9
-94.229, -3.078e-9
-93.929, -3.078e-9
-93.629, -3.078e-9
-93.329, -3.078e-9
-93.029, -3.078e-9
-92.729, -3.078e-9
-92.429, -3.078e-9
-92.129, -3.078e-9
-91.829, -3.077e-9
-91.529, -3.077e-9
-91.229, -3.077e-9
-90.929, -3.078e-9
-90.629, -3.078e-9
-90.329, -3.077e-9
-90.029, -3.077e-9
-89.729, -3.077e-9
-89.429, -3.077e-9
-89.129, -3.077e-9
-88.829, -3.077e-9
-88.529, -3.077e-9
-88.229, -3.077e-9
-87.929, -3.078e-9
-87.629, -3.077e-9
-87.329, -3.077e-9
-87.029, -3.077e-9
-86.729, -3.077e-9
-86.429, -3.077e-9
-86.129, -3.077e-9
-85.829, -3.077e-9
-85.529, -3.076e-9
-85.229, -3.077e-9
-84.929, -3.076e-9
-84.629, -3.077e-9
-84.329, -3.076e-9
-84.029, -3.076e-9
-83.729, -3.076e-9
-83.429, -3.076e-9
-83.129, -3.076e-9
-82.829, -3.076e-9
-82.529, -3.076e-9
-82.229, -3.076e-9
-81.929, -3.076e-9
-81.629, -3.076e-9
-81.329, -3.075e-9
-81.029, -3.076e-9
-80.729, -3.076e-9
-80.429, -3.076e-9
-80.129, -3.076e-9
-79.829, -3.075e-9
-79.529, -3.075e-9
-79.229, -3.076e-9
-78.929, -3.075e-9
-78.629, -3.075e-9
-78.329, -3.075e-9
-78.029, -3.075e-9
-77.729, -3.076e-9
-77.429, -3.075e-9
-77.129, -3.075e-9
-76.829, -3.075e-9
-76.529, -3.076e-9
-76.229, -3.075e-9
-75.929, -3.074e-9
-75.629, -3.075e-9
-75.329, -3.075e-9
-75.029, -3.075e-9
-74.729, -3.075e-9
-74.429, -3.074e-9
-74.129, -3.074e-9
-73.829, -3.074e-9
-73.529, -3.074e-9
-73.229, -3.074e-9
-72.929, -3.074e-9
-72.629, -3.074e-9
-72.329, -3.074e-9
-72.029, -3.074e-9
-71.729, -3.073e-9
-71.429, -3.073e-9
-71.129, -3.073e-9
-70.829, -3.073e-9
-70.529, -3.073e-9
-70.229, -3.073e-9
-69.929, -3.073e-9
-69.629, -3.073e-9
-69.329, -3.074e-9
-69.029, -3.074e-9
-68.729, -3.073e-9
-68.429, -3.073e-9
-68.129, -3.073e-9
-67.829, -3.073e-9
-67.529, -3.073e-9
-67.229, -3.073e-9
-66.929, -3.072e-9
-66.629, -3.072e-9
-66.329, -3.072e-9
-66.029, -3.072e-9
-65.729, -3.072e-9
-65.429, -3.072e-9
-65.129, -3.072e-9
-64.829, -3.072e-9
-64.529, -3.072e-9
-64.229, -3.072e-9
-63.929, -3.072e-9
-63.629, -3.071e-9
-63.329, -3.072e-9
-63.029, -3.071e-9
-62.729, -3.071e-9
-62.429, -3.071e-9
-62.129, -3.071e-9
-61.829, -3.071e-9
-61.529, -3.070e-9
-61.229, -3.070e-9
-60.929, -3.071e-9
-60.629, -3.070e-9
-60.329, -3.070e-9
-60.029, -3.070e-9
-59.729, -3.071e-9
-59.429, -3.070e-9
-59.129, -3.070e-9
-58.829, -3.070e-9
-58.529, -3.070e-9
-58.229, -3.070e-9
-57.929, -3.069e-9
-57.629, -3.070e-9
-57.329, -3.069e-9
-57.029, -3.069e-9
-56.729, -3.069e-9
-56.429, -3.069e-9
-56.129, -3.068e-9
-55.829, -3.068e-9
-55.529, -3.068e-9
-55.229, -3.069e-9
-54.929, -3.068e-9
-54.629, -3.068e-9
-54.329, -3.068e-9
-54.029, -3.067e-9
-53.729, -3.067e-9
-53.429, -3.067e-9
-53.129, -3.067e-9
-52.829, -3.067e-9
-52.529, -3.067e-9
-52.229, -3.067e-9
-51.929, -3.067e-9
-51.629, -3.067e-9
-51.329, -3.066e-9
-51.029, -3.066e-9
-50.729, -3.066e-9
-50.429, -3.065e-9
-50.129, -3.065e-9
-49.829, -3.065e-9
-49.529, -3.065e-9
-49.229, -3.065e-9
-48.929, -3.065e-9
-48.629, -3.065e-9
-48.329, -3.064e-9
-48.029, -3.064e-9
-47.729, -3.064e-9
-47.429, -3.064e-9
-47.129, -3.064e-9
-46.829, -3.064e-9
-46.529, -3.063e-9
-46.229, -3.063e-9
-45.929, -3.063e-9
-45.629, -3.063e-9
-45.329, -3.062e-9
-45.029, -3.062e-9
-44.729, -3.062e-9
-44.429, -3.061e-9
-44.129, -3.061e-9
-43.829, -3.061e-9
-43.529, -3.060e-9
-43.229, -3.060e-9
-42.929, -3.060e-9
-42.629, -3.060e-9
-42.329, -3.059e-9
-42.029, -3.060e-9
-41.729, -3.059e-9
-41.429, -3.058e-9
-41.129, -3.058e-9
-40.829, -3.057e-9
-40.529, -3.057e-9
-40.229, -3.057e-9
-39.929, -3.057e-9
-39.629, -3.056e-9
-39.329, -3.056e-9
-39.029, -3.055e-9
-38.729, -3.055e-9
-38.429, -3.055e-9
-38.129, -3.054e-9
-37.829, -3.054e-9
-37.529, -3.053e-9
-37.229, -3.053e-9
-36.929, -3.052e-9
-36.629, -3.052e-9
-36.329, -3.051e-9
-36.029, -3.050e-9
-35.729, -3.050e-9
-35.429, -3.050e-9
-35.129, -3.049e-9
-34.829, -3.048e-9
-34.529, -3.048e-9
-34.229, -3.047e-9
-33.929, -3.046e-9
-33.629, -3.046e-9
-33.329, -3.045e-9
-33.029, -3.045e-9
-32.729, -3.044e-9
-32.429, -3.044e-9
-32.129, -3.043e-9
-31.829, -3.042e-9
-31.529, -3.041e-9
-31.229, -3.040e-9
-30.929, -3.039e-9
-30.629, -3.039e-9
-30.329, -3.038e-9
-30.029, -3.038e-9
-29.729, -3.037e-9
-29.429, -3.035e-9
-29.129, -3.034e-9
-28.829, -3.033e-9
-28.529, -3.032e-9
-28.229, -3.031e-9
-27.929, -3.030e-9
-27.629, -3.029e-9
-27.329, -3.028e-9
-27.029, -3.027e-9
-26.729, -3.026e-9
-26.429, -3.024e-9
-26.129, -3.023e-9
-25.829, -3.021e-9
-25.529, -3.021e-9
-25.229, -3.019e-9
-24.929, -3.018e-9
-24.629, -3.016e-9
-24.329, -3.015e-9
-24.029, -3.013e-9
-23.729, -3.011e-9
-23.429, -3.010e-9
-23.129, -3.008e-9
-22.829, -3.006e-9
-22.529, -3.005e-9
-22.229, -3.003e-9
-21.929, -3.001e-9
-21.629, -2.999e-9
-21.329, -2.997e-9
-21.029, -2.995e-9
-20.729, -2.993e-9
-20.429, -2.991e-9
-20.129, -2.988e-9
-19.829, -2.986e-9
-19.529, -2.984e-9
-19.229, -2.981e-9
-18.929, -2.978e-9
-18.629, -2.975e-9
-18.329, -2.973e-9
-18.029, -2.970e-9
-17.729, -2.966e-9
-17.429, -2.964e-9
-17.129, -2.960e-9
-16.829, -2.957e-9
-16.529, -2.954e-9
-16.229, -2.950e-9
-15.929, -2.947e-9
-15.629, -2.943e-9
-15.329, -2.939e-9
-15.029, -2.935e-9
-14.729, -2.931e-9
-14.429, -2.927e-9
-14.129, -2.923e-9
-13.829, -2.917e-9
-13.529, -2.913e-9
-13.229, -2.908e-9
-12.929, -2.904e-9
-12.629, -2.898e-9
-12.329, -2.893e-9
-12.029, -2.887e-9
-11.729, -2.882e-9
-11.429, -2.876e-9
-11.129, -2.869e-9
-10.829, -2.862e-9
-10.529, -2.856e-9
-10.229, -2.849e-9
-9.929, -2.841e-9
-9.629, -2.833e-9
-9.329, -2.826e-9
-9.029, -2.817e-9
-8.729, -2.808e-9
-8.429, -2.799e-9
-8.129, -2.790e-9
-7.829, -2.780e-9
-7.529, -2.770e-9
-7.229, -2.759e-9
-6.929, -2.747e-9
-6.629, -2.735e-9
-6.329, -2.722e-9
-6.029, -2.709e-9
-5.729, -2.695e-9
-5.429, -2.680e-9
-5.129, -2.663e-9
-4.829, -2.647e-9
-4.529, -2.631e-9
-4.229, -2.613e-9
-3.929, -2.595e-9
-3.629, -2.576e-9
-3.329, -2.555e-9
-3.029, -2.532e-9
-2.729, -2.507e-9
-2.429, -2.481e-9
-2.129, -2.454e-9
-1.829, -2.428e-9
-1.529, -2.400e-9
-1.229, -2.369e-9
-0.929, -2.335e-9
-0.629, -2.295e-9
-0.329, -2.254e-9
-0.029, -2.210e-9
0.255, -2.168e-9
0.523, -2.126e-9
0.776, -2.088e-9
1.016, -2.048e-9
1.240, -2.005e-9
1.444, -1.956e-9
1.626, -1.907e-9
1.787, -1.858e-9
1.930, -1.814e-9
2.061, -1.777e-9
2.182, -1.747e-9
2.296, -1.720e-9
2.403, -1.697e-9
2.503, -1.677e-9
2.599, -1.658e-9
2.688, -1.641e-9
2.772, -1.626e-9
2.851, -1.614e-9
2.927, -1.600e-9
2.998, -1.587e-9
3.063, -1.575e-9
3.126, -1.563e-9
3.183, -1.551e-9
3.235, -1.539e-9
3.283, -1.527e-9
3.326, -1.515e-9
3.365, -1.504e-9
3.400, -1.492e-9
3.429, -1.482e-9
3.457, -1.473e-9
3.482, -1.465e-9
3.504, -1.459e-9
3.525, -1.452e-9
3.543, -1.448e-9
3.562, -1.443e-9
3.578, -1.439e-9
3.593, -1.435e-9
3.608, -1.432e-9
3.621, -1.430e-9
3.634, -1.428e-9
3.646, -1.425e-9
3.657, -1.424e-9
3.669, -1.422e-9
3.679, -1.421e-9
3.690, -1.419e-9
3.698, -1.418e-9
3.708, -1.416e-9
3.716, -1.416e-9
3.726, -1.414e-9
3.733, -1.413e-9
3.741, -1.413e-9
3.749, -1.411e-9
3.755, -1.411e-9
3.763, -1.411e-9
3.771, -1.410e-9
3.777, -1.410e-9
3.784, -1.410e-9
3.790, -1.408e-9
3.795, -1.408e-9
3.802, -1.407e-9
3.808, -1.407e-9
3.814, -1.406e-9
3.819, -1.406e-9
3.825, -1.404e-9
3.830, -1.405e-9
3.835, -1.405e-9
3.840, -1.404e-9
3.845, -1.404e-9
3.850, -1.404e-9
3.855, -1.403e-9
3.860, -1.402e-9
3.865, -1.401e-9
3.870, -1.401e-9
3.875, -1.401e-9
3.880, -1.400e-9
3.885, -1.401e-9
3.890, -1.398e-9
3.895, -1.397e-9
3.900, -1.398e-9
3.905, -1.396e-9
3.910, -1.396e-9
3.915, -1.395e-9
3.920, -1.394e-9
3.925, -1.394e-9
3.930, -1.393e-9
3.935, -1.392e-9
3.940, -1.393e-9
3.945, -1.389e-9
