Distance/um, Current/A

-149.730, -3.056e-9
-149.430, -3.057e-9
-149.130, -3.057e-9
-148.830, -3.056e-9
-148.530, -3.056e-9
-148.230, -3.056e-9
-147.930, -3.056e-9
-147.630, -3.055e-9
-147.330, -3.056e-9
-147.030, -3.056e-9
-146.730, -3.056e-9
-146.430, -3.055e-9
-146.130, -3.055e-9
-145.830, -3.055e-9
-145.530, -3.055e-9
-145.230, -3.055e-9
-144.930, -3.055e-9
-144.630, -3.055e-9
-144.330, -3.055e-9
-144.030, -3.055e-9
-143.730, -3.054e-9
-143.430, -3.054e-9
-143.130, -3.054e-9
-142.830, -3.054e-9
-142.530, -3.054e-9
-142.230, -3.054e-9
-141.930, -3.054e-9
-141.630, -3.054e-9
-141.330, -3.054e-9
-141.030, -3.054e-9
-140.730, -3.053e-9
-140.430, -3.054e-9
-140.130, -3.053e-9
-139.830, -3.053e-9
-139.530, -3.053e-9
-139.230, -3.053e-9
-138.930, -3.053e-9
-138.630, -3.053e-9
-138.330, -3.053e-9
-138.030, -3.053e-9
-137.730, -3.052e-9
-137.430, -3.052e-9
-137.130, -3.053e-9
-136.830, -3.052e-9
-136.530, -3.052e-9
-136.230, -3.052e-9
-135.930, -3.052e-9
-135.630, -3.052e-9
-135.330, -3.052e-9
-135.030, -3.052e-9
-134.730, -3.052e-9
-134.430, -3.052e-9
-134.130, -3.051e-9
-133.830, -3.052e-9
-133.530, -3.052e-9
-133.230, -3.051e-9
-132.930, -3.051e-9
-132.630, -3.051e-9
-132.330, -3.051e-9
-132.030, -3.051e-9
-131.730, -3.051e-9
-131.430, -3.051e-9
-131.130, -3.051e-9
-130.830, -3.051e-9
-130.530, -3.051e-9
-130.230, -3.050e-9
-129.930, -3.050e-9
-129.630, -3.050e-9
-129.330, -3.051e-9
-129.030, -3.050e-9
-128.730, -3.050e-9
-128.430, -3.051e-9
-128.130, -3.050e-9
-127.830, -3.050e-9
-127.530, -3.050e-9
-127.230, -3.049e-9
-126.930, -3.050e-9
-126.630, -3.050e-9
-126.330, -3.050e-9
-126.030, -3.050e-9
-125.730, -3.050e-9
-125.430, -3.050e-9
-125.130, -3.049e-9
-124.830, -3.049e-9
-124.530, -3.050e-9
-124.230, -3.049e-9
-123.930, -3.049e-9
-123.630, -3.049e-9
-123.330, -3.049e-9
-123.030, -3.049e-9
-122.730, -3.049e-9
-122.430, -3.049e-9
-122.130, -3.049e-9
-121.830, -3.049e-9
-121.530, -3.048e-9
-121.230, -3.049e-9
-120.930, -3.048e-9
-120.630, -3.049e-9
-120.330, -3.048e-9
-120.030, -3.048e-9
-119.730, -3.048e-9
-119.430, -3.048e-9
-119.130, -3.048e-9
-118.830, -3.048e-9
-118.530, -3.048e-9
-118.230, -3.048e-9
-117.930, -3.048e-9
-117.630, -3.047e-9
-117.330, -3.047e-9
-117.030, -3.048e-9
-116.730, -3.047e-9
-116.430, -3.047e-9
-116.130, -3.048e-9
-115.830, -3.047e-9
-115.530, -3.047e-9
-115.230, -3.047e-9
-114.930, -3.047e-9
-114.630, -3.047e-9
-114.330, -3.047e-9
-114.030, -3.047e-9
-113.730, -3.047e-9
-113.430, -3.047e-9
-113.130, -3.047e-9
-112.830, -3.047e-9
-112.530, -3.046e-9
-112.230, -3.047e-9
-111.930, -3.047e-9
-111.630, -3.047e-9
-111.330, -3.047e-9
-111.030, -3.047e-9
-110.730, -3.047e-9
-110.430, -3.047e-9
-110.130, -3.046e-9
-109.830, -3.046e-9
-109.530, -3.046e-9
-109.230, -3.046e-9
-108.930, -3.046e-9
-108.630, -3.046e-9
-108.330, -3.046e-9
-108.030, -3.046e-9
-107.730, -3.045e-9
-107.430, -3.046e-9
-107.130, -3.046e-9
-106.830, -3.046e-9
-106.530, -3.045e-9
-106.230, -3.046e-9
-105.930, -3.045e-9
-105.630, -3.045e-9
-105.330, -3.045e-9
-105.030, -3.045e-9
-104.730, -3.045e-9
-104.430, -3.045e-9
-104.130, -3.045e-9
-103.830, -3.045e-9
-103.530, -3.045e-9
-103.230, -3.045e-9
-102.930, -3.045e-9
-102.630, -3.045e-9
-102.330, -3.044e-9
-102.030, -3.045e-9
-101.730, -3.045e-9
-101.430, -3.044e-9
-101.130, -3.044e-9
-100.829, -3.044e-9
-100.529, -3.044e-9
-100.229, -3.044e-9
-99.929, -3.044e-9
-99.629, -3.044e-9
-99.329, -3.044e-9
-99.029, -3.044e-9
-98.729, -3.044e-9
-98.429, -3.044e-9
-98.129, -3.044e-9
-97.829, -3.044e-9
-97.529, -3.044e-9
-97.229, -3.044e-9
-96.929, -3.044e-9
-96.629, -3.044e-9
-96.329, -3.043e-9
-96.029, -3.044e-9
-95.729, -3.044e-9
-95.429, -3.044e-9
-95.129, -3.044e-9
-94.829, -3.044e-9
-94.529, -3.043e-9
-94.229, -3.043e-9
-93.929, -3.043e-9
-93.629, -3.043e-9
-93.329, -3.043e-9
-93.029, -3.043e-9
-92.729, -3.043e-9
-92.429, -3.043e-9
-92.129, -3.043e-9
-91.829, -3.042e-9
-91.529, -3.043e-9
-91.229, -3.043e-9
-90.929, -3.043e-9
-90.629, -3.042e-9
-90.329, -3.042e-9
-90.029, -3.042e-9
-89.729, -3.042e-9
-89.429, -3.042e-9
-89.129, -3.042e-9
-88.829, -3.042e-9
-88.529, -3.042e-9
-88.229, -3.042e-9
-87.929, -3.042e-9
-87.629, -3.042e-9
-87.329, -3.042e-9
-87.029, -3.042e-9
-86.729, -3.042e-9
-86.429, -3.042e-9
-86.129, -3.041e-9
-85.829, -3.041e-9
-85.529, -3.041e-9
-85.229, -3.041e-9
-84.929, -3.041e-9
-84.629, -3.041e-9
-84.329, -3.041e-9
-84.029, -3.042e-9
-83.729, -3.041e-9
-83.429, -3.041e-9
-83.129, -3.041e-9
-82.829, -3.041e-9
-82.529, -3.041e-9
-82.229, -3.041e-9
-81.929, -3.041e-9
-81.629, -3.041e-9
-81.329, -3.041e-9
-81.029, -3.041e-9
-80.729, -3.041e-9
-80.429, -3.040e-9
-80.129, -3.040e-9
-79.829, -3.040e-9
-79.529, -3.040e-9
-79.229, -3.040e-9
-78.929, -3.040e-9
-78.629, -3.040e-9
-78.329, -3.040e-9
-78.029, -3.040e-9
-77.729, -3.039e-9
-77.429, -3.039e-9
-77.129, -3.040e-9
-76.829, -3.039e-9
-76.529, -3.040e-9
-76.229, -3.040e-9
-75.929, -3.039e-9
-75.629, -3.039e-9
-75.329, -3.039e-9
-75.029, -3.039e-9
-74.729, -3.039e-9
-74.429, -3.039e-9
-74.129, -3.039e-9
-73.829, -3.039e-9
-73.529, -3.039e-9
-73.229, -3.039e-9
-72.929, -3.038e-9
-72.629, -3.038e-9
-72.329, -3.038e-9
-72.029, -3.038e-9
-71.729, -3.038e-9
-71.429, -3.038e-9
-71.129, -3.038e-9
-70.829, -3.038e-9
-70.529, -3.038e-9
-70.229, -3.038e-9
-69.929, -3.037e-9
-69.629, -3.037e-9
-69.329, -3.037e-9
-69.029, -3.037e-9
-68.729, -3.037e-9
-68.429, -3.037e-9
-68.129, -3.036e-9
-67.829, -3.037e-9
-67.529, -3.036e-9
-67.229, -3.036e-9
-66.929, -3.036e-9
-66.629, -3.036e-9
-66.329, -3.036e-9
-66.029, -3.036e-9
-65.729, -3.036e-9
-65.429, -3.036e-9
-65.129, -3.036e-9
-64.829, -3.036e-9
-64.529, -3.036e-9
-64.229, -3.035e-9
-63.929, -3.035e-9
-63.629, -3.035e-9
-63.329, -3.035e-9
-63.029, -3.035e-9
-62.729, -3.035e-9
-62.429, -3.034e-9
-62.129, -3.034e-9
-61.829, -3.034e-9
-61.529, -3.034e-9
-61.229, -3.034e-9
-60.929, -3.034e-9
-60.629, -3.033e-9
-60.329, -3.033e-9
-60.029, -3.032e-9
-59.729, -3.033e-9
-59.429, -3.033e-9
-59.129, -3.032e-9
-58.829, -3.032e-9
-58.529, -3.032e-9
-58.229, -3.032e-9
-57.929, -3.032e-9
-57.629, -3.031e-9
-57.329, -3.031e-9
-57.029, -3.031e-9
-56.729, -3.031e-9
-56.429, -3.031e-9
-56.129, -3.031e-9
-55.829, -3.030e-9
-55.529, -3.030e-9
-55.229, -3.030e-9
-54.929, -3.030e-9
-54.629, -3.029e-9
-54.329, -3.029e-9
-54.029, -3.029e-9
-53.729, -3.029e-9
-53.429, -3.028e-9
-53.129, -3.028e-9
-52.829, -3.027e-9
-52.529, -3.027e-9
-52.229, -3.028e-9
-51.929, -3.027e-9
-51.629, -3.027e-9
-51.329, -3.026e-9
-51.029, -3.026e-9
-50.729, -3.026e-9
-50.429, -3.025e-9
-50.129, -3.024e-9
-49.829, -3.024e-9
-49.529, -3.024e-9
-49.229, -3.023e-9
-48.929, -3.024e-9
-48.629, -3.023e-9
-48.329, -3.022e-9
-48.029, -3.022e-9
-47.729, -3.022e-9
-47.429, -3.021e-9
-47.129, -3.020e-9
-46.829, -3.020e-9
-46.529, -3.020e-9
-46.229, -3.020e-9
-45.929, -3.019e-9
-45.629, -3.018e-9
-45.329, -3.018e-9
-45.029, -3.017e-9
-44.729, -3.016e-9
-44.429, -3.016e-9
-44.129, -3.016e-9
-43.829, -3.015e-9
-43.529, -3.014e-9
-43.229, -3.014e-9
-42.929, -3.013e-9
-42.629, -3.012e-9
-42.329, -3.011e-9
-42.029, -3.011e-9
-41.729, -3.010e-9
-41.429, -3.010e-9
-41.129, -3.009e-9
-40.829, -3.008e-9
-40.529, -3.007e-9
-40.229, -3.006e-9
-39.929, -3.005e-9
-39.629, -3.005e-9
-39.329, -3.004e-9
-39.029, -3.003e-9
-38.729, -3.002e-9
-38.429, -3.001e-9
-38.129, -3.000e-9
-37.829, -2.999e-9
-37.529, -2.998e-9
-37.229, -2.997e-9
-36.929, -2.996e-9
-36.629, -2.995e-9
-36.329, -2.994e-9
-36.029, -2.993e-9
-35.729, -2.992e-9
-35.429, -2.990e-9
-35.129, -2.988e-9
-34.829, -2.987e-9
-34.529, -2.986e-9
-34.229, -2.984e-9
-33.929, -2.983e-9
-33.629, -2.982e-9
-33.329, -2.980e-9
-33.029, -2.979e-9
-32.729, -2.976e-9
-32.429, -2.975e-9
-32.129, -2.973e-9
-31.829, -2.971e-9
-31.529, -2.970e-9
-31.229, -2.967e-9
-30.929, -2.965e-9
-30.629, -2.964e-9
-30.329, -2.962e-9
-30.029, -2.959e-9
-29.729, -2.957e-9
-29.429, -2.955e-9
-29.129, -2.952e-9
-28.829, -2.950e-9
-28.529, -2.948e-9
-28.229, -2.945e-9
-27.929, -2.942e-9
-27.629, -2.939e-9
-27.329, -2.937e-9
-27.029, -2.934e-9
-26.729, -2.930e-9
-26.429, -2.928e-9
-26.129, -2.924e-9
-25.829, -2.921e-9
-25.529, -2.917e-9
-25.229, -2.913e-9
-24.929, -2.910e-9
-24.629, -2.906e-9
-24.329, -2.902e-9
-24.029, -2.897e-9
-23.729, -2.894e-9
-23.429, -2.889e-9
-23.129, -2.885e-9
-22.829, -2.880e-9
-22.529, -2.874e-9
-22.229, -2.869e-9
-21.929, -2.864e-9
-21.629, -2.859e-9
-21.329, -2.852e-9
-21.029, -2.846e-9
-20.729, -2.841e-9
-20.429, -2.834e-9
-20.129, -2.827e-9
-19.829, -2.819e-9
-19.529, -2.812e-9
-19.229, -2.804e-9
-18.929, -2.796e-9
-18.629, -2.788e-9
-18.329, -2.779e-9
-18.029, -2.770e-9
-17.729, -2.759e-9
-17.429, -2.749e-9
-17.129, -2.738e-9
-16.829, -2.726e-9
-16.529, -2.714e-9
-16.229, -2.702e-9
-15.929, -2.690e-9
-15.629, -2.676e-9
-15.329, -2.662e-9
-15.029, -2.648e-9
-14.729, -2.633e-9
-14.429, -2.618e-9
-14.129, -2.600e-9
-13.829, -2.582e-9
-13.529, -2.564e-9
-13.229, -2.546e-9
-12.929, -2.527e-9
-12.629, -2.507e-9
-12.329, -2.486e-9
-12.029, -2.462e-9
-11.729, -2.437e-9
-11.429, -2.411e-9
-11.129, -2.385e-9
-10.829, -2.358e-9
-10.529, -2.330e-9
-10.229, -2.300e-9
-9.929, -2.266e-9
-9.629, -2.226e-9
-9.329, -2.183e-9
-9.046, -2.138e-9
-8.783, -2.093e-9
-8.536, -2.048e-9
-8.307, -2.007e-9
-8.092, -1.965e-9
-7.893, -1.920e-9
-7.714, -1.874e-9
-7.554, -1.826e-9
-7.415, -1.779e-9
-7.294, -1.736e-9
-7.186, -1.698e-9
-7.088, -1.666e-9
-7.000, -1.639e-9
-6.917, -1.616e-9
-6.841, -1.596e-9
-6.770, -1.579e-9
-6.703, -1.564e-9
-6.641, -1.549e-9
-6.584, -1.537e-9
-6.530, -1.527e-9
-6.479, -1.517e-9
-6.430, -1.508e-9
-6.385, -1.500e-9
-6.342, -1.493e-9
-6.302, -1.486e-9
-6.264, -1.480e-9
-6.228, -1.474e-9
-6.194, -1.469e-9
-6.161, -1.465e-9
-6.129, -1.460e-9
-6.100, -1.455e-9
-6.072, -1.451e-9
-6.046, -1.447e-9
-6.020, -1.444e-9
-5.996, -1.440e-9
-5.973, -1.437e-9
-5.951, -1.433e-9
-5.932, -1.431e-9
-5.912, -1.428e-9
-5.894, -1.425e-9
-5.876, -1.422e-9
-5.860, -1.420e-9
-5.845, -1.417e-9
-5.830, -1.416e-9
-5.816, -1.413e-9
-5.803, -1.411e-9
-5.791, -1.409e-9
-5.779, -1.407e-9
-5.768, -1.405e-9
-5.758, -1.404e-9
-5.748, -1.402e-9
-5.738, -1.401e-9
-5.729, -1.400e-9
-5.720, -1.399e-9
-5.712, -1.397e-9
-5.704, -1.396e-9
-5.697, -1.395e-9
-5.690, -1.394e-9
-5.684, -1.393e-9
-5.677, -1.392e-9
-5.671, -1.391e-9
-5.666, -1.391e-9
-5.660, -1.390e-9
-5.655, -1.389e-9
-5.650, -1.389e-9
-5.645, -1.388e-9
-5.640, -1.388e-9
-5.635, -1.388e-9
-5.630, -1.387e-9
-5.625, -1.386e-9
-5.620, -1.386e-9
-5.615, -1.385e-9
-5.610, -1.385e-9
-5.605, -1.384e-9
-5.600, -1.383e-9
-5.595, -1.382e-9
-5.590, -1.381e-9
-5.585, -1.381e-9
-5.580, -1.380e-9
-5.575, -1.379e-9
-5.570, -1.379e-9
-5.565, -1.377e-9
-5.560, -1.377e-9
-5.555, -1.376e-9
-5.550, -1.375e-9
