Distance/um, Current/A

0.250, 2.213e-9
0.500, 2.213e-9
0.750, 2.211e-9
1.000, 2.210e-9
1.250, 2.208e-9
1.500, 2.207e-9
1.750, 2.206e-9
2.000, 2.205e-9
2.250, 2.204e-9
2.500, 2.203e-9
2.750, 2.202e-9
3.000, 2.201e-9
3.250, 2.199e-9
3.500, 2.198e-9
3.750, 2.196e-9
4.000, 2.196e-9
4.250, 2.195e-9
4.500, 2.194e-9
4.750, 2.193e-9
5.000, 2.192e-9
5.250, 2.192e-9
5.500, 2.192e-9
5.750, 2.192e-9
6.000, 2.192e-9
6.250, 2.191e-9
6.500, 2.191e-9
6.750, 2.191e-9
7.000, 2.191e-9
7.250, 2.191e-9
7.500, 2.190e-9
7.750, 2.190e-9
8.000, 2.190e-9
8.250, 2.189e-9
8.500, 2.189e-9
8.750, 2.189e-9
9.000, 2.189e-9
9.250, 2.188e-9
9.500, 2.188e-9
9.750, 2.188e-9
10.000, 2.187e-9
10.250, 2.187e-9
10.500, 2.186e-9
10.750, 2.186e-9
11.000, 2.186e-9
11.250, 2.185e-9
11.500, 2.185e-9
11.750, 2.184e-9
12.000, 2.183e-9
12.250, 2.181e-9
12.500, 2.180e-9
12.750, 2.178e-9
13.000, 2.176e-9
13.250, 2.175e-9
13.500, 2.173e-9
13.750, 2.172e-9
14.000, 2.170e-9
14.250, 2.168e-9
14.500, 2.167e-9
14.750, 2.165e-9
15.000, 2.163e-9
15.250, 2.161e-9
15.500, 2.158e-9
15.750, 2.153e-9
16.000, 2.147e-9
16.250, 2.141e-9
16.500, 2.136e-9
16.750, 2.132e-9
17.000, 2.130e-9
17.250, 2.129e-9
17.500, 2.127e-9
17.750, 2.126e-9
18.000, 2.125e-9
18.250, 2.124e-9
18.500, 2.124e-9
18.750, 2.123e-9
19.000, 2.122e-9
19.250, 2.122e-9
19.500, 2.120e-9
19.750, 2.119e-9
20.000, 2.117e-9
20.250, 2.115e-9
20.500, 2.114e-9
20.750, 2.113e-9
21.000, 2.111e-9
21.250, 2.110e-9
21.500, 2.109e-9
21.750, 2.107e-9
22.000, 2.105e-9
22.250, 2.103e-9
22.500, 2.100e-9
22.750, 2.098e-9
23.000, 2.096e-9
23.250, 2.094e-9
23.500, 2.092e-9
23.750, 2.090e-9
24.000, 2.089e-9
24.250, 2.087e-9
24.500, 2.085e-9
24.750, 2.083e-9
25.000, 2.080e-9
25.250, 2.078e-9
25.500, 2.075e-9
25.750, 2.074e-9
26.000, 2.072e-9
26.250, 2.069e-9
26.500, 2.068e-9
26.750, 2.066e-9
27.000, 2.064e-9
27.250, 2.062e-9
27.500, 2.059e-9
27.750, 2.056e-9
28.000, 2.054e-9
28.250, 2.052e-9
28.500, 2.051e-9
28.750, 2.049e-9
29.000, 2.048e-9
29.250, 2.045e-9
29.500, 2.044e-9
29.750, 2.041e-9
30.000, 2.037e-9
30.250, 2.035e-9
30.500, 2.033e-9
30.750, 2.030e-9
31.000, 2.029e-9
31.250, 2.028e-9
31.500, 2.027e-9
31.750, 2.026e-9
32.000, 2.025e-9
32.250, 2.023e-9
32.500, 2.021e-9
32.750, 2.019e-9
33.000, 2.019e-9
33.250, 2.018e-9
33.500, 2.017e-9
33.750, 2.018e-9
34.000, 2.016e-9
34.250, 2.015e-9
34.500, 2.014e-9
34.750, 2.013e-9
35.000, 2.010e-9
35.250, 2.010e-9
35.500, 2.008e-9
35.750, 2.008e-9
36.000, 2.007e-9
36.250, 2.007e-9
36.500, 2.005e-9
36.750, 2.005e-9
37.000, 2.003e-9
37.250, 2.002e-9
37.500, 2.001e-9
37.750, 2.001e-9
38.000, 2.000e-9
38.250, 2.000e-9
38.500, 2.000e-9
38.750, 1.999e-9
39.000, 1.999e-9
39.250, 1.999e-9
39.500, 1.998e-9
39.750, 1.998e-9
40.000, 1.998e-9
40.250, 1.997e-9
40.500, 1.996e-9
40.750, 1.996e-9
41.000, 1.995e-9
41.250, 1.995e-9
41.500, 1.993e-9
41.750, 1.992e-9
42.000, 1.991e-9
42.250, 1.990e-9
42.500, 1.988e-9
42.750, 1.986e-9
43.000, 1.985e-9
43.250, 1.984e-9
43.500, 1.983e-9
43.750, 1.982e-9
44.000, 1.981e-9
44.250, 1.979e-9
44.500, 1.978e-9
44.750, 1.976e-9
45.000, 1.974e-9
45.250, 1.973e-9
45.500, 1.972e-9
45.750, 1.971e-9
46.000, 1.970e-9
46.250, 1.969e-9
46.500, 1.968e-9
46.750, 1.968e-9
47.000, 1.967e-9
47.250, 1.967e-9
47.500, 1.967e-9
47.750, 1.966e-9
48.000, 1.966e-9
48.250, 1.966e-9
48.500, 1.966e-9
48.750, 1.966e-9
49.000, 1.966e-9
49.250, 1.966e-9
49.500, 1.966e-9
49.750, 1.966e-9
50.000, 1.968e-9
50.250, 1.968e-9
50.500, 1.968e-9
50.750, 1.969e-9
51.000, 1.969e-9
51.250, 1.968e-9
51.500, 1.970e-9
51.750, 1.969e-9
52.000, 1.969e-9
52.250, 1.970e-9
52.500, 1.969e-9
52.750, 1.969e-9
53.000, 1.968e-9
53.250, 1.968e-9
53.500, 1.968e-9
53.750, 1.966e-9
54.000, 1.966e-9
54.250, 1.965e-9
54.500, 1.963e-9
54.750, 1.962e-9
55.000, 1.959e-9
55.250, 1.957e-9
55.500, 1.954e-9
55.750, 1.952e-9
56.000, 1.950e-9
56.250, 1.948e-9
56.500, 1.946e-9
56.750, 1.943e-9
57.000, 1.941e-9
57.250, 1.938e-9
57.500, 1.935e-9
57.750, 1.931e-9
58.000, 1.929e-9
58.250, 1.926e-9
58.500, 1.924e-9
58.750, 1.924e-9
59.000, 1.921e-9
59.250, 1.920e-9
59.500, 1.919e-9
59.750, 1.916e-9
60.000, 1.915e-9
60.250, 1.914e-9
60.500, 1.913e-9
60.750, 1.912e-9
61.000, 1.912e-9
61.250, 1.912e-9
61.500, 1.912e-9
61.750, 1.912e-9
62.000, 1.911e-9
62.250, 1.910e-9
62.500, 1.911e-9
62.750, 1.910e-9
63.000, 1.909e-9
63.250, 1.910e-9
63.500, 1.909e-9
63.750, 1.909e-9
64.000, 1.909e-9
64.250, 1.909e-9
64.500, 1.909e-9
64.750, 1.909e-9
65.000, 1.910e-9
65.250, 1.909e-9
65.500, 1.910e-9
65.750, 1.909e-9
66.000, 1.910e-9
66.250, 1.910e-9
66.500, 1.909e-9
66.750, 1.911e-9
67.000, 1.910e-9
67.250, 1.912e-9
67.500, 1.911e-9
67.750, 1.911e-9
68.000, 1.910e-9
68.250, 1.910e-9
68.500, 1.910e-9
68.750, 1.909e-9
69.000, 1.909e-9
69.250, 1.909e-9
69.500, 1.909e-9
69.750, 1.908e-9
70.000, 1.908e-9
70.250, 1.907e-9
70.500, 1.907e-9
70.750, 1.906e-9
71.000, 1.905e-9
71.250, 1.905e-9
71.500, 1.903e-9
71.750, 1.903e-9
72.000, 1.903e-9
72.250, 1.901e-9
72.500, 1.901e-9
72.750, 1.900e-9
73.000, 1.900e-9
73.250, 1.899e-9
73.500, 1.900e-9
73.750, 1.899e-9
74.000, 1.900e-9
74.250, 1.901e-9
74.500, 1.902e-9
74.750, 1.904e-9
75.000, 1.905e-9
75.250, 1.906e-9
75.500, 1.907e-9
75.750, 1.908e-9
76.000, 1.909e-9
76.250, 1.910e-9
76.500, 1.911e-9
76.750, 1.910e-9
77.000, 1.912e-9
77.250, 1.912e-9
77.500, 1.914e-9
77.750, 1.914e-9
78.000, 1.915e-9
78.250, 1.915e-9
78.500, 1.916e-9
78.750, 1.916e-9
79.000, 1.917e-9
79.250, 1.917e-9
79.500, 1.918e-9
79.750, 1.918e-9
80.000, 1.918e-9
80.250, 1.918e-9
80.500, 1.918e-9
80.750, 1.917e-9
81.000, 1.918e-9
81.250, 1.918e-9
81.500, 1.918e-9
81.750, 1.917e-9
82.000, 1.917e-9
82.250, 1.917e-9
82.500, 1.918e-9
82.750, 1.918e-9
83.000, 1.918e-9
83.250, 1.918e-9
83.500, 1.916e-9
83.750, 1.917e-9
84.000, 1.916e-9
84.250, 1.916e-9
84.500, 1.916e-9
84.750, 1.916e-9
85.000, 1.915e-9
85.250, 1.915e-9
85.500, 1.916e-9
85.750, 1.915e-9
86.000, 1.915e-9
86.250, 1.915e-9
86.500, 1.914e-9
86.750, 1.914e-9
87.000, 1.913e-9
87.250, 1.913e-9
87.500, 1.911e-9
87.750, 1.911e-9
88.000, 1.909e-9
88.250, 1.908e-9
88.500, 1.908e-9
88.750, 1.906e-9
89.000, 1.904e-9
89.250, 1.903e-9
89.500, 1.901e-9
89.750, 1.899e-9
90.000, 1.895e-9
90.250, 1.893e-9
90.500, 1.891e-9
90.750, 1.887e-9
91.000, 1.887e-9
91.250, 1.884e-9
91.500, 1.884e-9
91.750, 1.881e-9
92.000, 1.880e-9
92.250, 1.878e-9
92.500, 1.876e-9
92.750, 1.875e-9
93.000, 1.873e-9
93.250, 1.872e-9
93.500, 1.872e-9
93.750, 1.871e-9
94.000, 1.870e-9
94.250, 1.870e-9
94.500, 1.870e-9
94.750, 1.869e-9
95.000, 1.869e-9
95.250, 1.869e-9
95.500, 1.870e-9
95.750, 1.870e-9
96.000, 1.871e-9
96.250, 1.872e-9
96.500, 1.872e-9
96.750, 1.872e-9
97.000, 1.873e-9
97.250, 1.874e-9
97.500, 1.876e-9
97.750, 1.877e-9
98.000, 1.878e-9
98.250, 1.880e-9
98.500, 1.880e-9
98.750, 1.881e-9
99.000, 1.882e-9
99.250, 1.883e-9
99.500, 1.885e-9
99.750, 1.886e-9
100.000, 1.889e-9
100.250, 1.890e-9
100.500, 1.890e-9
100.750, 1.891e-9
101.000, 1.892e-9
101.250, 1.892e-9
101.500, 1.892e-9
101.750, 1.892e-9
102.000, 1.891e-9
102.250, 1.892e-9
102.500, 1.891e-9
102.750, 1.890e-9
103.000, 1.890e-9
103.250, 1.889e-9
103.500, 1.887e-9
103.750, 1.887e-9
104.000, 1.886e-9
104.250, 1.884e-9
104.500, 1.882e-9
104.750, 1.880e-9
105.000, 1.877e-9
105.250, 1.876e-9
105.500, 1.874e-9
105.750, 1.872e-9
106.000, 1.871e-9
106.250, 1.871e-9
106.500, 1.870e-9
106.750, 1.869e-9
107.000, 1.869e-9
107.250, 1.867e-9
107.500, 1.868e-9
107.750, 1.866e-9
108.000, 1.865e-9
108.250, 1.865e-9
108.500, 1.865e-9
108.750, 1.865e-9
109.000, 1.864e-9
109.250, 1.865e-9
109.500, 1.864e-9
109.750, 1.864e-9
110.000, 1.864e-9
110.250, 1.863e-9
110.500, 1.862e-9
110.750, 1.862e-9
111.000, 1.863e-9
111.250, 1.862e-9
111.500, 1.862e-9
111.750, 1.861e-9
112.000, 1.861e-9
112.250, 1.861e-9
112.500, 1.861e-9
112.750, 1.860e-9
113.000, 1.860e-9
113.250, 1.859e-9
113.500, 1.859e-9
113.750, 1.859e-9
114.000, 1.859e-9
114.250, 1.858e-9
114.500, 1.857e-9
114.750, 1.857e-9
115.000, 1.855e-9
115.250, 1.855e-9
115.500, 1.854e-9
115.750, 1.853e-9
116.000, 1.853e-9
116.250, 1.853e-9
116.500, 1.852e-9
116.750, 1.850e-9
117.000, 1.851e-9
117.250, 1.849e-9
117.500, 1.849e-9
117.750, 1.849e-9
118.000, 1.847e-9
118.250, 1.847e-9
118.500, 1.847e-9
118.750, 1.846e-9
119.000, 1.846e-9
119.250, 1.846e-9
119.500, 1.845e-9
119.750, 1.845e-9
120.000, 1.845e-9
120.250, 1.843e-9
120.500, 1.843e-9
120.750, 1.843e-9
121.000, 1.842e-9
121.250, 1.843e-9
121.500, 1.844e-9
121.750, 1.843e-9
122.000, 1.843e-9
122.250, 1.844e-9
122.500, 1.844e-9
122.750, 1.845e-9
123.000, 1.846e-9
123.250, 1.846e-9
123.500, 1.848e-9
123.750, 1.849e-9
124.000, 1.849e-9
124.250, 1.850e-9
124.500, 1.852e-9
124.750, 1.852e-9
125.000, 1.854e-9
125.250, 1.857e-9
125.500, 1.858e-9
125.750, 1.860e-9
126.000, 1.862e-9
126.250, 1.862e-9
126.500, 1.864e-9
126.750, 1.865e-9
127.000, 1.865e-9
127.250, 1.865e-9
127.500, 1.866e-9
127.750, 1.865e-9
128.000, 1.865e-9
128.250, 1.865e-9
128.500, 1.864e-9
128.750, 1.863e-9
129.000, 1.863e-9
129.250, 1.861e-9
129.500, 1.860e-9
129.750, 1.859e-9
130.000, 1.855e-9
130.250, 1.853e-9
130.500, 1.851e-9
130.750, 1.847e-9
131.000, 1.845e-9
131.250, 1.843e-9
131.500, 1.841e-9
131.750, 1.838e-9
132.000, 1.837e-9
132.250, 1.834e-9
132.500, 1.830e-9
132.750, 1.828e-9
133.000, 1.825e-9
133.250, 1.823e-9
133.500, 1.822e-9
133.750, 1.820e-9
134.000, 1.818e-9
134.250, 1.816e-9
134.500, 1.814e-9
134.750, 1.812e-9
135.000, 1.809e-9
135.250, 1.806e-9
135.500, 1.804e-9
135.750, 1.802e-9
136.000, 1.799e-9
136.250, 1.798e-9
136.500, 1.796e-9
136.750, 1.794e-9
137.000, 1.791e-9
137.250, 1.790e-9
137.500, 1.787e-9
137.750, 1.785e-9
138.000, 1.783e-9
138.250, 1.781e-9
138.500, 1.780e-9
138.750, 1.779e-9
139.000, 1.777e-9
139.250, 1.776e-9
139.500, 1.773e-9
139.750, 1.770e-9
140.000, 1.768e-9
140.250, 1.765e-9
140.500, 1.762e-9
140.750, 1.760e-9
141.000, 1.758e-9
141.250, 1.757e-9
141.500, 1.755e-9
141.750, 1.754e-9
142.000, 1.753e-9
142.250, 1.749e-9
142.500, 1.748e-9
142.750, 1.745e-9
143.000, 1.744e-9
143.250, 1.742e-9
143.500, 1.741e-9
143.750, 1.740e-9
144.000, 1.739e-9
144.250, 1.739e-9
144.500, 1.738e-9
144.750, 1.737e-9
145.000, 1.737e-9
145.250, 1.736e-9
145.500, 1.736e-9
145.750, 1.736e-9
146.000, 1.735e-9
146.250, 1.736e-9
146.500, 1.737e-9
146.750, 1.736e-9
147.000, 1.737e-9
147.250, 1.737e-9
147.500, 1.737e-9
147.750, 1.738e-9
148.000, 1.738e-9
148.250, 1.738e-9
148.500, 1.739e-9
148.750, 1.738e-9
149.000, 1.737e-9
149.250, 1.739e-9
149.500, 1.737e-9
149.750, 1.738e-9
150.000, 1.738e-9
150.250, 1.738e-9
150.500, 1.737e-9
150.750, 1.738e-9
151.000, 1.737e-9
151.250, 1.735e-9
151.500, 1.736e-9
151.750, 1.735e-9
152.000, 1.734e-9
152.250, 1.734e-9
152.500, 1.733e-9
152.750, 1.733e-9
153.000, 1.733e-9
153.250, 1.733e-9
153.500, 1.733e-9
153.750, 1.733e-9
154.000, 1.732e-9
154.250, 1.731e-9
154.500, 1.732e-9
154.750, 1.729e-9
155.000, 1.729e-9
155.250, 1.728e-9
155.500, 1.726e-9
155.750, 1.725e-9
156.000, 1.724e-9
156.250, 1.723e-9
156.500, 1.722e-9
156.750, 1.721e-9
157.000, 1.720e-9
157.250, 1.718e-9
157.500, 1.716e-9
157.750, 1.714e-9
158.000, 1.712e-9
158.250, 1.711e-9
158.500, 1.708e-9
158.750, 1.707e-9
159.000, 1.705e-9
159.250, 1.703e-9
159.500, 1.700e-9
159.750, 1.698e-9
160.000, 1.695e-9
160.250, 1.691e-9
160.500, 1.688e-9
160.750, 1.686e-9
161.000, 1.683e-9
161.250, 1.682e-9
161.500, 1.679e-9
161.750, 1.677e-9
162.000, 1.674e-9
162.250, 1.671e-9
162.500, 1.667e-9
162.750, 1.663e-9
163.000, 1.661e-9
163.250, 1.658e-9
163.500, 1.656e-9
163.750, 1.654e-9
164.000, 1.652e-9
164.250, 1.651e-9
164.500, 1.649e-9
164.750, 1.647e-9
165.000, 1.644e-9
165.250, 1.642e-9
165.500, 1.640e-9
165.750, 1.639e-9
166.000, 1.638e-9
166.250, 1.637e-9
166.500, 1.637e-9
166.750, 1.636e-9
167.000, 1.634e-9
167.250, 1.634e-9
167.500, 1.634e-9
167.750, 1.632e-9
168.000, 1.631e-9
168.250, 1.631e-9
168.500, 1.630e-9
168.750, 1.631e-9
169.000, 1.630e-9
169.250, 1.630e-9
169.500, 1.630e-9
169.750, 1.630e-9
170.000, 1.630e-9
170.250, 1.629e-9
170.500, 1.629e-9
170.750, 1.628e-9
171.000, 1.629e-9
171.250, 1.628e-9
171.500, 1.627e-9
171.750, 1.627e-9
172.000, 1.626e-9
172.250, 1.625e-9
172.500, 1.624e-9
172.750, 1.623e-9
173.000, 1.621e-9
173.250, 1.621e-9
173.500, 1.619e-9
173.750, 1.619e-9
174.000, 1.617e-9
174.250, 1.616e-9
174.500, 1.613e-9
174.750, 1.609e-9
175.000, 1.605e-9
175.250, 1.599e-9
175.500, 1.596e-9
175.750, 1.592e-9
176.000, 1.589e-9
176.250, 1.585e-9
176.500, 1.584e-9
176.750, 1.579e-9
177.000, 1.575e-9
177.250, 1.570e-9
177.500, 1.565e-9
177.750, 1.562e-9
178.000, 1.558e-9
178.250, 1.556e-9
178.500, 1.554e-9
178.750, 1.552e-9
179.000, 1.549e-9
179.250, 1.545e-9
179.500, 1.543e-9
179.750, 1.539e-9
180.000, 1.534e-9
180.250, 1.532e-9
180.500, 1.527e-9
180.750, 1.524e-9
181.000, 1.523e-9
181.250, 1.520e-9
181.500, 1.518e-9
181.750, 1.517e-9
182.000, 1.514e-9
182.250, 1.511e-9
182.500, 1.509e-9
182.750, 1.505e-9
183.000, 1.502e-9
183.250, 1.502e-9
183.500, 1.499e-9
183.750, 1.498e-9
184.000, 1.497e-9
184.250, 1.493e-9
184.500, 1.493e-9
184.750, 1.490e-9
185.000, 1.488e-9
185.250, 1.487e-9
185.500, 1.487e-9
185.750, 1.485e-9
186.000, 1.484e-9
186.250, 1.485e-9
186.500, 1.483e-9
186.750, 1.483e-9
187.000, 1.482e-9
187.250, 1.482e-9
187.500, 1.482e-9
187.750, 1.482e-9
188.000, 1.482e-9
188.250, 1.481e-9
188.500, 1.481e-9
188.750, 1.482e-9
189.000, 1.480e-9
189.250, 1.483e-9
189.500, 1.481e-9
189.750, 1.482e-9
190.000, 1.482e-9
190.250, 1.482e-9
190.500, 1.483e-9
190.750, 1.483e-9
191.000, 1.484e-9
191.250, 1.482e-9
191.500, 1.482e-9
191.750, 1.481e-9
192.000, 1.479e-9
192.250, 1.478e-9
192.500, 1.477e-9
192.750, 1.474e-9
193.000, 1.473e-9
193.250, 1.471e-9
193.500, 1.469e-9
193.750, 1.466e-9
194.000, 1.466e-9
194.250, 1.463e-9
194.500, 1.460e-9
194.750, 1.456e-9
195.000, 1.453e-9
195.250, 1.449e-9
195.500, 1.444e-9
195.750, 1.443e-9
196.000, 1.438e-9
196.250, 1.435e-9
196.500, 1.433e-9
196.750, 1.427e-9
197.000, 1.423e-9
197.250, 1.419e-9
197.500, 1.414e-9
197.750, 1.409e-9
198.000, 1.405e-9
198.250, 1.403e-9
198.500, 1.398e-9
198.750, 1.395e-9
199.000, 1.392e-9
199.250, 1.388e-9
199.500, 1.385e-9
199.750, 1.380e-9
200.000, 1.374e-9
200.250, 1.367e-9
200.500, 1.364e-9
200.750, 1.358e-9
201.000, 1.354e-9
201.250, 1.351e-9
201.500, 1.348e-9
201.750, 1.343e-9
202.000, 1.339e-9
202.250, 1.335e-9
202.500, 1.329e-9
202.750, 1.327e-9
203.000, 1.322e-9
203.250, 1.320e-9
203.500, 1.317e-9
203.750, 1.314e-9
204.000, 1.313e-9
204.250, 1.308e-9
204.500, 1.306e-9
204.750, 1.301e-9
205.000, 1.297e-9
205.250, 1.295e-9
205.500, 1.293e-9
205.750, 1.291e-9
206.000, 1.290e-9
206.250, 1.292e-9
206.500, 1.288e-9
206.750, 1.289e-9
207.000, 1.290e-9
207.250, 1.290e-9
207.500, 1.291e-9
207.750, 1.293e-9
208.000, 1.293e-9
208.250, 1.293e-9
208.500, 1.295e-9
208.750, 1.295e-9
209.000, 1.296e-9
209.250, 1.297e-9
209.500, 1.297e-9
209.750, 1.298e-9
210.000, 1.302e-9
210.250, 1.301e-9
210.500, 1.305e-9
210.750, 1.305e-9
211.000, 1.305e-9
211.250, 1.307e-9
211.500, 1.308e-9
211.750, 1.309e-9
212.000, 1.310e-9
212.250, 1.315e-9
212.500, 1.314e-9
212.750, 1.316e-9
213.000, 1.321e-9
213.250, 1.319e-9
213.500, 1.323e-9
213.750, 1.322e-9
214.000, 1.321e-9
214.250, 1.320e-9
214.500, 1.317e-9
214.750, 1.313e-9
215.000, 1.309e-9
215.250, 1.305e-9
215.500, 1.299e-9
215.750, 1.296e-9
216.000, 1.295e-9
216.250, 1.290e-9
216.500, 1.288e-9
216.750, 1.285e-9
217.000, 1.281e-9
217.250, 1.277e-9
217.500, 1.278e-9
217.750, 1.275e-9
218.000, 1.272e-9
218.250, 1.273e-9
218.500, 1.268e-9
218.750, 1.267e-9
219.000, 1.264e-9
219.250, 1.261e-9
219.500, 1.255e-9
219.750, 1.250e-9
220.000, 1.241e-9
220.250, 1.232e-9
220.500, 1.226e-9
220.750, 1.221e-9
221.000, 1.216e-9
221.250, 1.214e-9
221.500, 1.211e-9
221.750, 1.207e-9
222.000, 1.205e-9
222.250, 1.206e-9
222.500, 1.206e-9
222.750, 1.205e-9
223.000, 1.204e-9
223.250, 1.200e-9
223.500, 1.199e-9
223.750, 1.200e-9
224.000, 1.196e-9
224.250, 1.197e-9
224.500, 1.195e-9
224.750, 1.191e-9
225.000, 1.189e-9
225.250, 1.189e-9
225.500, 1.185e-9
225.750, 1.184e-9
226.000, 1.184e-9
226.250, 1.180e-9
226.500, 1.181e-9
226.750, 1.177e-9
227.000, 1.176e-9
227.250, 1.172e-9
227.500, 1.170e-9
227.750, 1.168e-9
228.000, 1.166e-9
228.250, 1.163e-9
228.500, 1.164e-9
228.750, 1.159e-9
229.000, 1.157e-9
229.250, 1.155e-9
229.500, 1.151e-9
229.750, 1.147e-9
230.000, 1.141e-9
230.250, 1.138e-9
230.500, 1.133e-9
230.750, 1.131e-9
231.000, 1.128e-9
231.250, 1.124e-9
231.500, 1.122e-9
231.750, 1.119e-9
232.000, 1.115e-9
232.250, 1.111e-9
232.500, 1.106e-9
232.750, 1.104e-9
233.000, 1.101e-9
233.250, 1.098e-9
233.500, 1.099e-9
233.750, 1.097e-9
234.000, 1.096e-9
234.250, 1.096e-9
234.500, 1.094e-9
234.750, 1.092e-9
235.000, 1.095e-9
235.250, 1.093e-9
235.500, 1.095e-9
235.750, 1.094e-9
236.000, 1.094e-9
236.250, 1.094e-9
236.500, 1.095e-9
236.750, 1.094e-9
237.000, 1.095e-9
237.250, 1.096e-9
237.500, 1.096e-9
237.750, 1.097e-9
238.000, 1.097e-9
238.250, 1.099e-9
238.500, 1.099e-9
238.750, 1.101e-9
239.000, 1.101e-9
239.250, 1.101e-9
239.500, 1.103e-9
239.750, 1.104e-9
240.000, 1.106e-9
240.250, 1.109e-9
240.500, 1.110e-9
240.750, 1.112e-9
241.000, 1.111e-9
241.250, 1.111e-9
241.500, 1.109e-9
241.750, 1.110e-9
242.000, 1.109e-9
242.250, 1.106e-9
242.500, 1.108e-9
242.750, 1.107e-9
243.000, 1.104e-9
243.250, 1.106e-9
243.500, 1.103e-9
243.750, 1.102e-9
244.000, 1.103e-9
244.250, 1.101e-9
244.500, 1.099e-9
244.750, 1.099e-9
245.000, 1.094e-9
245.250, 1.095e-9
245.500, 1.091e-9
245.750, 1.092e-9
246.000, 1.091e-9
246.250, 1.089e-9
246.500, 1.089e-9
246.750, 1.088e-9
247.000, 1.086e-9
247.250, 1.083e-9
247.500, 1.083e-9
247.750, 1.081e-9
248.000, 1.077e-9
248.250, 1.077e-9
248.500, 1.075e-9
248.750, 1.074e-9
249.000, 1.073e-9
249.250, 1.071e-9
249.500, 1.068e-9
249.750, 1.066e-9
250.000, 1.065e-9
250.250, 1.064e-9
250.500, 1.063e-9
250.750, 1.062e-9
251.000, 1.062e-9
251.250, 1.060e-9
251.500, 1.058e-9
251.750, 1.060e-9
252.000, 1.058e-9
252.250, 1.057e-9
252.500, 1.058e-9
252.750, 1.060e-9
253.000, 1.056e-9
253.250, 1.063e-9
253.500, 1.062e-9
253.750, 1.061e-9
254.000, 1.066e-9
254.250, 1.065e-9
254.500, 1.066e-9
254.750, 1.067e-9
255.000, 1.070e-9
255.250, 1.071e-9
255.500, 1.071e-9
255.750, 1.076e-9
256.000, 1.075e-9
256.250, 1.077e-9
256.500, 1.077e-9
256.750, 1.078e-9
257.000, 1.078e-9
257.250, 1.081e-9
257.500, 1.081e-9
257.750, 1.080e-9
258.000, 1.082e-9
258.250, 1.082e-9
258.500, 1.082e-9
258.750, 1.083e-9
259.000, 1.084e-9
259.250, 1.082e-9
259.500, 1.084e-9
259.750, 1.086e-9
260.000, 1.086e-9
260.250, 1.088e-9
260.500, 1.091e-9
260.750, 1.092e-9
261.000, 1.092e-9
261.250, 1.096e-9
261.500, 1.094e-9
261.750, 1.096e-9
262.000, 1.099e-9
262.250, 1.098e-9
262.500, 1.104e-9
262.750, 1.104e-9
263.000, 1.106e-9
263.250, 1.108e-9
263.500, 1.112e-9
263.750, 1.112e-9
264.000, 1.115e-9
264.250, 1.117e-9
264.500, 1.117e-9
264.750, 1.121e-9
265.000, 1.125e-9
265.250, 1.129e-9
265.500, 1.132e-9
265.750, 1.138e-9
266.000, 1.140e-9
266.250, 1.141e-9
266.500, 1.146e-9
266.750, 1.145e-9
267.000, 1.151e-9
267.250, 1.155e-9
267.500, 1.159e-9
267.750, 1.160e-9
268.000, 1.163e-9
268.250, 1.165e-9
268.500, 1.163e-9
268.750, 1.169e-9
269.000, 1.167e-9
269.250, 1.168e-9
269.500, 1.173e-9
269.750, 1.172e-9
270.000, 1.173e-9
270.250, 1.177e-9
270.500, 1.175e-9
270.750, 1.176e-9
271.000, 1.177e-9
271.250, 1.174e-9
271.500, 1.176e-9
271.750, 1.175e-9
272.000, 1.175e-9
272.250, 1.172e-9
272.500, 1.175e-9
272.750, 1.172e-9
273.000, 1.172e-9
273.250, 1.173e-9
273.500, 1.172e-9
273.750, 1.170e-9
274.000, 1.171e-9
274.250, 1.170e-9
274.500, 1.169e-9
274.750, 1.168e-9
275.000, 1.167e-9
275.250, 1.165e-9
275.500, 1.163e-9
275.750, 1.164e-9
276.000, 1.161e-9
276.250, 1.164e-9
276.500, 1.162e-9
276.750, 1.161e-9
277.000, 1.161e-9
277.250, 1.160e-9
277.500, 1.159e-9
277.750, 1.161e-9
278.000, 1.161e-9
278.250, 1.160e-9
278.500, 1.159e-9
278.750, 1.160e-9
279.000, 1.159e-9
279.250, 1.159e-9
279.500, 1.158e-9
279.750, 1.156e-9
280.000, 1.155e-9
280.250, 1.154e-9
280.500, 1.154e-9
280.750, 1.152e-9
281.000, 1.152e-9
281.250, 1.153e-9
281.500, 1.151e-9
281.750, 1.152e-9
282.000, 1.153e-9
282.250, 1.153e-9
282.500, 1.154e-9
282.750, 1.157e-9
283.000, 1.158e-9
283.250, 1.160e-9
283.500, 1.162e-9
283.750, 1.164e-9
284.000, 1.163e-9
284.250, 1.168e-9
284.500, 1.168e-9
284.750, 1.170e-9
285.000, 1.177e-9
285.250, 1.177e-9
285.500, 1.182e-9
285.750, 1.188e-9
286.000, 1.188e-9
286.250, 1.188e-9
286.500, 1.193e-9
286.750, 1.193e-9
287.000, 1.195e-9
287.250, 1.196e-9
287.500, 1.199e-9
287.750, 1.195e-9
288.000, 1.199e-9
288.250, 1.200e-9
288.500, 1.199e-9
288.750, 1.201e-9
289.000, 1.200e-9
289.250, 1.199e-9
289.500, 1.200e-9
289.750, 1.200e-9
290.000, 1.196e-9
290.250, 1.197e-9
290.500, 1.195e-9
290.750, 1.194e-9
291.000, 1.195e-9
291.250, 1.194e-9
291.500, 1.194e-9
291.750, 1.195e-9
292.000, 1.193e-9
292.250, 1.193e-9
292.500, 1.193e-9
292.750, 1.194e-9
293.000, 1.194e-9
293.250, 1.197e-9
293.500, 1.195e-9
293.750, 1.197e-9
294.000, 1.198e-9
294.250, 1.200e-9
294.500, 1.201e-9
294.750, 1.202e-9
295.000, 1.205e-9
295.250, 1.204e-9
295.500, 1.207e-9
295.750, 1.211e-9
296.000, 1.212e-9
296.250, 1.216e-9
296.500, 1.218e-9
296.750, 1.222e-9
297.000, 1.224e-9
297.250, 1.228e-9
297.500, 1.233e-9
297.750, 1.238e-9
298.000, 1.240e-9
298.250, 1.244e-9
298.500, 1.245e-9
298.750, 1.248e-9
299.000, 1.250e-9
299.250, 1.253e-9
299.500, 1.255e-9
299.750, 1.259e-9
300.000, 1.263e-9
300.250, 1.266e-9
300.500, 1.269e-9
300.750, 1.273e-9
301.000, 1.274e-9
301.250, 1.276e-9
301.500, 1.278e-9
301.750, 1.278e-9
302.000, 1.279e-9
302.250, 1.281e-9
302.500, 1.282e-9
302.750, 1.283e-9
303.000, 1.284e-9
303.250, 1.284e-9
303.500, 1.285e-9
303.750, 1.285e-9
304.000, 1.286e-9
304.250, 1.286e-9
304.500, 1.286e-9
304.750, 1.289e-9
305.000, 1.288e-9
305.250, 1.289e-9
305.500, 1.290e-9
305.750, 1.290e-9
306.000, 1.290e-9
306.250, 1.292e-9
306.500, 1.292e-9
306.750, 1.293e-9
307.000, 1.293e-9
307.250, 1.295e-9
307.500, 1.294e-9
307.750, 1.296e-9
308.000, 1.297e-9
308.250, 1.299e-9
308.500, 1.300e-9
308.750, 1.302e-9
309.000, 1.304e-9
309.250, 1.304e-9
309.500, 1.306e-9
309.750, 1.308e-9
310.000, 1.310e-9
310.250, 1.312e-9
310.500, 1.316e-9
310.750, 1.316e-9
311.000, 1.319e-9
311.250, 1.320e-9
311.500, 1.321e-9
311.750, 1.324e-9
312.000, 1.325e-9
312.250, 1.326e-9
312.500, 1.330e-9
312.750, 1.331e-9
313.000, 1.335e-9
313.250, 1.336e-9
313.500, 1.339e-9
313.750, 1.338e-9
314.000, 1.340e-9
314.250, 1.341e-9
314.500, 1.342e-9
314.750, 1.342e-9
315.000, 1.343e-9
315.250, 1.343e-9
315.500, 1.344e-9
315.750, 1.344e-9
316.000, 1.343e-9
316.250, 1.344e-9
316.500, 1.342e-9
316.750, 1.343e-9
317.000, 1.343e-9
317.250, 1.342e-9
317.500, 1.342e-9
317.750, 1.343e-9
318.000, 1.340e-9
318.250, 1.342e-9
318.500, 1.341e-9
318.750, 1.342e-9
319.000, 1.339e-9
319.250, 1.343e-9
319.500, 1.341e-9
319.750, 1.342e-9
320.000, 1.342e-9
320.250, 1.342e-9
320.500, 1.343e-9
320.750, 1.344e-9
321.000, 1.344e-9
321.250, 1.346e-9
321.500, 1.347e-9
321.750, 1.349e-9
322.000, 1.348e-9
322.250, 1.352e-9
322.500, 1.353e-9
322.750, 1.355e-9
323.000, 1.359e-9
323.250, 1.360e-9
323.500, 1.362e-9
323.750, 1.363e-9
324.000, 1.365e-9
324.250, 1.366e-9
324.500, 1.368e-9
324.750, 1.370e-9
325.000, 1.371e-9
325.250, 1.375e-9
325.500, 1.376e-9
325.750, 1.380e-9
326.000, 1.382e-9
326.250, 1.386e-9
326.500, 1.387e-9
326.750, 1.389e-9
327.000, 1.392e-9
327.250, 1.394e-9
327.500, 1.397e-9
327.750, 1.401e-9
328.000, 1.401e-9
328.250, 1.405e-9
328.500, 1.406e-9
328.750, 1.409e-9
329.000, 1.410e-9
329.250, 1.413e-9
329.500, 1.414e-9
329.750, 1.417e-9
330.000, 1.421e-9
330.250, 1.424e-9
330.500, 1.428e-9
330.750, 1.429e-9
331.000, 1.430e-9
331.250, 1.432e-9
331.500, 1.432e-9
331.750, 1.433e-9
332.000, 1.434e-9
332.250, 1.437e-9
332.500, 1.438e-9
332.750, 1.439e-9
333.000, 1.441e-9
333.250, 1.440e-9
333.500, 1.442e-9
333.750, 1.442e-9
334.000, 1.442e-9
334.250, 1.442e-9
334.500, 1.442e-9
334.750, 1.441e-9
335.000, 1.440e-9
335.250, 1.439e-9
335.500, 1.439e-9
335.750, 1.437e-9
336.000, 1.436e-9
336.250, 1.436e-9
336.500, 1.435e-9
336.750, 1.433e-9
337.000, 1.432e-9
337.250, 1.430e-9
337.500, 1.430e-9
337.750, 1.428e-9
338.000, 1.425e-9
338.250, 1.424e-9
338.500, 1.424e-9
338.750, 1.422e-9
339.000, 1.421e-9
339.250, 1.422e-9
339.500, 1.421e-9
339.750, 1.421e-9
340.000, 1.421e-9
340.250, 1.419e-9
340.500, 1.421e-9
340.750, 1.421e-9
341.000, 1.420e-9
341.250, 1.422e-9
341.500, 1.422e-9
341.750, 1.424e-9
342.000, 1.425e-9
342.250, 1.427e-9
342.500, 1.428e-9
342.750, 1.430e-9
343.000, 1.430e-9
343.250, 1.434e-9
343.500, 1.435e-9
343.750, 1.438e-9
344.000, 1.440e-9
344.250, 1.440e-9
344.500, 1.441e-9
344.750, 1.442e-9
345.000, 1.443e-9
345.250, 1.446e-9
345.500, 1.447e-9
345.750, 1.450e-9
346.000, 1.450e-9
346.250, 1.454e-9
346.500, 1.455e-9
346.750, 1.457e-9
347.000, 1.456e-9
347.250, 1.459e-9
347.500, 1.460e-9
347.750, 1.460e-9
348.000, 1.462e-9
348.250, 1.463e-9
348.500, 1.462e-9
348.750, 1.461e-9
349.000, 1.461e-9
349.250, 1.462e-9
349.500, 1.462e-9
349.750, 1.464e-9
350.000, 1.466e-9
350.250, 1.464e-9
350.500, 1.465e-9
350.750, 1.464e-9
351.000, 1.464e-9
351.250, 1.465e-9
351.500, 1.464e-9
351.750, 1.465e-9
352.000, 1.464e-9
352.250, 1.464e-9
352.500, 1.464e-9
352.750, 1.465e-9
353.000, 1.465e-9
353.250, 1.464e-9
353.500, 1.465e-9
353.750, 1.464e-9
354.000, 1.464e-9
354.250, 1.463e-9
354.500, 1.464e-9
354.750, 1.464e-9
355.000, 1.464e-9
355.250, 1.463e-9
355.500, 1.463e-9
355.750, 1.462e-9
356.000, 1.463e-9
356.250, 1.461e-9
356.500, 1.460e-9
356.750, 1.461e-9
357.000, 1.460e-9
357.250, 1.460e-9
357.500, 1.460e-9
357.750, 1.459e-9
358.000, 1.459e-9
358.250, 1.460e-9
358.500, 1.460e-9
358.750, 1.460e-9
359.000, 1.460e-9
359.250, 1.460e-9
359.500, 1.460e-9
359.750, 1.462e-9
360.000, 1.463e-9
360.250, 1.464e-9
360.500, 1.465e-9
360.750, 1.465e-9
361.000, 1.466e-9
361.250, 1.467e-9
361.500, 1.469e-9
361.750, 1.470e-9
362.000, 1.471e-9
362.250, 1.472e-9
362.500, 1.474e-9
362.750, 1.475e-9
363.000, 1.478e-9
363.250, 1.478e-9
363.500, 1.479e-9
363.750, 1.479e-9
364.000, 1.479e-9
364.250, 1.480e-9
364.500, 1.482e-9
364.750, 1.481e-9
365.000, 1.480e-9
365.250, 1.480e-9
365.500, 1.478e-9
365.750, 1.479e-9
366.000, 1.479e-9
366.250, 1.478e-9
366.500, 1.477e-9
366.750, 1.475e-9
367.000, 1.473e-9
367.250, 1.473e-9
367.500, 1.471e-9
367.750, 1.468e-9
368.000, 1.468e-9
368.250, 1.467e-9
368.500, 1.465e-9
368.750, 1.465e-9
369.000, 1.465e-9
369.250, 1.463e-9
369.500, 1.463e-9
369.750, 1.462e-9
370.000, 1.461e-9
370.250, 1.462e-9
370.500, 1.462e-9
370.750, 1.460e-9
371.000, 1.460e-9
371.250, 1.461e-9
371.500, 1.461e-9
371.750, 1.461e-9
372.000, 1.461e-9
372.250, 1.461e-9
372.500, 1.457e-9
372.750, 1.460e-9
373.000, 1.449e-9
373.250, 1.445e-9
373.500, 1.457e-9
373.750, 1.458e-9
374.000, 1.455e-9
374.250, 1.458e-9
374.500, 1.461e-9
374.750, 1.463e-9
375.000, 1.464e-9
375.250, 1.464e-9
375.500, 1.464e-9
375.750, 1.464e-9
376.000, 1.463e-9
376.250, 1.461e-9
376.500, 1.460e-9
376.750, 1.459e-9
377.000, 1.459e-9
377.250, 1.459e-9
377.500, 1.460e-9
377.750, 1.460e-9
378.000, 1.461e-9
378.250, 1.459e-9
378.500, 1.457e-9
378.750, 1.457e-9
379.000, 1.456e-9
379.250, 1.455e-9
379.500, 1.457e-9
379.750, 1.457e-9
380.000, 1.455e-9
380.250, 1.457e-9
380.500, 1.456e-9
380.750, 1.457e-9
381.000, 1.457e-9
381.250, 1.458e-9
381.500, 1.458e-9
381.750, 1.458e-9
382.000, 1.458e-9
382.250, 1.458e-9
382.500, 1.457e-9
382.750, 1.455e-9
383.000, 1.455e-9
383.250, 1.455e-9
383.500, 1.455e-9
383.750, 1.455e-9
384.000, 1.454e-9
384.250, 1.454e-9
384.500, 1.453e-9
384.750, 1.451e-9
385.000, 1.450e-9
385.250, 1.448e-9
385.500, 1.447e-9
385.750, 1.445e-9
386.000, 1.445e-9
386.250, 1.443e-9
386.500, 1.444e-9
386.750, 1.444e-9
387.000, 1.443e-9
387.250, 1.443e-9
387.500, 1.443e-9
387.750, 1.441e-9
388.000, 1.440e-9
388.250, 1.441e-9
388.500, 1.441e-9
388.750, 1.443e-9
389.000, 1.442e-9
389.250, 1.444e-9
389.500, 1.443e-9
389.750, 1.444e-9
390.000, 1.443e-9
390.250, 1.444e-9
390.500, 1.445e-9
390.750, 1.444e-9
391.000, 1.446e-9
391.250, 1.447e-9
391.500, 1.448e-9
391.750, 1.448e-9
392.000, 1.450e-9
392.250, 1.451e-9
392.500, 1.452e-9
392.750, 1.452e-9
393.000, 1.453e-9
393.250, 1.452e-9
393.500, 1.454e-9
393.750, 1.455e-9
394.000, 1.454e-9
394.250, 1.455e-9
394.500, 1.455e-9
394.750, 1.453e-9
395.000, 1.452e-9
395.250, 1.451e-9
395.500, 1.448e-9
395.750, 1.448e-9
396.000, 1.445e-9
396.250, 1.442e-9
396.500, 1.442e-9
396.750, 1.439e-9
397.000, 1.438e-9
397.250, 1.435e-9
397.500, 1.432e-9
397.750, 1.429e-9
398.000, 1.427e-9
398.250, 1.424e-9
398.500, 1.422e-9
398.750, 1.419e-9
399.000, 1.418e-9
399.250, 1.415e-9
399.500, 1.413e-9
399.750, 1.410e-9
400.000, 1.408e-9
400.250, 1.405e-9
400.500, 1.403e-9
400.750, 1.401e-9
401.000, 1.401e-9
401.250, 1.398e-9
401.500, 1.397e-9
401.750, 1.397e-9
402.000, 1.394e-9
402.250, 1.393e-9
402.500, 1.390e-9
402.750, 1.389e-9
403.000, 1.387e-9
403.250, 1.385e-9
403.500, 1.384e-9
403.750, 1.382e-9
404.000, 1.382e-9
404.250, 1.379e-9
404.500, 1.380e-9
404.750, 1.378e-9
405.000, 1.375e-9
405.250, 1.374e-9
405.500, 1.372e-9
405.750, 1.372e-9
406.000, 1.372e-9
406.250, 1.372e-9
406.500, 1.371e-9
406.750, 1.371e-9
407.000, 1.371e-9
407.250, 1.370e-9
407.500, 1.370e-9
407.750, 1.369e-9
408.000, 1.369e-9
408.250, 1.368e-9
408.500, 1.367e-9
408.750, 1.369e-9
409.000, 1.366e-9
409.250, 1.367e-9
409.500, 1.366e-9
409.750, 1.365e-9
410.000, 1.366e-9
410.250, 1.364e-9
410.500, 1.364e-9
410.750, 1.363e-9
411.000, 1.363e-9
411.250, 1.362e-9
411.500, 1.361e-9
411.750, 1.362e-9
412.000, 1.361e-9
412.250, 1.359e-9
412.500, 1.359e-9
412.750, 1.357e-9
413.000, 1.356e-9
413.250, 1.355e-9
413.500, 1.354e-9
413.750, 1.354e-9
414.000, 1.353e-9
414.250, 1.351e-9
414.500, 1.350e-9
414.750, 1.348e-9
415.000, 1.346e-9
415.250, 1.345e-9
415.500, 1.342e-9
415.750, 1.341e-9
416.000, 1.339e-9
416.250, 1.338e-9
416.500, 1.338e-9
416.750, 1.337e-9
417.000, 1.337e-9
417.250, 1.336e-9
417.500, 1.335e-9
417.750, 1.336e-9
418.000, 1.336e-9
418.250, 1.335e-9
418.500, 1.334e-9
418.750, 1.334e-9
419.000, 1.333e-9
419.250, 1.333e-9
419.500, 1.334e-9
419.750, 1.331e-9
420.000, 1.330e-9
420.250, 1.329e-9
420.500, 1.327e-9
420.750, 1.326e-9
421.000, 1.326e-9
421.250, 1.325e-9
421.500, 1.324e-9
421.750, 1.324e-9
422.000, 1.322e-9
422.250, 1.322e-9
422.500, 1.321e-9
422.750, 1.319e-9
423.000, 1.319e-9
423.250, 1.317e-9
423.500, 1.317e-9
423.750, 1.316e-9
424.000, 1.317e-9
424.250, 1.317e-9
424.500, 1.316e-9
424.750, 1.316e-9
425.000, 1.314e-9
425.250, 1.315e-9
425.500, 1.314e-9
425.750, 1.313e-9
426.000, 1.314e-9
426.250, 1.314e-9
426.500, 1.313e-9
426.750, 1.315e-9
427.000, 1.313e-9
427.250, 1.313e-9
427.500, 1.314e-9
427.750, 1.311e-9
428.000, 1.311e-9
428.250, 1.311e-9
428.500, 1.310e-9
428.750, 1.310e-9
429.000, 1.311e-9
429.250, 1.309e-9
429.500, 1.308e-9
429.750, 1.307e-9
430.000, 1.305e-9
430.250, 1.302e-9
430.500, 1.302e-9
430.750, 1.299e-9
431.000, 1.297e-9
431.250, 1.298e-9
431.500, 1.295e-9
431.750, 1.295e-9
432.000, 1.295e-9
432.250, 1.294e-9
432.500, 1.291e-9
432.750, 1.291e-9
433.000, 1.290e-9
433.250, 1.288e-9
433.500, 1.290e-9
433.750, 1.288e-9
434.000, 1.288e-9
434.250, 1.288e-9
434.500, 1.286e-9
434.750, 1.286e-9
435.000, 1.287e-9
435.250, 1.284e-9
435.500, 1.284e-9
435.750, 1.285e-9
436.000, 1.283e-9
436.250, 1.284e-9
436.500, 1.283e-9
436.750, 1.282e-9
437.000, 1.282e-9
437.250, 1.280e-9
437.500, 1.279e-9
437.750, 1.278e-9
438.000, 1.277e-9
438.250, 1.277e-9
438.500, 1.276e-9
438.750, 1.277e-9
439.000, 1.275e-9
439.250, 1.278e-9
439.500, 1.275e-9
439.750, 1.274e-9
440.000, 1.276e-9
440.250, 1.274e-9
440.500, 1.275e-9
440.750, 1.273e-9
441.000, 1.273e-9
441.250, 1.270e-9
441.500, 1.271e-9
441.750, 1.269e-9
442.000, 1.267e-9
442.250, 1.267e-9
442.500, 1.264e-9
442.750, 1.264e-9
443.000, 1.264e-9
443.250, 1.261e-9
443.500, 1.261e-9
443.750, 1.261e-9
444.000, 1.260e-9
444.250, 1.260e-9
444.500, 1.259e-9
444.750, 1.256e-9
445.000, 1.256e-9
445.250, 1.253e-9
445.500, 1.251e-9
445.750, 1.251e-9
446.000, 1.250e-9
446.250, 1.248e-9
446.500, 1.249e-9
446.750, 1.249e-9
447.000, 1.248e-9
447.250, 1.247e-9
447.500, 1.247e-9
447.750, 1.246e-9
448.000, 1.245e-9
448.250, 1.246e-9
448.500, 1.246e-9
448.750, 1.245e-9
449.000, 1.246e-9
449.250, 1.245e-9
449.500, 1.245e-9
449.750, 1.246e-9
450.000, 1.245e-9
450.250, 1.245e-9
450.500, 1.244e-9
450.750, 1.244e-9
451.000, 1.245e-9
451.250, 1.244e-9
451.500, 1.244e-9
451.750, 1.244e-9
452.000, 1.244e-9
452.250, 1.242e-9
452.500, 1.243e-9
452.750, 1.241e-9
453.000, 1.241e-9
453.250, 1.241e-9
453.500, 1.242e-9
453.750, 1.241e-9
454.000, 1.242e-9
454.250, 1.242e-9
454.500, 1.242e-9
454.750, 1.241e-9
455.000, 1.242e-9
455.250, 1.241e-9
455.500, 1.241e-9
455.750, 1.240e-9
456.000, 1.239e-9
456.250, 1.240e-9
456.500, 1.240e-9
456.750, 1.240e-9
457.000, 1.240e-9
457.250, 1.237e-9
457.500, 1.239e-9
457.750, 1.236e-9
458.000, 1.237e-9
458.250, 1.233e-9
458.500, 1.233e-9
458.750, 1.231e-9
459.000, 1.229e-9
459.250, 1.229e-9
459.500, 1.226e-9
459.750, 1.222e-9
460.000, 1.219e-9
460.250, 1.213e-9
460.500, 1.211e-9
460.750, 1.207e-9
461.000, 1.205e-9
461.250, 1.201e-9
461.500, 1.200e-9
461.750, 1.198e-9
462.000, 1.195e-9
462.250, 1.192e-9
462.500, 1.190e-9
462.750, 1.187e-9
463.000, 1.186e-9
463.250, 1.185e-9
463.500, 1.184e-9
463.750, 1.186e-9
464.000, 1.185e-9
464.250, 1.185e-9
464.500, 1.186e-9
464.750, 1.184e-9
465.000, 1.184e-9
465.250, 1.184e-9
465.500, 1.184e-9
465.750, 1.184e-9
466.000, 1.186e-9
466.250, 1.184e-9
466.500, 1.185e-9
466.750, 1.186e-9
467.000, 1.186e-9
467.250, 1.187e-9
467.500, 1.188e-9
467.750, 1.186e-9
468.000, 1.187e-9
468.250, 1.189e-9
468.500, 1.187e-9
468.750, 1.188e-9
469.000, 1.190e-9
469.250, 1.188e-9
469.500, 1.187e-9
469.750, 1.186e-9
470.000, 1.182e-9
470.250, 1.179e-9
470.500, 1.175e-9
470.750, 1.173e-9
471.000, 1.169e-9
471.250, 1.167e-9
471.500, 1.163e-9
471.750, 1.161e-9
472.000, 1.157e-9
472.250, 1.153e-9
472.500, 1.148e-9
472.750, 1.143e-9
473.000, 1.139e-9
473.250, 1.134e-9
473.500, 1.132e-9
473.750, 1.129e-9
474.000, 1.127e-9
474.250, 1.128e-9
474.500, 1.124e-9
474.750, 1.123e-9
475.000, 1.122e-9
475.250, 1.118e-9
475.500, 1.116e-9
475.750, 1.115e-9
476.000, 1.115e-9
476.250, 1.116e-9
476.500, 1.115e-9
476.750, 1.114e-9
477.000, 1.115e-9
477.250, 1.115e-9
477.500, 1.115e-9
477.750, 1.115e-9
478.000, 1.116e-9
478.250, 1.114e-9
478.500, 1.114e-9
478.750, 1.113e-9
479.000, 1.112e-9
479.250, 1.112e-9
479.500, 1.110e-9
479.750, 1.107e-9
480.000, 1.104e-9
480.250, 1.100e-9
480.500, 1.097e-9
480.750, 1.094e-9
481.000, 1.090e-9
481.250, 1.088e-9
481.500, 1.084e-9
481.750, 1.081e-9
482.000, 1.075e-9
482.250, 1.073e-9
482.500, 1.066e-9
482.750, 1.061e-9
483.000, 1.057e-9
483.250, 1.054e-9
483.500, 1.049e-9
483.750, 1.048e-9
484.000, 1.044e-9
484.250, 1.042e-9
484.500, 1.037e-9
484.750, 1.031e-9
485.000, 1.026e-9
485.250, 1.021e-9
485.500, 1.015e-9
485.750, 1.011e-9
486.000, 1.006e-9
486.250, 1.003e-9
486.500, 1.000e-9
486.750, 9.981e-10
487.000, 9.925e-10
487.250, 9.898e-10
487.500, 9.861e-10
487.750, 9.811e-10
488.000, 9.793e-10
488.250, 9.747e-10
488.500, 9.713e-10
488.750, 9.692e-10
489.000, 9.659e-10
489.250, 9.622e-10
489.500, 9.609e-10
489.750, 9.559e-10
490.000, 9.519e-10
490.250, 9.503e-10
490.500, 9.466e-10
490.750, 9.445e-10
491.000, 9.434e-10
491.250, 9.420e-10
491.500, 9.407e-10
491.750, 9.397e-10
492.000, 9.386e-10
492.250, 9.376e-10
492.500, 9.365e-10
492.750, 9.353e-10
493.000, 9.342e-10
493.250, 9.334e-10
493.500, 9.329e-10
493.750, 9.325e-10
494.000, 9.321e-10
494.250, 9.315e-10
494.500, 9.309e-10
494.750, 9.301e-10
495.000, 9.293e-10
495.250, 9.284e-10
495.500, 9.277e-10
495.750, 9.272e-10
496.000, 9.264e-10
496.250, 9.260e-10
496.500, 9.256e-10
496.750, 9.250e-10
497.000, 9.243e-10
497.250, 9.238e-10
497.500, 9.231e-10
497.750, 9.224e-10
498.000, 9.218e-10
498.250, 9.212e-10
498.500, 9.208e-10
498.750, 9.201e-10
499.000, 9.198e-10
499.250, 9.194e-10
499.500, 9.190e-10
499.750, 9.182e-10
500.000, 9.176e-10
