Distance/um, Current/A

0.250, -2.706e-9
0.500, -2.706e-9
0.750, -2.706e-9
1.000, -2.706e-9
1.250, -2.706e-9
1.500, -2.706e-9
1.750, -2.705e-9
2.000, -2.706e-9
2.250, -2.705e-9
2.500, -2.705e-9
2.750, -2.705e-9
3.000, -2.705e-9
3.250, -2.705e-9
3.500, -2.704e-9
3.750, -2.704e-9
4.000, -2.705e-9
4.250, -2.705e-9
4.500, -2.705e-9
4.750, -2.704e-9
5.000, -2.704e-9
5.250, -2.703e-9
5.500, -2.703e-9
5.750, -2.703e-9
6.000, -2.704e-9
6.250, -2.703e-9
6.500, -2.703e-9
6.750, -2.703e-9
7.000, -2.703e-9
7.250, -2.704e-9
7.500, -2.703e-9
7.750, -2.703e-9
8.000, -2.703e-9
8.250, -2.703e-9
8.500, -2.703e-9
8.750, -2.703e-9
9.000, -2.703e-9
9.250, -2.703e-9
9.500, -2.702e-9
9.750, -2.702e-9
10.000, -2.703e-9
10.250, -2.703e-9
10.500, -2.703e-9
10.750, -2.702e-9
11.000, -2.702e-9
11.250, -2.703e-9
11.500, -2.702e-9
11.750, -2.702e-9
12.000, -2.702e-9
12.250, -2.702e-9
12.500, -2.703e-9
12.750, -2.703e-9
13.000, -2.703e-9
13.250, -2.703e-9
13.500, -2.703e-9
13.750, -2.703e-9
14.000, -2.702e-9
14.250, -2.702e-9
14.500, -2.701e-9
14.750, -2.701e-9
15.000, -2.701e-9
15.250, -2.701e-9
15.500, -2.701e-9
15.750, -2.700e-9
16.000, -2.700e-9
16.250, -2.700e-9
16.500, -2.700e-9
16.750, -2.700e-9
17.000, -2.699e-9
17.250, -2.698e-9
17.500, -2.698e-9
17.750, -2.697e-9
18.000, -2.697e-9
18.250, -2.696e-9
18.500, -2.695e-9
18.750, -2.695e-9
19.000, -2.694e-9
19.250, -2.694e-9
19.500, -2.693e-9
19.750, -2.693e-9
20.000, -2.692e-9
20.250, -2.692e-9
20.500, -2.691e-9
20.750, -2.690e-9
21.000, -2.690e-9
21.250, -2.690e-9
21.500, -2.690e-9
21.750, -2.690e-9
22.000, -2.689e-9
22.250, -2.689e-9
22.500, -2.688e-9
22.750, -2.688e-9
23.000, -2.687e-9
23.250, -2.687e-9
23.500, -2.687e-9
23.750, -2.686e-9
24.000, -2.686e-9
24.250, -2.687e-9
24.500, -2.686e-9
24.750, -2.686e-9
25.000, -2.686e-9
25.250, -2.686e-9
25.500, -2.686e-9
25.750, -2.686e-9
26.000, -2.685e-9
26.250, -2.684e-9
26.500, -2.684e-9
26.750, -2.685e-9
27.000, -2.684e-9
27.250, -2.685e-9
27.500, -2.684e-9
27.750, -2.684e-9
28.000, -2.684e-9
28.250, -2.684e-9
28.500, -2.683e-9
28.750, -2.683e-9
29.000, -2.683e-9
29.250, -2.682e-9
29.500, -2.682e-9
29.750, -2.682e-9
30.000, -2.682e-9
30.250, -2.682e-9
30.500, -2.681e-9
30.750, -2.681e-9
31.000, -2.681e-9
31.250, -2.681e-9
31.500, -2.681e-9
31.750, -2.681e-9
32.000, -2.681e-9
32.250, -2.680e-9
32.500, -2.680e-9
32.750, -2.680e-9
33.000, -2.679e-9
33.250, -2.679e-9
33.500, -2.679e-9
33.750, -2.679e-9
34.000, -2.679e-9
34.250, -2.679e-9
34.500, -2.678e-9
34.750, -2.678e-9
35.000, -2.678e-9
35.250, -2.678e-9
35.500, -2.678e-9
35.750, -2.677e-9
36.000, -2.677e-9
36.250, -2.677e-9
36.500, -2.676e-9
36.750, -2.676e-9
37.000, -2.676e-9
37.250, -2.677e-9
37.500, -2.676e-9
37.750, -2.676e-9
38.000, -2.676e-9
38.250, -2.675e-9
38.500, -2.675e-9
38.750, -2.675e-9
39.000, -2.675e-9
39.250, -2.675e-9
39.500, -2.675e-9
39.750, -2.675e-9
40.000, -2.675e-9
40.250, -2.674e-9
40.500, -2.674e-9
40.750, -2.675e-9
41.000, -2.675e-9
41.250, -2.674e-9
41.500, -2.673e-9
41.750, -2.674e-9
42.000, -2.674e-9
42.250, -2.675e-9
42.500, -2.675e-9
42.750, -2.674e-9
43.000, -2.674e-9
43.250, -2.674e-9
43.500, -2.673e-9
43.750, -2.673e-9
44.000, -2.672e-9
44.250, -2.673e-9
44.500, -2.672e-9
44.750, -2.672e-9
45.000, -2.672e-9
45.250, -2.672e-9
45.500, -2.672e-9
45.750, -2.671e-9
46.000, -2.671e-9
46.250, -2.670e-9
46.500, -2.670e-9
46.750, -2.670e-9
47.000, -2.670e-9
47.250, -2.670e-9
47.500, -2.670e-9
47.750, -2.670e-9
48.000, -2.669e-9
48.250, -2.669e-9
48.500, -2.669e-9
48.750, -2.669e-9
49.000, -2.668e-9
49.250, -2.668e-9
49.500, -2.668e-9
49.750, -2.668e-9
50.000, -2.668e-9
50.250, -2.667e-9
50.500, -2.667e-9
50.750, -2.666e-9
51.000, -2.666e-9
51.250, -2.666e-9
51.500, -2.666e-9
51.750, -2.665e-9
52.000, -2.665e-9
52.250, -2.665e-9
52.500, -2.665e-9
52.750, -2.665e-9
53.000, -2.665e-9
53.250, -2.665e-9
53.500, -2.664e-9
53.750, -2.664e-9
54.000, -2.664e-9
54.250, -2.664e-9
54.500, -2.664e-9
54.750, -2.663e-9
55.000, -2.664e-9
55.250, -2.664e-9
55.500, -2.664e-9
55.750, -2.663e-9
56.000, -2.663e-9
56.250, -2.662e-9
56.500, -2.663e-9
56.750, -2.663e-9
57.000, -2.663e-9
57.250, -2.662e-9
57.500, -2.663e-9
57.750, -2.663e-9
58.000, -2.663e-9
58.250, -2.663e-9
58.500, -2.662e-9
58.750, -2.663e-9
59.000, -2.662e-9
59.250, -2.663e-9
59.500, -2.663e-9
59.750, -2.663e-9
60.000, -2.663e-9
60.250, -2.663e-9
60.500, -2.662e-9
60.750, -2.662e-9
61.000, -2.663e-9
61.250, -2.663e-9
61.500, -2.662e-9
61.750, -2.662e-9
62.000, -2.663e-9
62.250, -2.663e-9
62.500, -2.663e-9
62.750, -2.663e-9
63.000, -2.663e-9
63.250, -2.663e-9
63.500, -2.663e-9
63.750, -2.663e-9
64.000, -2.663e-9
64.250, -2.663e-9
64.500, -2.663e-9
64.750, -2.663e-9
65.000, -2.663e-9
65.250, -2.663e-9
65.500, -2.663e-9
65.750, -2.663e-9
66.000, -2.663e-9
66.250, -2.662e-9
66.500, -2.662e-9
66.750, -2.662e-9
67.000, -2.662e-9
67.250, -2.662e-9
67.500, -2.662e-9
67.750, -2.662e-9
68.000, -2.662e-9
68.250, -2.662e-9
68.500, -2.662e-9
68.750, -2.662e-9
69.000, -2.662e-9
69.250, -2.661e-9
69.500, -2.661e-9
69.750, -2.662e-9
70.000, -2.662e-9
70.250, -2.661e-9
70.500, -2.661e-9
70.750, -2.660e-9
71.000, -2.661e-9
71.250, -2.660e-9
71.500, -2.660e-9
71.750, -2.660e-9
72.000, -2.660e-9
72.250, -2.660e-9
72.500, -2.660e-9
72.750, -2.661e-9
73.000, -2.660e-9
73.250, -2.660e-9
73.500, -2.660e-9
73.750, -2.659e-9
74.000, -2.659e-9
74.250, -2.659e-9
74.500, -2.660e-9
74.750, -2.660e-9
75.000, -2.660e-9
75.250, -2.660e-9
75.500, -2.660e-9
75.750, -2.661e-9
76.000, -2.661e-9
76.250, -2.661e-9
76.500, -2.661e-9
76.750, -2.661e-9
77.000, -2.661e-9
77.250, -2.661e-9
77.500, -2.661e-9
77.750, -2.661e-9
78.000, -2.662e-9
78.250, -2.662e-9
78.500, -2.661e-9
78.750, -2.661e-9
79.000, -2.661e-9
79.250, -2.661e-9
79.500, -2.661e-9
79.750, -2.661e-9
80.000, -2.661e-9
80.250, -2.661e-9
80.500, -2.660e-9
80.750, -2.660e-9
81.000, -2.660e-9
81.250, -2.660e-9
81.500, -2.660e-9
81.750, -2.660e-9
82.000, -2.660e-9
82.250, -2.660e-9
82.500, -2.660e-9
82.750, -2.661e-9
83.000, -2.661e-9
83.250, -2.660e-9
83.500, -2.660e-9
83.750, -2.660e-9
84.000, -2.660e-9
84.250, -2.659e-9
84.500, -2.659e-9
84.750, -2.659e-9
85.000, -2.659e-9
85.250, -2.659e-9
85.500, -2.659e-9
85.750, -2.659e-9
86.000, -2.658e-9
86.250, -2.657e-9
86.500, -2.657e-9
86.750, -2.657e-9
87.000, -2.657e-9
87.250, -2.658e-9
87.500, -2.658e-9
87.750, -2.658e-9
88.000, -2.657e-9
88.250, -2.657e-9
88.500, -2.657e-9
88.750, -2.657e-9
89.000, -2.657e-9
89.250, -2.657e-9
89.500, -2.657e-9
89.750, -2.657e-9
90.000, -2.657e-9
90.250, -2.657e-9
90.500, -2.657e-9
90.750, -2.657e-9
91.000, -2.656e-9
91.250, -2.657e-9
91.500, -2.657e-9
91.750, -2.657e-9
92.000, -2.657e-9
92.250, -2.658e-9
92.500, -2.659e-9
92.750, -2.658e-9
93.000, -2.658e-9
93.250, -2.658e-9
93.500, -2.658e-9
93.750, -2.658e-9
94.000, -2.657e-9
94.250, -2.657e-9
94.500, -2.657e-9
94.750, -2.658e-9
95.000, -2.658e-9
95.250, -2.658e-9
95.500, -2.658e-9
95.750, -2.658e-9
96.000, -2.658e-9
96.250, -2.657e-9
96.500, -2.657e-9
96.750, -2.657e-9
97.000, -2.658e-9
97.250, -2.658e-9
97.500, -2.658e-9
97.750, -2.658e-9
98.000, -2.658e-9
98.250, -2.658e-9
98.500, -2.658e-9
98.750, -2.658e-9
99.000, -2.657e-9
99.250, -2.657e-9
99.500, -2.657e-9
99.750, -2.657e-9
100.000, -2.657e-9
100.250, -2.657e-9
100.500, -2.657e-9
100.750, -2.657e-9
101.000, -2.657e-9
101.250, -2.657e-9
101.500, -2.657e-9
101.750, -2.656e-9
102.000, -2.657e-9
102.250, -2.657e-9
102.500, -2.657e-9
102.750, -2.657e-9
103.000, -2.657e-9
103.250, -2.658e-9
103.500, -2.658e-9
103.750, -2.657e-9
104.000, -2.656e-9
104.250, -2.657e-9
104.500, -2.657e-9
104.750, -2.657e-9
105.000, -2.657e-9
105.250, -2.657e-9
105.500, -2.657e-9
105.750, -2.657e-9
106.000, -2.656e-9
106.250, -2.656e-9
106.500, -2.656e-9
106.750, -2.656e-9
107.000, -2.656e-9
107.250, -2.657e-9
107.500, -2.656e-9
107.750, -2.657e-9
108.000, -2.657e-9
108.250, -2.657e-9
108.500, -2.657e-9
108.750, -2.657e-9
109.000, -2.657e-9
109.250, -2.657e-9
109.500, -2.657e-9
109.750, -2.657e-9
110.000, -2.657e-9
110.250, -2.657e-9
110.500, -2.657e-9
110.750, -2.657e-9
111.000, -2.657e-9
111.250, -2.657e-9
111.500, -2.657e-9
111.750, -2.657e-9
112.000, -2.657e-9
112.250, -2.658e-9
112.500, -2.658e-9
112.750, -2.657e-9
113.000, -2.658e-9
113.250, -2.658e-9
113.500, -2.658e-9
113.750, -2.658e-9
114.000, -2.657e-9
114.250, -2.657e-9
114.500, -2.657e-9
114.750, -2.658e-9
115.000, -2.657e-9
115.250, -2.656e-9
115.500, -2.656e-9
115.750, -2.656e-9
116.000, -2.656e-9
116.250, -2.655e-9
116.500, -2.655e-9
116.750, -2.655e-9
117.000, -2.656e-9
117.250, -2.656e-9
117.500, -2.656e-9
117.750, -2.656e-9
118.000, -2.656e-9
118.250, -2.655e-9
118.500, -2.655e-9
118.750, -2.654e-9
119.000, -2.654e-9
119.250, -2.654e-9
119.500, -2.654e-9
119.750, -2.654e-9
120.000, -2.654e-9
120.250, -2.654e-9
120.500, -2.653e-9
120.750, -2.653e-9
121.000, -2.653e-9
121.250, -2.653e-9
121.500, -2.653e-9
121.750, -2.653e-9
122.000, -2.653e-9
122.250, -2.653e-9
122.500, -2.653e-9
122.750, -2.653e-9
123.000, -2.653e-9
123.250, -2.653e-9
123.500, -2.652e-9
123.750, -2.652e-9
124.000, -2.652e-9
124.250, -2.652e-9
124.500, -2.652e-9
124.750, -2.652e-9
125.000, -2.653e-9
125.250, -2.652e-9
125.500, -2.652e-9
125.750, -2.651e-9
126.000, -2.652e-9
126.250, -2.651e-9
126.500, -2.652e-9
126.750, -2.651e-9
127.000, -2.651e-9
127.250, -2.651e-9
127.500, -2.650e-9
127.750, -2.650e-9
128.000, -2.650e-9
128.250, -2.650e-9
128.500, -2.650e-9
128.750, -2.650e-9
129.000, -2.650e-9
129.250, -2.651e-9
129.500, -2.650e-9
129.750, -2.649e-9
130.000, -2.650e-9
130.250, -2.649e-9
130.500, -2.650e-9
130.750, -2.649e-9
131.000, -2.648e-9
131.250, -2.649e-9
131.500, -2.648e-9
131.750, -2.648e-9
132.000, -2.648e-9
132.250, -2.648e-9
132.500, -2.648e-9
132.750, -2.648e-9
133.000, -2.648e-9
133.250, -2.647e-9
133.500, -2.647e-9
133.750, -2.646e-9
134.000, -2.647e-9
134.250, -2.646e-9
134.500, -2.646e-9
134.750, -2.645e-9
135.000, -2.645e-9
135.250, -2.645e-9
135.500, -2.645e-9
135.750, -2.644e-9
136.000, -2.644e-9
136.250, -2.644e-9
136.500, -2.644e-9
136.750, -2.644e-9
137.000, -2.643e-9
137.250, -2.643e-9
137.500, -2.643e-9
137.750, -2.642e-9
138.000, -2.642e-9
138.250, -2.642e-9
138.500, -2.642e-9
138.750, -2.642e-9
139.000, -2.641e-9
139.250, -2.641e-9
139.500, -2.641e-9
139.750, -2.641e-9
140.000, -2.640e-9
140.250, -2.640e-9
140.500, -2.640e-9
140.750, -2.639e-9
141.000, -2.639e-9
141.250, -2.638e-9
141.500, -2.638e-9
141.750, -2.638e-9
142.000, -2.638e-9
142.250, -2.638e-9
142.500, -2.638e-9
142.750, -2.637e-9
143.000, -2.637e-9
143.250, -2.636e-9
143.500, -2.636e-9
143.750, -2.635e-9
144.000, -2.635e-9
144.250, -2.635e-9
144.500, -2.635e-9
144.750, -2.635e-9
145.000, -2.634e-9
145.250, -2.634e-9
145.500, -2.633e-9
145.750, -2.633e-9
146.000, -2.632e-9
146.250, -2.632e-9
146.500, -2.631e-9
146.750, -2.631e-9
147.000, -2.631e-9
147.250, -2.631e-9
147.500, -2.631e-9
147.750, -2.630e-9
148.000, -2.630e-9
148.250, -2.630e-9
148.500, -2.630e-9
148.750, -2.629e-9
149.000, -2.629e-9
149.250, -2.629e-9
149.500, -2.629e-9
149.750, -2.629e-9
150.000, -2.628e-9
150.250, -2.628e-9
150.500, -2.628e-9
150.750, -2.628e-9
151.000, -2.628e-9
151.250, -2.627e-9
151.500, -2.627e-9
151.750, -2.627e-9
152.000, -2.627e-9
152.250, -2.628e-9
152.500, -2.628e-9
152.750, -2.628e-9
153.000, -2.628e-9
153.250, -2.628e-9
153.500, -2.628e-9
153.750, -2.628e-9
154.000, -2.627e-9
154.250, -2.627e-9
154.500, -2.627e-9
154.750, -2.627e-9
155.000, -2.627e-9
155.250, -2.627e-9
155.500, -2.626e-9
155.750, -2.627e-9
156.000, -2.627e-9
156.250, -2.626e-9
156.500, -2.626e-9
156.750, -2.626e-9
157.000, -2.626e-9
157.250, -2.625e-9
157.500, -2.625e-9
157.750, -2.625e-9
158.000, -2.625e-9
158.250, -2.625e-9
158.500, -2.624e-9
158.750, -2.624e-9
159.000, -2.623e-9
159.250, -2.623e-9
159.500, -2.623e-9
159.750, -2.623e-9
160.000, -2.623e-9
160.250, -2.623e-9
160.500, -2.623e-9
160.750, -2.622e-9
161.000, -2.622e-9
161.250, -2.621e-9
161.500, -2.621e-9
161.750, -2.621e-9
162.000, -2.621e-9
162.250, -2.621e-9
162.500, -2.621e-9
162.750, -2.621e-9
163.000, -2.621e-9
163.250, -2.620e-9
163.500, -2.620e-9
163.750, -2.620e-9
164.000, -2.619e-9
164.250, -2.618e-9
164.500, -2.619e-9
164.750, -2.619e-9
165.000, -2.618e-9
165.250, -2.618e-9
165.500, -2.618e-9
165.750, -2.617e-9
166.000, -2.617e-9
166.250, -2.617e-9
166.500, -2.616e-9
166.750, -2.616e-9
167.000, -2.616e-9
167.250, -2.616e-9
167.500, -2.615e-9
167.750, -2.615e-9
168.000, -2.615e-9
168.250, -2.615e-9
168.500, -2.615e-9
168.750, -2.614e-9
169.000, -2.614e-9
169.250, -2.614e-9
169.500, -2.614e-9
169.750, -2.613e-9
170.000, -2.613e-9
170.250, -2.613e-9
170.500, -2.613e-9
170.750, -2.612e-9
171.000, -2.612e-9
171.250, -2.612e-9
171.500, -2.612e-9
171.750, -2.612e-9
172.000, -2.612e-9
172.250, -2.613e-9
172.500, -2.613e-9
172.750, -2.612e-9
173.000, -2.612e-9
173.250, -2.612e-9
173.500, -2.612e-9
173.750, -2.612e-9
174.000, -2.612e-9
174.250, -2.612e-9
174.500, -2.612e-9
174.750, -2.612e-9
175.000, -2.612e-9
175.250, -2.611e-9
175.500, -2.611e-9
175.750, -2.611e-9
176.000, -2.611e-9
176.250, -2.611e-9
176.500, -2.611e-9
176.750, -2.611e-9
177.000, -2.611e-9
177.250, -2.611e-9
177.500, -2.611e-9
177.750, -2.611e-9
178.000, -2.611e-9
178.250, -2.611e-9
178.500, -2.611e-9
178.750, -2.611e-9
179.000, -2.611e-9
179.250, -2.611e-9
179.500, -2.612e-9
179.750, -2.612e-9
180.000, -2.612e-9
180.250, -2.612e-9
180.500, -2.612e-9
180.750, -2.612e-9
181.000, -2.612e-9
181.250, -2.612e-9
181.500, -2.612e-9
181.750, -2.612e-9
182.000, -2.612e-9
182.250, -2.613e-9
182.500, -2.612e-9
182.750, -2.613e-9
183.000, -2.613e-9
183.250, -2.613e-9
183.500, -2.613e-9
183.750, -2.613e-9
184.000, -2.613e-9
184.250, -2.613e-9
184.500, -2.613e-9
184.750, -2.613e-9
185.000, -2.613e-9
185.250, -2.613e-9
185.500, -2.613e-9
185.750, -2.613e-9
186.000, -2.613e-9
186.250, -2.613e-9
186.500, -2.613e-9
186.750, -2.613e-9
187.000, -2.613e-9
187.250, -2.613e-9
187.500, -2.613e-9
187.750, -2.613e-9
188.000, -2.613e-9
188.250, -2.613e-9
188.500, -2.614e-9
188.750, -2.613e-9
189.000, -2.613e-9
189.250, -2.612e-9
189.500, -2.613e-9
189.750, -2.613e-9
190.000, -2.613e-9
190.250, -2.613e-9
190.500, -2.613e-9
190.750, -2.613e-9
191.000, -2.613e-9
191.250, -2.613e-9
191.500, -2.613e-9
191.750, -2.613e-9
192.000, -2.613e-9
192.250, -2.614e-9
192.500, -2.614e-9
192.750, -2.614e-9
193.000, -2.613e-9
193.250, -2.613e-9
193.500, -2.613e-9
193.750, -2.613e-9
194.000, -2.612e-9
194.250, -2.613e-9
194.500, -2.613e-9
194.750, -2.613e-9
195.000, -2.613e-9
195.250, -2.613e-9
195.500, -2.613e-9
195.750, -2.613e-9
196.000, -2.612e-9
196.250, -2.612e-9
196.500, -2.612e-9
196.750, -2.612e-9
197.000, -2.612e-9
197.250, -2.612e-9
197.500, -2.612e-9
197.750, -2.613e-9
198.000, -2.613e-9
198.250, -2.612e-9
198.500, -2.613e-9
198.750, -2.613e-9
199.000, -2.613e-9
199.250, -2.613e-9
199.500, -2.614e-9
199.750, -2.614e-9
200.000, -2.614e-9
200.250, -2.614e-9
200.500, -2.614e-9
200.750, -2.614e-9
201.000, -2.615e-9
201.250, -2.615e-9
201.500, -2.615e-9
201.750, -2.615e-9
202.000, -2.615e-9
202.250, -2.616e-9
202.500, -2.616e-9
202.750, -2.617e-9
203.000, -2.617e-9
203.250, -2.618e-9
203.500, -2.617e-9
203.750, -2.617e-9
204.000, -2.617e-9
204.250, -2.618e-9
204.500, -2.619e-9
204.750, -2.619e-9
205.000, -2.619e-9
205.250, -2.619e-9
205.500, -2.619e-9
205.750, -2.619e-9
206.000, -2.619e-9
206.250, -2.619e-9
206.500, -2.620e-9
206.750, -2.620e-9
207.000, -2.621e-9
207.250, -2.621e-9
207.500, -2.622e-9
207.750, -2.622e-9
208.000, -2.623e-9
208.250, -2.623e-9
208.500, -2.623e-9
208.750, -2.623e-9
209.000, -2.624e-9
209.250, -2.624e-9
209.500, -2.625e-9
209.750, -2.625e-9
210.000, -2.626e-9
210.250, -2.626e-9
210.500, -2.626e-9
210.750, -2.627e-9
211.000, -2.626e-9
211.250, -2.627e-9
211.500, -2.627e-9
211.750, -2.628e-9
212.000, -2.629e-9
212.250, -2.629e-9
212.500, -2.630e-9
212.750, -2.630e-9
213.000, -2.631e-9
213.250, -2.632e-9
213.500, -2.631e-9
213.750, -2.633e-9
214.000, -2.633e-9
214.250, -2.633e-9
214.500, -2.634e-9
214.750, -2.635e-9
215.000, -2.636e-9
215.250, -2.637e-9
215.500, -2.636e-9
215.750, -2.637e-9
216.000, -2.637e-9
216.250, -2.638e-9
216.500, -2.638e-9
216.750, -2.639e-9
217.000, -2.640e-9
217.250, -2.640e-9
217.500, -2.641e-9
217.750, -2.642e-9
218.000, -2.643e-9
218.250, -2.643e-9
218.500, -2.644e-9
218.750, -2.644e-9
219.000, -2.645e-9
219.250, -2.645e-9
219.500, -2.647e-9
219.750, -2.648e-9
220.000, -2.648e-9
220.250, -2.649e-9
220.500, -2.649e-9
220.750, -2.650e-9
221.000, -2.651e-9
221.250, -2.651e-9
221.500, -2.652e-9
221.750, -2.653e-9
222.000, -2.654e-9
222.250, -2.655e-9
222.500, -2.656e-9
222.750, -2.657e-9
223.000, -2.658e-9
223.250, -2.659e-9
223.500, -2.659e-9
223.750, -2.661e-9
224.000, -2.661e-9
224.250, -2.662e-9
224.500, -2.664e-9
224.750, -2.665e-9
225.000, -2.666e-9
225.250, -2.667e-9
225.500, -2.668e-9
225.750, -2.669e-9
226.000, -2.670e-9
226.250, -2.671e-9
226.500, -2.672e-9
226.750, -2.674e-9
227.000, -2.675e-9
227.250, -2.677e-9
227.500, -2.679e-9
227.750, -2.680e-9
228.000, -2.681e-9
228.250, -2.682e-9
228.500, -2.682e-9
228.750, -2.683e-9
229.000, -2.685e-9
229.250, -2.687e-9
229.500, -2.688e-9
229.750, -2.689e-9
230.000, -2.691e-9
230.250, -2.692e-9
230.500, -2.693e-9
230.750, -2.694e-9
231.000, -2.695e-9
231.250, -2.696e-9
231.500, -2.698e-9
231.750, -2.699e-9
232.000, -2.700e-9
232.250, -2.702e-9
232.500, -2.704e-9
232.750, -2.705e-9
233.000, -2.706e-9
233.250, -2.708e-9
233.500, -2.710e-9
233.750, -2.711e-9
234.000, -2.711e-9
234.250, -2.713e-9
234.500, -2.715e-9
234.750, -2.717e-9
235.000, -2.720e-9
235.250, -2.722e-9
235.500, -2.724e-9
235.750, -2.725e-9
236.000, -2.726e-9
236.250, -2.727e-9
236.500, -2.730e-9
236.750, -2.732e-9
237.000, -2.735e-9
237.250, -2.737e-9
237.500, -2.740e-9
237.750, -2.743e-9
238.000, -2.744e-9
238.250, -2.746e-9
238.500, -2.748e-9
238.750, -2.750e-9
239.000, -2.753e-9
239.250, -2.756e-9
239.500, -2.758e-9
239.750, -2.761e-9
240.000, -2.763e-9
240.250, -2.766e-9
240.500, -2.768e-9
240.750, -2.770e-9
241.000, -2.772e-9
241.250, -2.774e-9
241.500, -2.777e-9
241.750, -2.780e-9
242.000, -2.783e-9
242.250, -2.787e-9
242.500, -2.791e-9
242.750, -2.794e-9
243.000, -2.797e-9
243.250, -2.800e-9
243.500, -2.803e-9
243.750, -2.806e-9
244.000, -2.809e-9
244.250, -2.813e-9
244.500, -2.817e-9
244.750, -2.822e-9
245.000, -2.825e-9
245.250, -2.828e-9
245.500, -2.832e-9
245.750, -2.835e-9
246.000, -2.838e-9
246.250, -2.841e-9
246.500, -2.844e-9
246.750, -2.848e-9
247.000, -2.852e-9
247.250, -2.855e-9
247.500, -2.859e-9
247.750, -2.862e-9
248.000, -2.866e-9
248.250, -2.869e-9
248.500, -2.873e-9
248.750, -2.876e-9
249.000, -2.879e-9
249.250, -2.882e-9
249.500, -2.886e-9
249.750, -2.890e-9
250.000, -2.894e-9
250.250, -2.896e-9
250.500, -2.900e-9
250.750, -2.903e-9
251.000, -2.907e-9
251.250, -2.910e-9
251.500, -2.914e-9
251.750, -2.918e-9
252.000, -2.922e-9
252.250, -2.926e-9
252.500, -2.931e-9
252.750, -2.937e-9
253.000, -2.940e-9
253.250, -2.945e-9
253.500, -2.947e-9
253.750, -2.950e-9
254.000, -2.954e-9
254.250, -2.959e-9
254.500, -2.965e-9
254.750, -2.970e-9
255.000, -2.974e-9
255.250, -2.979e-9
255.500, -2.985e-9
255.750, -2.989e-9
256.000, -2.993e-9
256.250, -2.997e-9
256.500, -3.002e-9
256.750, -3.008e-9
257.000, -3.014e-9
257.250, -3.021e-9
257.500, -3.026e-9
257.750, -3.031e-9
258.000, -3.036e-9
258.250, -3.041e-9
258.500, -3.046e-9
258.750, -3.052e-9
259.000, -3.057e-9
259.250, -3.062e-9
259.500, -3.068e-9
259.750, -3.072e-9
260.000, -3.078e-9
260.250, -3.084e-9
260.500, -3.090e-9
260.750, -3.094e-9
261.000, -3.098e-9
261.250, -3.102e-9
261.500, -3.107e-9
261.750, -3.113e-9
262.000, -3.118e-9
262.250, -3.124e-9
262.500, -3.129e-9
262.750, -3.135e-9
263.000, -3.140e-9
263.250, -3.145e-9
263.500, -3.150e-9
263.750, -3.154e-9
264.000, -3.159e-9
264.250, -3.165e-9
264.500, -3.170e-9
264.750, -3.175e-9
265.000, -3.181e-9
265.250, -3.187e-9
265.500, -3.192e-9
265.750, -3.197e-9
266.000, -3.202e-9
266.250, -3.207e-9
266.500, -3.211e-9
266.750, -3.217e-9
267.000, -3.223e-9
267.250, -3.229e-9
267.500, -3.236e-9
267.750, -3.242e-9
268.000, -3.247e-9
268.250, -3.252e-9
268.500, -3.257e-9
268.750, -3.262e-9
269.000, -3.268e-9
269.250, -3.274e-9
269.500, -3.280e-9
269.750, -3.286e-9
270.000, -3.291e-9
270.250, -3.296e-9
270.500, -3.302e-9
270.750, -3.307e-9
271.000, -3.312e-9
271.250, -3.317e-9
271.500, -3.322e-9
271.750, -3.327e-9
272.000, -3.333e-9
272.250, -3.339e-9
272.500, -3.345e-9
272.750, -3.350e-9
273.000, -3.355e-9
273.250, -3.360e-9
273.500, -3.365e-9
273.750, -3.369e-9
274.000, -3.374e-9
274.250, -3.379e-9
274.500, -3.384e-9
274.750, -3.390e-9
275.000, -3.395e-9
275.250, -3.400e-9
275.500, -3.405e-9
275.750, -3.410e-9
276.000, -3.414e-9
276.250, -3.418e-9
276.500, -3.423e-9
276.750, -3.428e-9
277.000, -3.433e-9
277.250, -3.438e-9
277.500, -3.443e-9
277.750, -3.447e-9
278.000, -3.451e-9
278.250, -3.456e-9
278.500, -3.460e-9
278.750, -3.463e-9
279.000, -3.467e-9
279.250, -3.471e-9
279.500, -3.476e-9
279.750, -3.480e-9
280.000, -3.483e-9
280.250, -3.487e-9
280.500, -3.490e-9
280.750, -3.493e-9
281.000, -3.496e-9
281.250, -3.499e-9
281.500, -3.502e-9
281.750, -3.505e-9
282.000, -3.509e-9
282.250, -3.514e-9
282.500, -3.518e-9
282.750, -3.521e-9
283.000, -3.525e-9
283.250, -3.528e-9
283.500, -3.532e-9
283.750, -3.534e-9
284.000, -3.537e-9
284.250, -3.541e-9
284.500, -3.545e-9
284.750, -3.548e-9
285.000, -3.551e-9
285.250, -3.554e-9
285.500, -3.557e-9
285.750, -3.559e-9
286.000, -3.562e-9
286.250, -3.564e-9
286.500, -3.566e-9
286.750, -3.569e-9
287.000, -3.571e-9
287.250, -3.574e-9
287.500, -3.577e-9
287.750, -3.579e-9
288.000, -3.580e-9
288.250, -3.582e-9
288.500, -3.584e-9
288.750, -3.586e-9
289.000, -3.588e-9
289.250, -3.590e-9
289.500, -3.592e-9
289.750, -3.594e-9
290.000, -3.595e-9
290.250, -3.597e-9
290.500, -3.598e-9
290.750, -3.600e-9
291.000, -3.601e-9
291.250, -3.603e-9
291.500, -3.604e-9
291.750, -3.606e-9
292.000, -3.607e-9
292.250, -3.609e-9
292.500, -3.610e-9
292.750, -3.612e-9
293.000, -3.613e-9
293.250, -3.614e-9
293.500, -3.615e-9
293.750, -3.616e-9
294.000, -3.617e-9
294.250, -3.618e-9
294.500, -3.620e-9
294.750, -3.621e-9
295.000, -3.622e-9
295.250, -3.623e-9
295.500, -3.624e-9
295.750, -3.625e-9
296.000, -3.626e-9
296.250, -3.628e-9
296.500, -3.628e-9
296.750, -3.629e-9
297.000, -3.630e-9
297.250, -3.631e-9
297.500, -3.632e-9
297.750, -3.634e-9
298.000, -3.634e-9
298.250, -3.635e-9
298.500, -3.636e-9
298.750, -3.637e-9
299.000, -3.638e-9
299.250, -3.639e-9
299.500, -3.640e-9
299.750, -3.641e-9
300.000, -3.641e-9
300.250, -3.642e-9
300.500, -3.643e-9
300.750, -3.644e-9
301.000, -3.644e-9
301.250, -3.645e-9
301.500, -3.646e-9
301.750, -3.647e-9
302.000, -3.648e-9
302.250, -3.649e-9
302.500, -3.650e-9
302.750, -3.650e-9
303.000, -3.652e-9
303.250, -3.653e-9
303.500, -3.653e-9
303.750, -3.654e-9
304.000, -3.655e-9
304.250, -3.656e-9
304.500, -3.656e-9
304.750, -3.657e-9
305.000, -3.658e-9
305.250, -3.659e-9
305.500, -3.659e-9
305.750, -3.660e-9
306.000, -3.660e-9
306.250, -3.661e-9
306.500, -3.662e-9
306.750, -3.663e-9
307.000, -3.663e-9
307.250, -3.663e-9
307.500, -3.664e-9
307.750, -3.664e-9
308.000, -3.665e-9
308.250, -3.665e-9
308.500, -3.666e-9
308.750, -3.666e-9
309.000, -3.666e-9
309.250, -3.666e-9
309.500, -3.666e-9
309.750, -3.667e-9
310.000, -3.667e-9
310.250, -3.667e-9
310.500, -3.668e-9
310.750, -3.668e-9
311.000, -3.667e-9
311.250, -3.668e-9
311.500, -3.668e-9
311.750, -3.669e-9
312.000, -3.669e-9
312.250, -3.669e-9
312.500, -3.669e-9
312.750, -3.669e-9
313.000, -3.669e-9
313.250, -3.669e-9
313.500, -3.669e-9
313.750, -3.669e-9
314.000, -3.670e-9
314.250, -3.670e-9
314.500, -3.669e-9
314.750, -3.669e-9
315.000, -3.670e-9
315.250, -3.670e-9
315.500, -3.670e-9
315.750, -3.670e-9
316.000, -3.670e-9
316.250, -3.670e-9
316.500, -3.670e-9
316.750, -3.671e-9
317.000, -3.671e-9
317.250, -3.671e-9
317.500, -3.671e-9
317.750, -3.671e-9
318.000, -3.671e-9
318.250, -3.671e-9
318.500, -3.671e-9
318.750, -3.672e-9
319.000, -3.672e-9
319.250, -3.672e-9
319.500, -3.672e-9
319.750, -3.673e-9
320.000, -3.673e-9
320.250, -3.673e-9
320.500, -3.673e-9
320.750, -3.673e-9
321.000, -3.673e-9
321.250, -3.673e-9
321.500, -3.673e-9
321.750, -3.674e-9
322.000, -3.674e-9
322.250, -3.674e-9
322.500, -3.674e-9
322.750, -3.675e-9
323.000, -3.675e-9
323.250, -3.675e-9
323.500, -3.675e-9
323.750, -3.675e-9
324.000, -3.675e-9
324.250, -3.675e-9
324.500, -3.675e-9
324.750, -3.675e-9
325.000, -3.675e-9
325.250, -3.676e-9
325.500, -3.676e-9
325.750, -3.676e-9
326.000, -3.675e-9
326.250, -3.676e-9
326.500, -3.676e-9
326.750, -3.676e-9
327.000, -3.676e-9
327.250, -3.676e-9
327.500, -3.676e-9
327.750, -3.677e-9
328.000, -3.677e-9
328.250, -3.677e-9
328.500, -3.677e-9
328.750, -3.677e-9
329.000, -3.677e-9
329.250, -3.677e-9
329.500, -3.677e-9
329.750, -3.677e-9
330.000, -3.678e-9
330.250, -3.677e-9
330.500, -3.678e-9
330.750, -3.677e-9
331.000, -3.677e-9
331.250, -3.677e-9
331.500, -3.677e-9
331.750, -3.678e-9
332.000, -3.678e-9
332.250, -3.678e-9
332.500, -3.678e-9
332.750, -3.678e-9
333.000, -3.678e-9
333.250, -3.678e-9
333.500, -3.678e-9
333.750, -3.678e-9
334.000, -3.678e-9
334.250, -3.678e-9
334.500, -3.678e-9
334.750, -3.679e-9
335.000, -3.678e-9
335.250, -3.678e-9
335.500, -3.679e-9
335.750, -3.678e-9
336.000, -3.678e-9
336.250, -3.679e-9
336.500, -3.678e-9
336.750, -3.678e-9
337.000, -3.678e-9
337.250, -3.679e-9
337.500, -3.679e-9
337.750, -3.679e-9
338.000, -3.679e-9
338.250, -3.679e-9
338.500, -3.679e-9
338.750, -3.679e-9
339.000, -3.679e-9
339.250, -3.679e-9
339.500, -3.679e-9
339.750, -3.679e-9
340.000, -3.679e-9
340.250, -3.679e-9
340.500, -3.679e-9
340.750, -3.679e-9
341.000, -3.679e-9
341.250, -3.679e-9
341.500, -3.678e-9
341.750, -3.678e-9
342.000, -3.679e-9
342.250, -3.679e-9
342.500, -3.679e-9
342.750, -3.679e-9
343.000, -3.679e-9
343.250, -3.679e-9
343.500, -3.680e-9
343.750, -3.679e-9
344.000, -3.679e-9
344.250, -3.678e-9
344.500, -3.679e-9
344.750, -3.679e-9
345.000, -3.678e-9
345.250, -3.679e-9
345.500, -3.680e-9
345.750, -3.680e-9
346.000, -3.679e-9
346.250, -3.679e-9
346.500, -3.679e-9
346.750, -3.680e-9
347.000, -3.679e-9
347.250, -3.680e-9
347.500, -3.680e-9
347.750, -3.680e-9
348.000, -3.680e-9
348.250, -3.680e-9
348.500, -3.681e-9
348.750, -3.680e-9
349.000, -3.680e-9
349.250, -3.681e-9
349.500, -3.681e-9
349.750, -3.681e-9
350.000, -3.681e-9
350.250, -3.681e-9
350.500, -3.681e-9
350.750, -3.682e-9
351.000, -3.682e-9
351.250, -3.682e-9
351.500, -3.682e-9
351.750, -3.681e-9
352.000, -3.681e-9
352.250, -3.682e-9
352.500, -3.682e-9
352.750, -3.682e-9
353.000, -3.682e-9
353.250, -3.682e-9
353.500, -3.681e-9
353.750, -3.682e-9
354.000, -3.681e-9
354.250, -3.681e-9
354.500, -3.681e-9
354.750, -3.681e-9
355.000, -3.682e-9
355.250, -3.681e-9
355.500, -3.681e-9
355.750, -3.680e-9
356.000, -3.680e-9
356.250, -3.680e-9
356.500, -3.679e-9
356.750, -3.679e-9
357.000, -3.679e-9
357.250, -3.679e-9
357.500, -3.678e-9
357.750, -3.678e-9
358.000, -3.678e-9
358.250, -3.677e-9
358.500, -3.677e-9
358.750, -3.677e-9
359.000, -3.676e-9
359.250, -3.675e-9
359.500, -3.675e-9
359.750, -3.675e-9
360.000, -3.675e-9
360.250, -3.675e-9
360.500, -3.675e-9
360.750, -3.674e-9
361.000, -3.674e-9
361.250, -3.674e-9
361.500, -3.675e-9
361.750, -3.674e-9
362.000, -3.674e-9
362.250, -3.674e-9
362.500, -3.674e-9
362.750, -3.674e-9
363.000, -3.675e-9
363.250, -3.675e-9
363.500, -3.675e-9
363.750, -3.675e-9
364.000, -3.675e-9
364.250, -3.675e-9
364.500, -3.675e-9
364.750, -3.676e-9
365.000, -3.676e-9
365.250, -3.676e-9
365.500, -3.676e-9
365.750, -3.676e-9
366.000, -3.676e-9
366.250, -3.677e-9
366.500, -3.677e-9
366.750, -3.677e-9
367.000, -3.677e-9
367.250, -3.677e-9
367.500, -3.677e-9
367.750, -3.677e-9
368.000, -3.678e-9
368.250, -3.678e-9
368.500, -3.678e-9
368.750, -3.678e-9
369.000, -3.677e-9
369.250, -3.678e-9
369.500, -3.678e-9
369.750, -3.678e-9
370.000, -3.678e-9
370.250, -3.678e-9
370.500, -3.678e-9
370.750, -3.678e-9
371.000, -3.678e-9
371.250, -3.678e-9
371.500, -3.677e-9
371.750, -3.678e-9
372.000, -3.678e-9
372.250, -3.678e-9
372.500, -3.678e-9
372.750, -3.678e-9
373.000, -3.678e-9
373.250, -3.677e-9
373.500, -3.677e-9
373.750, -3.677e-9
374.000, -3.677e-9
374.250, -3.677e-9
374.500, -3.677e-9
374.750, -3.677e-9
375.000, -3.678e-9
375.250, -3.677e-9
375.500, -3.677e-9
375.750, -3.676e-9
376.000, -3.676e-9
376.250, -3.676e-9
376.500, -3.676e-9
376.750, -3.676e-9
377.000, -3.676e-9
377.250, -3.675e-9
377.500, -3.675e-9
377.750, -3.676e-9
378.000, -3.676e-9
378.250, -3.676e-9
378.500, -3.675e-9
378.750, -3.676e-9
379.000, -3.675e-9
379.250, -3.675e-9
379.500, -3.675e-9
379.750, -3.675e-9
380.000, -3.675e-9
380.250, -3.675e-9
380.500, -3.675e-9
380.750, -3.675e-9
381.000, -3.675e-9
381.250, -3.675e-9
381.500, -3.675e-9
381.750, -3.675e-9
382.000, -3.675e-9
382.250, -3.675e-9
382.500, -3.675e-9
382.750, -3.675e-9
383.000, -3.675e-9
383.250, -3.675e-9
383.500, -3.675e-9
383.750, -3.675e-9
384.000, -3.675e-9
384.250, -3.675e-9
384.500, -3.675e-9
384.750, -3.676e-9
385.000, -3.676e-9
385.250, -3.675e-9
385.500, -3.674e-9
385.750, -3.675e-9
386.000, -3.675e-9
386.250, -3.675e-9
386.500, -3.675e-9
386.750, -3.675e-9
387.000, -3.674e-9
387.250, -3.675e-9
387.500, -3.675e-9
387.750, -3.675e-9
388.000, -3.674e-9
388.250, -3.674e-9
388.500, -3.674e-9
388.750, -3.674e-9
389.000, -3.674e-9
389.250, -3.673e-9
389.500, -3.673e-9
389.750, -3.673e-9
390.000, -3.673e-9
390.250, -3.673e-9
390.500, -3.674e-9
390.750, -3.674e-9
391.000, -3.673e-9
391.250, -3.673e-9
391.500, -3.673e-9
391.750, -3.673e-9
392.000, -3.673e-9
392.250, -3.673e-9
392.500, -3.673e-9
392.750, -3.673e-9
393.000, -3.673e-9
393.250, -3.673e-9
393.500, -3.673e-9
393.750, -3.673e-9
394.000, -3.674e-9
394.250, -3.673e-9
394.500, -3.673e-9
394.750, -3.673e-9
395.000, -3.673e-9
395.250, -3.673e-9
395.500, -3.674e-9
395.750, -3.674e-9
396.000, -3.673e-9
396.250, -3.673e-9
396.500, -3.673e-9
396.750, -3.673e-9
397.000, -3.673e-9
397.250, -3.674e-9
397.500, -3.673e-9
397.750, -3.673e-9
398.000, -3.673e-9
398.250, -3.673e-9
398.500, -3.673e-9
398.750, -3.673e-9
399.000, -3.672e-9
399.250, -3.673e-9
399.500, -3.672e-9
399.750, -3.672e-9
400.000, -3.672e-9
400.250, -3.672e-9
400.500, -3.672e-9
400.750, -3.672e-9
401.000, -3.672e-9
401.250, -3.672e-9
401.500, -3.672e-9
401.750, -3.671e-9
402.000, -3.672e-9
402.250, -3.671e-9
402.500, -3.671e-9
402.750, -3.671e-9
403.000, -3.672e-9
403.250, -3.671e-9
403.500, -3.671e-9
403.750, -3.671e-9
404.000, -3.671e-9
404.250, -3.671e-9
404.500, -3.671e-9
404.750, -3.670e-9
405.000, -3.670e-9
405.250, -3.670e-9
405.500, -3.671e-9
405.750, -3.671e-9
406.000, -3.670e-9
406.250, -3.670e-9
406.500, -3.670e-9
406.750, -3.669e-9
407.000, -3.669e-9
407.250, -3.670e-9
407.500, -3.670e-9
407.750, -3.669e-9
408.000, -3.669e-9
408.250, -3.669e-9
408.500, -3.669e-9
408.750, -3.668e-9
409.000, -3.668e-9
409.250, -3.667e-9
409.500, -3.668e-9
409.750, -3.667e-9
410.000, -3.667e-9
410.250, -3.667e-9
410.500, -3.667e-9
410.750, -3.667e-9
411.000, -3.666e-9
411.250, -3.666e-9
411.500, -3.666e-9
411.750, -3.665e-9
412.000, -3.665e-9
412.250, -3.666e-9
412.500, -3.666e-9
412.750, -3.665e-9
413.000, -3.666e-9
413.250, -3.666e-9
413.500, -3.665e-9
413.750, -3.665e-9
414.000, -3.665e-9
414.250, -3.665e-9
414.500, -3.664e-9
414.750, -3.665e-9
415.000, -3.665e-9
415.250, -3.665e-9
415.500, -3.665e-9
415.750, -3.665e-9
416.000, -3.665e-9
416.250, -3.665e-9
416.500, -3.665e-9
416.750, -3.665e-9
417.000, -3.665e-9
417.250, -3.665e-9
417.500, -3.665e-9
417.750, -3.665e-9
418.000, -3.665e-9
418.250, -3.665e-9
418.500, -3.666e-9
418.750, -3.665e-9
419.000, -3.665e-9
419.250, -3.665e-9
419.500, -3.665e-9
419.750, -3.665e-9
420.000, -3.665e-9
420.250, -3.665e-9
420.500, -3.666e-9
420.750, -3.666e-9
421.000, -3.666e-9
421.250, -3.666e-9
421.500, -3.666e-9
421.750, -3.666e-9
422.000, -3.666e-9
422.250, -3.666e-9
422.500, -3.665e-9
422.750, -3.666e-9
423.000, -3.666e-9
423.250, -3.666e-9
423.500, -3.665e-9
423.750, -3.666e-9
424.000, -3.665e-9
424.250, -3.665e-9
424.500, -3.666e-9
424.750, -3.665e-9
425.000, -3.665e-9
425.250, -3.665e-9
425.500, -3.666e-9
425.750, -3.665e-9
426.000, -3.665e-9
426.250, -3.665e-9
426.500, -3.665e-9
426.750, -3.664e-9
427.000, -3.664e-9
427.250, -3.664e-9
427.500, -3.664e-9
427.750, -3.664e-9
428.000, -3.664e-9
428.250, -3.664e-9
428.500, -3.664e-9
428.750, -3.664e-9
429.000, -3.663e-9
429.250, -3.663e-9
429.500, -3.663e-9
429.750, -3.663e-9
430.000, -3.663e-9
430.250, -3.663e-9
430.500, -3.664e-9
430.750, -3.663e-9
431.000, -3.663e-9
431.250, -3.663e-9
431.500, -3.663e-9
431.750, -3.663e-9
432.000, -3.663e-9
432.250, -3.664e-9
432.500, -3.663e-9
432.750, -3.664e-9
433.000, -3.663e-9
433.250, -3.663e-9
433.500, -3.664e-9
433.750, -3.664e-9
434.000, -3.664e-9
434.250, -3.664e-9
434.500, -3.664e-9
434.750, -3.664e-9
435.000, -3.664e-9
435.250, -3.664e-9
435.500, -3.664e-9
435.750, -3.665e-9
436.000, -3.665e-9
436.250, -3.665e-9
436.500, -3.664e-9
436.750, -3.664e-9
437.000, -3.664e-9
437.250, -3.664e-9
437.500, -3.664e-9
437.750, -3.664e-9
438.000, -3.664e-9
438.250, -3.664e-9
438.500, -3.664e-9
438.750, -3.664e-9
439.000, -3.664e-9
439.250, -3.663e-9
439.500, -3.663e-9
439.750, -3.663e-9
440.000, -3.664e-9
440.250, -3.663e-9
440.500, -3.663e-9
440.750, -3.663e-9
441.000, -3.663e-9
441.250, -3.663e-9
441.500, -3.662e-9
441.750, -3.662e-9
442.000, -3.662e-9
442.250, -3.662e-9
442.500, -3.662e-9
442.750, -3.661e-9
443.000, -3.661e-9
443.250, -3.661e-9
443.500, -3.661e-9
443.750, -3.661e-9
444.000, -3.660e-9
444.250, -3.660e-9
444.500, -3.660e-9
444.750, -3.659e-9
445.000, -3.659e-9
445.250, -3.659e-9
445.500, -3.659e-9
445.750, -3.658e-9
446.000, -3.658e-9
446.250, -3.657e-9
446.500, -3.657e-9
446.750, -3.656e-9
447.000, -3.656e-9
447.250, -3.655e-9
447.500, -3.655e-9
447.750, -3.655e-9
448.000, -3.654e-9
448.250, -3.654e-9
448.500, -3.653e-9
448.750, -3.652e-9
449.000, -3.651e-9
449.250, -3.651e-9
449.500, -3.650e-9
449.750, -3.650e-9
450.000, -3.649e-9
450.250, -3.649e-9
450.500, -3.648e-9
450.750, -3.647e-9
451.000, -3.647e-9
451.250, -3.645e-9
451.500, -3.645e-9
451.750, -3.645e-9
452.000, -3.644e-9
452.250, -3.643e-9
452.500, -3.642e-9
452.750, -3.641e-9
453.000, -3.641e-9
453.250, -3.640e-9
453.500, -3.640e-9
453.750, -3.639e-9
454.000, -3.638e-9
454.250, -3.637e-9
454.500, -3.637e-9
454.750, -3.636e-9
455.000, -3.636e-9
455.250, -3.635e-9
455.500, -3.634e-9
455.750, -3.633e-9
456.000, -3.632e-9
456.250, -3.631e-9
456.500, -3.630e-9
456.750, -3.629e-9
457.000, -3.628e-9
457.250, -3.627e-9
457.500, -3.626e-9
457.750, -3.625e-9
458.000, -3.624e-9
458.250, -3.622e-9
458.500, -3.621e-9
458.750, -3.620e-9
459.000, -3.618e-9
459.250, -3.617e-9
459.500, -3.615e-9
459.750, -3.613e-9
460.000, -3.612e-9
460.250, -3.610e-9
460.500, -3.608e-9
460.750, -3.607e-9
461.000, -3.606e-9
461.250, -3.604e-9
461.500, -3.602e-9
461.750, -3.601e-9
462.000, -3.599e-9
462.250, -3.597e-9
462.500, -3.594e-9
462.750, -3.592e-9
463.000, -3.590e-9
463.250, -3.589e-9
463.500, -3.587e-9
463.750, -3.584e-9
464.000, -3.582e-9
464.250, -3.579e-9
464.500, -3.577e-9
464.750, -3.575e-9
465.000, -3.572e-9
465.250, -3.569e-9
465.500, -3.566e-9
465.750, -3.564e-9
466.000, -3.561e-9
466.250, -3.557e-9
466.500, -3.555e-9
466.750, -3.552e-9
467.000, -3.549e-9
467.250, -3.545e-9
467.500, -3.542e-9
467.750, -3.539e-9
468.000, -3.535e-9
468.250, -3.532e-9
468.500, -3.529e-9
468.750, -3.525e-9
469.000, -3.522e-9
469.250, -3.519e-9
469.500, -3.514e-9
469.750, -3.511e-9
470.000, -3.507e-9
470.250, -3.504e-9
470.500, -3.500e-9
470.750, -3.496e-9
471.000, -3.492e-9
471.250, -3.489e-9
471.500, -3.485e-9
471.750, -3.482e-9
472.000, -3.477e-9
472.250, -3.473e-9
472.500, -3.468e-9
472.750, -3.463e-9
473.000, -3.459e-9
473.250, -3.455e-9
473.500, -3.450e-9
473.750, -3.446e-9
474.000, -3.443e-9
474.250, -3.439e-9
474.500, -3.433e-9
474.750, -3.427e-9
475.000, -3.422e-9
475.250, -3.417e-9
475.500, -3.412e-9
475.750, -3.406e-9
476.000, -3.401e-9
476.250, -3.397e-9
476.500, -3.391e-9
476.750, -3.386e-9
477.000, -3.380e-9
477.250, -3.374e-9
477.500, -3.368e-9
477.750, -3.362e-9
478.000, -3.357e-9
478.250, -3.351e-9
478.500, -3.345e-9
478.750, -3.340e-9
479.000, -3.336e-9
479.250, -3.329e-9
479.500, -3.322e-9
479.750, -3.317e-9
480.000, -3.312e-9
480.250, -3.307e-9
480.500, -3.301e-9
480.750, -3.296e-9
481.000, -3.292e-9
481.250, -3.287e-9
481.500, -3.281e-9
481.750, -3.276e-9
482.000, -3.270e-9
482.250, -3.264e-9
482.500, -3.258e-9
482.750, -3.252e-9
483.000, -3.247e-9
483.250, -3.241e-9
483.500, -3.235e-9
483.750, -3.230e-9
484.000, -3.225e-9
484.250, -3.219e-9
484.500, -3.213e-9
484.750, -3.206e-9
485.000, -3.200e-9
485.250, -3.195e-9
485.500, -3.188e-9
485.750, -3.182e-9
486.000, -3.177e-9
486.250, -3.172e-9
486.500, -3.166e-9
486.750, -3.160e-9
487.000, -3.154e-9
487.250, -3.148e-9
487.500, -3.141e-9
487.750, -3.135e-9
488.000, -3.129e-9
488.250, -3.124e-9
488.500, -3.118e-9
488.750, -3.113e-9
489.000, -3.107e-9
489.250, -3.101e-9
489.500, -3.096e-9
489.750, -3.091e-9
490.000, -3.085e-9
490.250, -3.080e-9
490.500, -3.075e-9
490.750, -3.071e-9
491.000, -3.065e-9
491.250, -3.061e-9
491.500, -3.057e-9
491.750, -3.052e-9
492.000, -3.045e-9
492.250, -3.040e-9
492.500, -3.035e-9
492.750, -3.030e-9
493.000, -3.025e-9
493.250, -3.020e-9
493.500, -3.015e-9
493.750, -3.010e-9
494.000, -3.006e-9
494.250, -3.001e-9
494.500, -2.995e-9
494.750, -2.989e-9
495.000, -2.985e-9
495.250, -2.980e-9
495.500, -2.976e-9
495.750, -2.971e-9
496.000, -2.966e-9
496.250, -2.963e-9
496.500, -2.958e-9
496.750, -2.953e-9
497.000, -2.949e-9
497.250, -2.945e-9
497.500, -2.941e-9
497.750, -2.936e-9
498.000, -2.931e-9
498.250, -2.927e-9
498.500, -2.924e-9
498.750, -2.920e-9
499.000, -2.916e-9
499.250, -2.911e-9
499.500, -2.908e-9
499.750, -2.904e-9
500.000, -2.900e-9
