Distance/um, Current/A

0.500, -2.230e-9
1.000, -2.228e-9
1.500, -2.227e-9
2.000, -2.226e-9
2.500, -2.224e-9
3.000, -2.222e-9
3.500, -2.220e-9
4.000, -2.218e-9
4.500, -2.218e-9
5.000, -2.217e-9
5.500, -2.217e-9
6.000, -2.216e-9
6.500, -2.215e-9
7.000, -2.215e-9
7.500, -2.215e-9
8.000, -2.215e-9
8.500, -2.215e-9
9.000, -2.214e-9
9.500, -2.214e-9
10.000, -2.215e-9
10.500, -2.215e-9
11.000, -2.215e-9
11.500, -2.215e-9
12.000, -2.215e-9
12.500, -2.214e-9
13.000, -2.215e-9
13.500, -2.215e-9
14.000, -2.215e-9
14.500, -2.216e-9
15.000, -2.215e-9
15.500, -2.215e-9
16.000, -2.215e-9
16.500, -2.215e-9
17.000, -2.215e-9
17.500, -2.215e-9
18.000, -2.215e-9
18.500, -2.214e-9
19.000, -2.212e-9
19.500, -2.210e-9
20.000, -2.207e-9
20.500, -2.205e-9
21.000, -2.204e-9
21.500, -2.203e-9
22.000, -2.202e-9
22.500, -2.202e-9
23.000, -2.201e-9
23.500, -2.200e-9
24.000, -2.199e-9
24.500, -2.196e-9
25.000, -2.196e-9
25.500, -2.195e-9
26.000, -2.194e-9
26.500, -2.194e-9
27.000, -2.192e-9
27.500, -2.191e-9
28.000, -2.191e-9
28.500, -2.190e-9
29.000, -2.190e-9
29.500, -2.189e-9
30.000, -2.188e-9
30.500, -2.188e-9
31.000, -2.187e-9
31.500, -2.187e-9
32.000, -2.186e-9
32.500, -2.186e-9
33.000, -2.186e-9
33.500, -2.186e-9
34.000, -2.185e-9
34.500, -2.185e-9
35.000, -2.183e-9
35.500, -2.183e-9
36.000, -2.181e-9
36.500, -2.180e-9
37.000, -2.178e-9
37.500, -2.176e-9
38.000, -2.175e-9
38.500, -2.173e-9
39.000, -2.172e-9
39.500, -2.170e-9
40.000, -2.169e-9
40.500, -2.168e-9
41.000, -2.166e-9
41.500, -2.165e-9
42.000, -2.163e-9
42.500, -2.161e-9
43.000, -2.160e-9
43.500, -2.158e-9
44.000, -2.156e-9
44.500, -2.154e-9
45.000, -2.152e-9
45.500, -2.150e-9
46.000, -2.148e-9
46.500, -2.145e-9
47.000, -2.143e-9
47.500, -2.141e-9
48.000, -2.140e-9
48.500, -2.139e-9
49.000, -2.137e-9
49.500, -2.135e-9
50.000, -2.134e-9
50.500, -2.133e-9
51.000, -2.132e-9
51.500, -2.131e-9
52.000, -2.129e-9
52.500, -2.129e-9
53.000, -2.128e-9
53.500, -2.128e-9
54.000, -2.126e-9
54.500, -2.124e-9
55.000, -2.124e-9
55.500, -2.123e-9
56.000, -2.122e-9
56.500, -2.120e-9
57.000, -2.118e-9
57.500, -2.117e-9
58.000, -2.116e-9
58.500, -2.116e-9
59.000, -2.115e-9
59.500, -2.113e-9
60.000, -2.113e-9
60.500, -2.112e-9
61.000, -2.111e-9
61.500, -2.110e-9
62.000, -2.108e-9
62.500, -2.107e-9
63.000, -2.107e-9
63.500, -2.106e-9
64.000, -2.104e-9
64.500, -2.103e-9
65.000, -2.101e-9
65.500, -2.100e-9
66.000, -2.099e-9
66.500, -2.098e-9
67.000, -2.096e-9
67.500, -2.095e-9
68.000, -2.095e-9
68.500, -2.094e-9
69.000, -2.092e-9
69.500, -2.090e-9
70.000, -2.090e-9
70.500, -2.090e-9
71.000, -2.090e-9
71.500, -2.090e-9
72.000, -2.088e-9
72.500, -2.087e-9
73.000, -2.085e-9
73.500, -2.083e-9
74.000, -2.081e-9
74.500, -2.083e-9
75.000, -2.085e-9
75.500, -2.084e-9
76.000, -2.083e-9
76.500, -2.082e-9
77.000, -2.080e-9
77.500, -2.079e-9
78.000, -2.079e-9
78.500, -2.079e-9
79.000, -2.078e-9
79.500, -2.077e-9
80.000, -2.076e-9
80.500, -2.076e-9
81.000, -2.075e-9
81.500, -2.074e-9
82.000, -2.072e-9
82.500, -2.072e-9
83.000, -2.072e-9
83.500, -2.071e-9
84.000, -2.069e-9
84.500, -2.066e-9
85.000, -2.065e-9
85.500, -2.064e-9
86.000, -2.062e-9
86.500, -2.060e-9
87.000, -2.058e-9
87.500, -2.057e-9
88.000, -2.056e-9
88.500, -2.055e-9
89.000, -2.054e-9
89.500, -2.052e-9
90.000, -2.051e-9
90.500, -2.051e-9
91.000, -2.050e-9
91.500, -2.048e-9
92.000, -2.047e-9
92.500, -2.046e-9
93.000, -2.047e-9
93.500, -2.046e-9
94.000, -2.045e-9
94.500, -2.044e-9
95.000, -2.043e-9
95.500, -2.044e-9
96.000, -2.043e-9
96.500, -2.042e-9
97.000, -2.040e-9
97.500, -2.040e-9
98.000, -2.040e-9
98.500, -2.039e-9
99.000, -2.037e-9
99.500, -2.036e-9
100.000, -2.034e-9
100.500, -2.033e-9
101.000, -2.031e-9
101.500, -2.029e-9
102.000, -2.026e-9
102.500, -2.025e-9
103.000, -2.024e-9
103.500, -2.022e-9
104.000, -2.020e-9
104.500, -2.017e-9
105.000, -2.017e-9
105.500, -2.016e-9
106.000, -2.015e-9
106.500, -2.013e-9
107.000, -2.011e-9
107.500, -2.010e-9
108.000, -2.011e-9
108.500, -2.010e-9
109.000, -2.009e-9
109.500, -2.008e-9
110.000, -2.007e-9
110.500, -2.006e-9
111.000, -2.005e-9
111.500, -2.004e-9
112.000, -2.002e-9
112.500, -2.001e-9
113.000, -2.001e-9
113.500, -2.001e-9
114.000, -1.999e-9
114.500, -1.997e-9
115.000, -1.997e-9
115.500, -1.996e-9
116.000, -1.996e-9
116.500, -1.995e-9
117.000, -1.995e-9
117.500, -1.995e-9
118.000, -1.996e-9
118.500, -1.997e-9
119.000, -1.996e-9
119.500, -1.995e-9
120.000, -1.995e-9
120.500, -1.996e-9
121.000, -1.996e-9
121.500, -1.996e-9
122.000, -1.995e-9
122.500, -1.996e-9
123.000, -1.998e-9
123.500, -1.999e-9
124.000, -1.999e-9
124.500, -1.999e-9
125.000, -1.999e-9
125.500, -2.000e-9
126.000, -1.999e-9
126.500, -1.999e-9
127.000, -1.997e-9
127.500, -1.998e-9
128.000, -1.999e-9
128.500, -1.998e-9
129.000, -1.997e-9
129.500, -1.996e-9
130.000, -1.995e-9
130.500, -1.995e-9
131.000, -1.995e-9
131.500, -1.994e-9
132.000, -1.992e-9
132.500, -1.993e-9
133.000, -1.995e-9
133.500, -1.994e-9
134.000, -1.993e-9
134.500, -1.992e-9
135.000, -1.991e-9
135.500, -1.991e-9
136.000, -1.990e-9
136.500, -1.990e-9
137.000, -1.989e-9
137.500, -1.988e-9
138.000, -1.989e-9
138.500, -1.989e-9
139.000, -1.988e-9
139.500, -1.987e-9
140.000, -1.988e-9
140.500, -1.988e-9
141.000, -1.988e-9
141.500, -1.987e-9
142.000, -1.986e-9
142.500, -1.986e-9
143.000, -1.987e-9
143.500, -1.988e-9
144.000, -1.988e-9
144.500, -1.988e-9
145.000, -1.989e-9
145.500, -1.991e-9
146.000, -1.991e-9
146.500, -1.990e-9
147.000, -1.990e-9
147.500, -1.990e-9
148.000, -1.990e-9
148.500, -1.991e-9
149.000, -1.991e-9
149.500, -1.990e-9
150.000, -1.991e-9
150.500, -1.992e-9
151.000, -1.993e-9
151.500, -1.993e-9
152.000, -1.993e-9
152.500, -1.995e-9
153.000, -1.997e-9
153.500, -1.999e-9
154.000, -2.000e-9
154.500, -1.999e-9
155.000, -1.999e-9
155.500, -2.000e-9
156.000, -2.000e-9
156.500, -1.998e-9
157.000, -1.996e-9
157.500, -1.994e-9
158.000, -1.992e-9
158.500, -1.991e-9
159.000, -1.988e-9
159.500, -1.986e-9
160.000, -1.983e-9
160.500, -1.981e-9
161.000, -1.979e-9
161.500, -1.976e-9
162.000, -1.973e-9
162.500, -1.972e-9
163.000, -1.972e-9
163.500, -1.971e-9
164.000, -1.969e-9
164.500, -1.967e-9
165.000, -1.966e-9
165.500, -1.965e-9
166.000, -1.964e-9
166.500, -1.961e-9
167.000, -1.958e-9
167.500, -1.957e-9
168.000, -1.957e-9
168.500, -1.956e-9
169.000, -1.955e-9
169.500, -1.953e-9
170.000, -1.953e-9
170.500, -1.951e-9
171.000, -1.950e-9
171.500, -1.949e-9
172.000, -1.947e-9
172.500, -1.947e-9
173.000, -1.946e-9
173.500, -1.945e-9
174.000, -1.943e-9
174.500, -1.941e-9
175.000, -1.939e-9
175.500, -1.938e-9
176.000, -1.937e-9
176.500, -1.935e-9
177.000, -1.934e-9
177.500, -1.934e-9
178.000, -1.934e-9
178.500, -1.933e-9
179.000, -1.932e-9
179.500, -1.930e-9
180.000, -1.931e-9
180.500, -1.931e-9
181.000, -1.930e-9
181.500, -1.928e-9
182.000, -1.927e-9
182.500, -1.925e-9
183.000, -1.926e-9
183.500, -1.925e-9
184.000, -1.924e-9
184.500, -1.922e-9
185.000, -1.923e-9
185.500, -1.924e-9
186.000, -1.923e-9
186.500, -1.922e-9
187.000, -1.921e-9
187.500, -1.921e-9
188.000, -1.923e-9
188.500, -1.923e-9
189.000, -1.924e-9
189.500, -1.926e-9
190.000, -1.928e-9
190.500, -1.930e-9
191.000, -1.930e-9
191.500, -1.931e-9
192.000, -1.931e-9
192.500, -1.932e-9
193.000, -1.933e-9
193.500, -1.933e-9
194.000, -1.933e-9
194.500, -1.931e-9
195.000, -1.929e-9
195.500, -1.929e-9
196.000, -1.926e-9
196.500, -1.925e-9
197.000, -1.922e-9
197.500, -1.921e-9
198.000, -1.920e-9
198.500, -1.918e-9
199.000, -1.917e-9
199.500, -1.915e-9
200.000, -1.914e-9
200.500, -1.915e-9
201.000, -1.914e-9
201.500, -1.913e-9
202.000, -1.914e-9
202.500, -1.916e-9
203.000, -1.919e-9
203.500, -1.922e-9
204.000, -1.922e-9
204.500, -1.922e-9
205.000, -1.924e-9
205.500, -1.926e-9
206.000, -1.928e-9
206.500, -1.930e-9
207.000, -1.932e-9
207.500, -1.933e-9
208.000, -1.937e-9
208.500, -1.939e-9
209.000, -1.940e-9
209.500, -1.942e-9
210.000, -1.945e-9
210.500, -1.947e-9
211.000, -1.948e-9
211.500, -1.949e-9
212.000, -1.949e-9
212.500, -1.952e-9
213.000, -1.956e-9
213.500, -1.959e-9
214.000, -1.961e-9
214.500, -1.962e-9
215.000, -1.966e-9
215.500, -1.970e-9
216.000, -1.972e-9
216.500, -1.973e-9
217.000, -1.974e-9
217.500, -1.976e-9
218.000, -1.979e-9
218.500, -1.981e-9
219.000, -1.983e-9
219.500, -1.984e-9
220.000, -1.986e-9
220.500, -1.989e-9
221.000, -1.991e-9
221.500, -1.994e-9
222.000, -1.996e-9
222.500, -2.002e-9
223.000, -2.009e-9
223.500, -2.015e-9
224.000, -2.020e-9
224.500, -2.025e-9
225.000, -2.032e-9
225.500, -2.041e-9
226.000, -2.049e-9
226.500, -2.056e-9
227.000, -2.063e-9
227.500, -2.073e-9
228.000, -2.086e-9
228.500, -2.099e-9
229.000, -2.111e-9
229.500, -2.123e-9
230.000, -2.136e-9
230.500, -2.150e-9
231.000, -2.163e-9
231.500, -2.175e-9
232.000, -2.187e-9
232.500, -2.199e-9
233.000, -2.214e-9
233.500, -2.228e-9
234.000, -2.241e-9
234.500, -2.255e-9
235.000, -2.271e-9
235.500, -2.290e-9
236.000, -2.310e-9
236.500, -2.328e-9
237.000, -2.345e-9
237.500, -2.367e-9
238.000, -2.393e-9
238.500, -2.420e-9
239.000, -2.445e-9
239.500, -2.470e-9
240.000, -2.500e-9
240.500, -2.534e-9
241.000, -2.567e-9
241.500, -2.598e-9
242.000, -2.628e-9
242.500, -2.663e-9
243.000, -2.708e-9
243.500, -2.753e-9
244.000, -2.792e-9
244.500, -2.830e-9
245.000, -2.874e-9
245.500, -2.923e-9
246.000, -2.967e-9
246.500, -3.007e-9
247.000, -3.042e-9
247.500, -3.079e-9
248.000, -3.122e-9
248.500, -3.161e-9
249.000, -3.195e-9
249.500, -3.230e-9
250.000, -3.267e-9
250.500, -3.306e-9
251.000, -3.342e-9
251.500, -3.376e-9
252.000, -3.407e-9
252.500, -3.444e-9
253.000, -3.489e-9
253.500, -3.530e-9
254.000, -3.564e-9
254.500, -3.595e-9
255.000, -3.629e-9
255.500, -3.665e-9
256.000, -3.696e-9
256.500, -3.723e-9
257.000, -3.745e-9
257.500, -3.768e-9
258.000, -3.792e-9
258.500, -3.815e-9
259.000, -3.835e-9
259.500, -3.852e-9
260.000, -3.870e-9
260.500, -3.886e-9
261.000, -3.900e-9
261.500, -3.913e-9
262.000, -3.924e-9
262.500, -3.936e-9
263.000, -3.948e-9
263.500, -3.959e-9
264.000, -3.968e-9
264.500, -3.976e-9
265.000, -3.984e-9
265.500, -3.992e-9
266.000, -3.999e-9
266.500, -4.005e-9
267.000, -4.011e-9
267.500, -4.018e-9
268.000, -4.024e-9
268.500, -4.030e-9
269.000, -4.035e-9
269.500, -4.041e-9
270.000, -4.046e-9
270.500, -4.053e-9
271.000, -4.058e-9
271.500, -4.063e-9
272.000, -4.068e-9
272.500, -4.072e-9
273.000, -4.078e-9
273.500, -4.082e-9
274.000, -4.086e-9
274.500, -4.090e-9
275.000, -4.094e-9
275.500, -4.098e-9
276.000, -4.102e-9
276.500, -4.105e-9
277.000, -4.108e-9
277.500, -4.111e-9
278.000, -4.114e-9
278.500, -4.118e-9
279.000, -4.122e-9
279.500, -4.125e-9
280.000, -4.129e-9
280.500, -4.133e-9
281.000, -4.137e-9
281.500, -4.141e-9
282.000, -4.144e-9
282.500, -4.148e-9
283.000, -4.153e-9
283.500, -4.158e-9
284.000, -4.162e-9
284.500, -4.165e-9
285.000, -4.170e-9
285.500, -4.175e-9
286.000, -4.180e-9
286.500, -4.185e-9
287.000, -4.189e-9
287.500, -4.193e-9
288.000, -4.198e-9
288.500, -4.203e-9
289.000, -4.209e-9
289.500, -4.213e-9
290.000, -4.218e-9
290.500, -4.223e-9
291.000, -4.228e-9
291.500, -4.232e-9
292.000, -4.236e-9
292.500, -4.242e-9
293.000, -4.247e-9
293.500, -4.253e-9
294.000, -4.259e-9
294.500, -4.263e-9
295.000, -4.269e-9
295.500, -4.276e-9
296.000, -4.282e-9
296.500, -4.288e-9
297.000, -4.293e-9
297.500, -4.298e-9
298.000, -4.306e-9
298.500, -4.313e-9
299.000, -4.320e-9
299.500, -4.326e-9
300.000, -4.333e-9
300.500, -4.340e-9
301.000, -4.346e-9
301.500, -4.352e-9
302.000, -4.357e-9
302.500, -4.362e-9
303.000, -4.369e-9
303.500, -4.376e-9
304.000, -4.381e-9
304.500, -4.384e-9
305.000, -4.388e-9
305.500, -4.394e-9
306.000, -4.398e-9
306.500, -4.400e-9
307.000, -4.403e-9
307.500, -4.407e-9
308.000, -4.409e-9
308.500, -4.413e-9
309.000, -4.416e-9
309.500, -4.419e-9
310.000, -4.422e-9
310.500, -4.425e-9
311.000, -4.428e-9
311.500, -4.430e-9
312.000, -4.431e-9
312.500, -4.433e-9
313.000, -4.435e-9
313.500, -4.436e-9
314.000, -4.437e-9
314.500, -4.438e-9
315.000, -4.439e-9
315.500, -4.439e-9
316.000, -4.438e-9
316.500, -4.437e-9
317.000, -4.436e-9
317.500, -4.434e-9
318.000, -4.431e-9
318.500, -4.428e-9
319.000, -4.425e-9
319.500, -4.423e-9
320.000, -4.421e-9
320.500, -4.418e-9
321.000, -4.416e-9
321.500, -4.414e-9
322.000, -4.412e-9
322.500, -4.410e-9
323.000, -4.408e-9
323.500, -4.407e-9
324.000, -4.406e-9
324.500, -4.406e-9
325.000, -4.407e-9
325.500, -4.409e-9
326.000, -4.410e-9
326.500, -4.412e-9
327.000, -4.414e-9
327.500, -4.415e-9
328.000, -4.417e-9
328.500, -4.419e-9
329.000, -4.419e-9
329.500, -4.419e-9
330.000, -4.419e-9
330.500, -4.419e-9
331.000, -4.419e-9
331.500, -4.418e-9
332.000, -4.418e-9
332.500, -4.418e-9
333.000, -4.417e-9
333.500, -4.418e-9
334.000, -4.418e-9
334.500, -4.418e-9
335.000, -4.420e-9
335.500, -4.422e-9
336.000, -4.423e-9
336.500, -4.425e-9
337.000, -4.426e-9
337.500, -4.428e-9
338.000, -4.432e-9
338.500, -4.435e-9
339.000, -4.438e-9
339.500, -4.441e-9
340.000, -4.444e-9
340.500, -4.448e-9
341.000, -4.452e-9
341.500, -4.454e-9
342.000, -4.457e-9
342.500, -4.460e-9
343.000, -4.464e-9
343.500, -4.469e-9
344.000, -4.472e-9
344.500, -4.475e-9
345.000, -4.478e-9
345.500, -4.481e-9
346.000, -4.485e-9
346.500, -4.487e-9
347.000, -4.489e-9
347.500, -4.491e-9
348.000, -4.494e-9
348.500, -4.497e-9
349.000, -4.499e-9
349.500, -4.501e-9
350.000, -4.503e-9
350.500, -4.506e-9
351.000, -4.508e-9
351.500, -4.511e-9
352.000, -4.513e-9
352.500, -4.515e-9
353.000, -4.519e-9
353.500, -4.523e-9
354.000, -4.526e-9
354.500, -4.528e-9
355.000, -4.532e-9
355.500, -4.537e-9
356.000, -4.540e-9
356.500, -4.544e-9
357.000, -4.547e-9
357.500, -4.551e-9
358.000, -4.555e-9
358.500, -4.560e-9
359.000, -4.564e-9
359.500, -4.568e-9
360.000, -4.571e-9
360.500, -4.577e-9
361.000, -4.582e-9
361.500, -4.586e-9
362.000, -4.590e-9
362.500, -4.595e-9
363.000, -4.602e-9
363.500, -4.608e-9
364.000, -4.613e-9
364.500, -4.619e-9
365.000, -4.625e-9
365.500, -4.631e-9
366.000, -4.636e-9
366.500, -4.641e-9
367.000, -4.646e-9
367.500, -4.651e-9
368.000, -4.657e-9
368.500, -4.664e-9
369.000, -4.669e-9
369.500, -4.673e-9
370.000, -4.678e-9
370.500, -4.683e-9
371.000, -4.689e-9
371.500, -4.692e-9
372.000, -4.697e-9
372.500, -4.701e-9
373.000, -4.706e-9
373.500, -4.713e-9
374.000, -4.717e-9
374.500, -4.721e-9
375.000, -4.726e-9
375.500, -4.732e-9
376.000, -4.735e-9
376.500, -4.739e-9
377.000, -4.742e-9
377.500, -4.746e-9
378.000, -4.749e-9
378.500, -4.755e-9
379.000, -4.760e-9
379.500, -4.762e-9
380.000, -4.767e-9
380.500, -4.773e-9
381.000, -4.779e-9
381.500, -4.783e-9
382.000, -4.787e-9
382.500, -4.793e-9
383.000, -4.800e-9
383.500, -4.807e-9
384.000, -4.813e-9
384.500, -4.818e-9
385.000, -4.822e-9
385.500, -4.829e-9
386.000, -4.834e-9
386.500, -4.837e-9
387.000, -4.841e-9
387.500, -4.844e-9
388.000, -4.848e-9
388.500, -4.850e-9
389.000, -4.852e-9
389.500, -4.852e-9
390.000, -4.854e-9
390.500, -4.856e-9
391.000, -4.857e-9
391.500, -4.859e-9
392.000, -4.861e-9
392.500, -4.862e-9
393.000, -4.862e-9
393.500, -4.862e-9
394.000, -4.861e-9
394.500, -4.860e-9
395.000, -4.860e-9
395.500, -4.858e-9
396.000, -4.855e-9
396.500, -4.853e-9
397.000, -4.849e-9
397.500, -4.846e-9
398.000, -4.842e-9
398.500, -4.838e-9
399.000, -4.834e-9
399.500, -4.830e-9
400.000, -4.825e-9
400.500, -4.822e-9
401.000, -4.819e-9
401.500, -4.815e-9
402.000, -4.813e-9
402.500, -4.810e-9
403.000, -4.807e-9
403.500, -4.803e-9
404.000, -4.799e-9
404.500, -4.795e-9
405.000, -4.791e-9
405.500, -4.785e-9
406.000, -4.778e-9
406.500, -4.771e-9
407.000, -4.765e-9
407.500, -4.758e-9
408.000, -4.749e-9
408.500, -4.742e-9
409.000, -4.733e-9
409.500, -4.725e-9
410.000, -4.717e-9
410.500, -4.708e-9
411.000, -4.700e-9
411.500, -4.693e-9
412.000, -4.686e-9
412.500, -4.679e-9
413.000, -4.670e-9
413.500, -4.663e-9
414.000, -4.657e-9
414.500, -4.650e-9
415.000, -4.643e-9
415.500, -4.636e-9
416.000, -4.628e-9
416.500, -4.621e-9
417.000, -4.615e-9
417.500, -4.608e-9
418.000, -4.601e-9
418.500, -4.594e-9
419.000, -4.586e-9
419.500, -4.580e-9
420.000, -4.573e-9
420.500, -4.566e-9
421.000, -4.560e-9
421.500, -4.554e-9
422.000, -4.549e-9
422.500, -4.543e-9
423.000, -4.536e-9
423.500, -4.530e-9
424.000, -4.524e-9
424.500, -4.517e-9
425.000, -4.511e-9
425.500, -4.503e-9
426.000, -4.494e-9
426.500, -4.485e-9
427.000, -4.477e-9
427.500, -4.468e-9
428.000, -4.457e-9
428.500, -4.445e-9
429.000, -4.432e-9
429.500, -4.420e-9
430.000, -4.405e-9
430.500, -4.391e-9
431.000, -4.376e-9
431.500, -4.360e-9
432.000, -4.343e-9
432.500, -4.326e-9
433.000, -4.303e-9
433.500, -4.279e-9
434.000, -4.257e-9
434.500, -4.235e-9
435.000, -4.211e-9
435.500, -4.183e-9
436.000, -4.156e-9
436.500, -4.129e-9
437.000, -4.104e-9
437.500, -4.078e-9
438.000, -4.049e-9
438.500, -4.019e-9
439.000, -3.991e-9
439.500, -3.965e-9
440.000, -3.936e-9
440.500, -3.907e-9
441.000, -3.880e-9
441.500, -3.853e-9
442.000, -3.825e-9
442.500, -3.794e-9
443.000, -3.758e-9
443.500, -3.720e-9
444.000, -3.682e-9
444.500, -3.646e-9
445.000, -3.604e-9
445.500, -3.557e-9
446.000, -3.510e-9
446.500, -3.468e-9
447.000, -3.429e-9
447.500, -3.384e-9
448.000, -3.333e-9
448.500, -3.280e-9
449.000, -3.230e-9
449.500, -3.182e-9
450.000, -3.133e-9
450.500, -3.082e-9
451.000, -3.035e-9
451.500, -2.992e-9
452.000, -2.952e-9
452.500, -2.909e-9
453.000, -2.862e-9
453.500, -2.817e-9
454.000, -2.777e-9
454.500, -2.742e-9
455.000, -2.705e-9
455.500, -2.668e-9
456.000, -2.635e-9
456.500, -2.605e-9
457.000, -2.578e-9
457.500, -2.549e-9
458.000, -2.521e-9
458.500, -2.493e-9
459.000, -2.466e-9
459.500, -2.442e-9
460.000, -2.416e-9
460.500, -2.390e-9
461.000, -2.366e-9
461.500, -2.343e-9
462.000, -2.321e-9
462.500, -2.299e-9
463.000, -2.275e-9
463.500, -2.253e-9
464.000, -2.232e-9
464.500, -2.214e-9
465.000, -2.195e-9
465.500, -2.177e-9
466.000, -2.161e-9
466.500, -2.146e-9
467.000, -2.133e-9
467.500, -2.120e-9
468.000, -2.107e-9
468.500, -2.096e-9
469.000, -2.085e-9
469.500, -2.075e-9
470.000, -2.065e-9
470.500, -2.055e-9
471.000, -2.044e-9
471.500, -2.034e-9
472.000, -2.025e-9
472.500, -2.015e-9
473.000, -2.005e-9
473.500, -1.997e-9
474.000, -1.987e-9
474.500, -1.979e-9
475.000, -1.972e-9
475.500, -1.963e-9
476.000, -1.956e-9
476.500, -1.949e-9
477.000, -1.942e-9
477.500, -1.934e-9
478.000, -1.926e-9
478.500, -1.919e-9
479.000, -1.912e-9
479.500, -1.906e-9
480.000, -1.900e-9
480.500, -1.895e-9
481.000, -1.890e-9
481.500, -1.886e-9
482.000, -1.881e-9
482.500, -1.878e-9
483.000, -1.873e-9
483.500, -1.868e-9
484.000, -1.864e-9
484.500, -1.859e-9
485.000, -1.855e-9
485.500, -1.851e-9
486.000, -1.846e-9
486.500, -1.841e-9
487.000, -1.835e-9
487.500, -1.829e-9
488.000, -1.824e-9
488.500, -1.819e-9
489.000, -1.815e-9
489.500, -1.811e-9
490.000, -1.807e-9
490.500, -1.803e-9
491.000, -1.798e-9
491.500, -1.794e-9
492.000, -1.789e-9
492.500, -1.785e-9
493.000, -1.780e-9
493.500, -1.775e-9
494.000, -1.769e-9
494.500, -1.765e-9
495.000, -1.760e-9
495.500, -1.756e-9
496.000, -1.752e-9
496.500, -1.747e-9
497.000, -1.742e-9
497.500, -1.740e-9
498.000, -1.737e-9
498.500, -1.735e-9
499.000, -1.732e-9
499.500, -1.731e-9
500.000, -1.729e-9
