Distance/um, Current/A

0.500, -1.933e-9
1.000, -1.933e-9
1.500, -1.937e-9
2.000, -1.941e-9
2.500, -1.944e-9
3.000, -1.945e-9
3.500, -1.944e-9
4.000, -1.937e-9
4.500, -1.928e-9
5.000, -1.922e-9
5.500, -1.921e-9
6.000, -1.921e-9
6.500, -1.919e-9
7.000, -1.917e-9
7.500, -1.918e-9
8.000, -1.919e-9
8.500, -1.918e-9
9.000, -1.915e-9
9.500, -1.911e-9
10.000, -1.905e-9
10.500, -1.900e-9
11.000, -1.900e-9
11.500, -1.902e-9
12.000, -1.902e-9
12.500, -1.900e-9
13.000, -1.899e-9
13.500, -1.899e-9
14.000, -1.894e-9
14.500, -1.890e-9
15.000, -1.889e-9
15.500, -1.891e-9
16.000, -1.890e-9
16.500, -1.887e-9
17.000, -1.884e-9
17.500, -1.880e-9
18.000, -1.877e-9
18.500, -1.879e-9
19.000, -1.881e-9
19.500, -1.879e-9
20.000, -1.876e-9
20.500, -1.871e-9
21.000, -1.865e-9
21.500, -1.861e-9
22.000, -1.858e-9
22.500, -1.859e-9
23.000, -1.862e-9
23.500, -1.863e-9
24.000, -1.863e-9
24.500, -1.861e-9
25.000, -1.859e-9
25.500, -1.858e-9
26.000, -1.857e-9
26.500, -1.856e-9
27.000, -1.855e-9
27.500, -1.854e-9
28.000, -1.853e-9
28.500, -1.854e-9
29.000, -1.853e-9
29.500, -1.852e-9
30.000, -1.851e-9
30.500, -1.851e-9
31.000, -1.851e-9
31.500, -1.852e-9
32.000, -1.851e-9
32.500, -1.850e-9
33.000, -1.850e-9
33.500, -1.851e-9
34.000, -1.851e-9
34.500, -1.851e-9
35.000, -1.849e-9
35.500, -1.849e-9
36.000, -1.850e-9
36.500, -1.850e-9
37.000, -1.849e-9
37.500, -1.849e-9
38.000, -1.849e-9
38.500, -1.848e-9
39.000, -1.849e-9
39.500, -1.849e-9
40.000, -1.848e-9
40.500, -1.849e-9
41.000, -1.852e-9
41.500, -1.853e-9
42.000, -1.854e-9
42.500, -1.853e-9
43.000, -1.852e-9
43.500, -1.854e-9
44.000, -1.856e-9
44.500, -1.856e-9
45.000, -1.856e-9
45.500, -1.856e-9
46.000, -1.856e-9
46.500, -1.858e-9
47.000, -1.859e-9
47.500, -1.858e-9
48.000, -1.858e-9
48.500, -1.860e-9
49.000, -1.861e-9
49.500, -1.863e-9
50.000, -1.862e-9
50.500, -1.862e-9
51.000, -1.863e-9
51.500, -1.864e-9
52.000, -1.864e-9
52.500, -1.865e-9
53.000, -1.864e-9
53.500, -1.866e-9
54.000, -1.867e-9
54.500, -1.867e-9
55.000, -1.867e-9
55.500, -1.868e-9
56.000, -1.870e-9
56.500, -1.871e-9
57.000, -1.872e-9
57.500, -1.872e-9
58.000, -1.872e-9
58.500, -1.873e-9
59.000, -1.875e-9
59.500, -1.876e-9
60.000, -1.876e-9
60.500, -1.877e-9
61.000, -1.879e-9
61.500, -1.882e-9
62.000, -1.884e-9
62.500, -1.885e-9
63.000, -1.886e-9
63.500, -1.888e-9
64.000, -1.890e-9
64.500, -1.892e-9
65.000, -1.892e-9
65.500, -1.893e-9
66.000, -1.895e-9
66.500, -1.899e-9
67.000, -1.900e-9
67.500, -1.901e-9
68.000, -1.902e-9
68.500, -1.905e-9
69.000, -1.909e-9
69.500, -1.911e-9
70.000, -1.912e-9
70.500, -1.915e-9
71.000, -1.919e-9
71.500, -1.923e-9
72.000, -1.925e-9
72.500, -1.927e-9
73.000, -1.930e-9
73.500, -1.934e-9
74.000, -1.939e-9
74.500, -1.943e-9
75.000, -1.946e-9
75.500, -1.949e-9
76.000, -1.954e-9
76.500, -1.959e-9
77.000, -1.962e-9
77.500, -1.966e-9
78.000, -1.970e-9
78.500, -1.976e-9
79.000, -1.984e-9
79.500, -1.989e-9
80.000, -1.994e-9
80.500, -2.001e-9
81.000, -2.010e-9
81.500, -2.018e-9
82.000, -2.024e-9
82.500, -2.031e-9
83.000, -2.039e-9
83.500, -2.048e-9
84.000, -2.059e-9
84.500, -2.067e-9
85.000, -2.075e-9
85.500, -2.084e-9
86.000, -2.095e-9
86.500, -2.108e-9
87.000, -2.120e-9
87.500, -2.129e-9
88.000, -2.141e-9
88.500, -2.153e-9
89.000, -2.166e-9
89.500, -2.179e-9
90.000, -2.190e-9
90.500, -2.203e-9
91.000, -2.220e-9
91.500, -2.236e-9
92.000, -2.253e-9
92.500, -2.266e-9
93.000, -2.281e-9
93.500, -2.297e-9
94.000, -2.315e-9
94.500, -2.331e-9
95.000, -2.348e-9
95.500, -2.367e-9
96.000, -2.390e-9
96.500, -2.418e-9
97.000, -2.442e-9
97.500, -2.463e-9
98.000, -2.485e-9
98.500, -2.510e-9
99.000, -2.538e-9
99.500, -2.562e-9
100.000, -2.585e-9
100.500, -2.612e-9
101.000, -2.645e-9
101.500, -2.679e-9
102.000, -2.711e-9
102.500, -2.740e-9
103.000, -2.770e-9
103.500, -2.805e-9
104.000, -2.842e-9
104.500, -2.876e-9
105.000, -2.906e-9
105.500, -2.940e-9
106.000, -2.979e-9
106.500, -3.020e-9
107.000, -3.056e-9
107.500, -3.088e-9
108.000, -3.119e-9
108.500, -3.153e-9
109.000, -3.189e-9
109.500, -3.220e-9
110.000, -3.250e-9
110.500, -3.279e-9
111.000, -3.313e-9
111.500, -3.346e-9
112.000, -3.378e-9
112.500, -3.409e-9
113.000, -3.443e-9
113.500, -3.477e-9
114.000, -3.510e-9
114.500, -3.537e-9
115.000, -3.563e-9
115.500, -3.590e-9
116.000, -3.621e-9
116.500, -3.655e-9
117.000, -3.686e-9
117.500, -3.714e-9
118.000, -3.741e-9
118.500, -3.769e-9
119.000, -3.797e-9
119.500, -3.817e-9
120.000, -3.837e-9
120.500, -3.859e-9
121.000, -3.887e-9
121.500, -3.912e-9
122.000, -3.932e-9
122.500, -3.947e-9
123.000, -3.965e-9
123.500, -3.988e-9
124.000, -4.007e-9
124.500, -4.021e-9
125.000, -4.033e-9
125.500, -4.050e-9
126.000, -4.067e-9
126.500, -4.084e-9
127.000, -4.097e-9
127.500, -4.109e-9
128.000, -4.122e-9
128.500, -4.134e-9
129.000, -4.147e-9
129.500, -4.158e-9
130.000, -4.168e-9
130.500, -4.178e-9
131.000, -4.189e-9
131.500, -4.200e-9
132.000, -4.209e-9
132.500, -4.218e-9
133.000, -4.227e-9
133.500, -4.235e-9
134.000, -4.243e-9
134.500, -4.249e-9
135.000, -4.254e-9
135.500, -4.259e-9
136.000, -4.263e-9
136.500, -4.268e-9
137.000, -4.272e-9
137.500, -4.278e-9
138.000, -4.283e-9
138.500, -4.287e-9
139.000, -4.292e-9
139.500, -4.297e-9
140.000, -4.299e-9
140.500, -4.302e-9
141.000, -4.305e-9
141.500, -4.306e-9
142.000, -4.308e-9
142.500, -4.310e-9
143.000, -4.310e-9
143.500, -4.312e-9
144.000, -4.313e-9
144.500, -4.313e-9
145.000, -4.314e-9
145.500, -4.316e-9
146.000, -4.317e-9
146.500, -4.318e-9
147.000, -4.318e-9
147.500, -4.318e-9
148.000, -4.318e-9
148.500, -4.318e-9
149.000, -4.318e-9
149.500, -4.317e-9
150.000, -4.317e-9
150.500, -4.317e-9
151.000, -4.317e-9
151.500, -4.316e-9
152.000, -4.315e-9
152.500, -4.315e-9
153.000, -4.316e-9
153.500, -4.316e-9
154.000, -4.318e-9
154.500, -4.317e-9
155.000, -4.315e-9
155.500, -4.313e-9
156.000, -4.312e-9
156.500, -4.311e-9
157.000, -4.310e-9
157.500, -4.308e-9
158.000, -4.308e-9
158.500, -4.308e-9
159.000, -4.309e-9
159.500, -4.308e-9
160.000, -4.305e-9
160.500, -4.302e-9
161.000, -4.302e-9
161.500, -4.304e-9
162.000, -4.307e-9
162.500, -4.307e-9
163.000, -4.305e-9
163.500, -4.302e-9
164.000, -4.304e-9
164.500, -4.306e-9
165.000, -4.307e-9
165.500, -4.308e-9
166.000, -4.308e-9
166.500, -4.307e-9
167.000, -4.307e-9
167.500, -4.308e-9
168.000, -4.309e-9
168.500, -4.309e-9
169.000, -4.311e-9
169.500, -4.310e-9
170.000, -4.308e-9
170.500, -4.306e-9
171.000, -4.307e-9
171.500, -4.306e-9
172.000, -4.304e-9
172.500, -4.304e-9
173.000, -4.305e-9
173.500, -4.306e-9
174.000, -4.305e-9
174.500, -4.302e-9
175.000, -4.296e-9
175.500, -4.290e-9
176.000, -4.288e-9
176.500, -4.290e-9
177.000, -4.292e-9
177.500, -4.293e-9
178.000, -4.288e-9
178.500, -4.287e-9
179.000, -4.288e-9
179.500, -4.287e-9
180.000, -4.286e-9
180.500, -4.283e-9
181.000, -4.281e-9
181.500, -4.277e-9
182.000, -4.274e-9
182.500, -4.272e-9
183.000, -4.270e-9
183.500, -4.269e-9
184.000, -4.267e-9
184.500, -4.265e-9
185.000, -4.263e-9
185.500, -4.260e-9
186.000, -4.259e-9
186.500, -4.257e-9
187.000, -4.253e-9
187.500, -4.250e-9
188.000, -4.249e-9
188.500, -4.249e-9
189.000, -4.247e-9
189.500, -4.245e-9
190.000, -4.246e-9
190.500, -4.246e-9
191.000, -4.244e-9
191.500, -4.243e-9
192.000, -4.242e-9
192.500, -4.241e-9
193.000, -4.240e-9
193.500, -4.239e-9
194.000, -4.238e-9
194.500, -4.237e-9
195.000, -4.236e-9
195.500, -4.236e-9
196.000, -4.235e-9
196.500, -4.234e-9
197.000, -4.233e-9
197.500, -4.232e-9
198.000, -4.232e-9
198.500, -4.232e-9
199.000, -4.233e-9
199.500, -4.233e-9
200.000, -4.232e-9
200.500, -4.231e-9
201.000, -4.232e-9
201.500, -4.232e-9
202.000, -4.232e-9
202.500, -4.232e-9
203.000, -4.231e-9
203.500, -4.233e-9
204.000, -4.233e-9
204.500, -4.233e-9
205.000, -4.233e-9
205.500, -4.234e-9
206.000, -4.234e-9
206.500, -4.234e-9
207.000, -4.233e-9
207.500, -4.233e-9
208.000, -4.233e-9
208.500, -4.232e-9
209.000, -4.232e-9
209.500, -4.232e-9
210.000, -4.231e-9
210.500, -4.230e-9
211.000, -4.230e-9
211.500, -4.230e-9
212.000, -4.229e-9
212.500, -4.229e-9
213.000, -4.228e-9
213.500, -4.228e-9
214.000, -4.227e-9
214.500, -4.226e-9
215.000, -4.225e-9
215.500, -4.224e-9
216.000, -4.223e-9
216.500, -4.222e-9
217.000, -4.221e-9
217.500, -4.220e-9
218.000, -4.219e-9
218.500, -4.218e-9
219.000, -4.217e-9
219.500, -4.215e-9
220.000, -4.215e-9
220.500, -4.214e-9
221.000, -4.213e-9
221.500, -4.212e-9
222.000, -4.210e-9
222.500, -4.209e-9
223.000, -4.208e-9
223.500, -4.207e-9
224.000, -4.205e-9
224.500, -4.204e-9
225.000, -4.202e-9
225.500, -4.202e-9
226.000, -4.201e-9
226.500, -4.199e-9
227.000, -4.199e-9
227.500, -4.198e-9
228.000, -4.196e-9
228.500, -4.195e-9
229.000, -4.195e-9
229.500, -4.193e-9
230.000, -4.192e-9
230.500, -4.191e-9
231.000, -4.192e-9
231.500, -4.191e-9
232.000, -4.190e-9
232.500, -4.190e-9
233.000, -4.189e-9
233.500, -4.189e-9
234.000, -4.189e-9
234.500, -4.188e-9
235.000, -4.189e-9
235.500, -4.190e-9
236.000, -4.191e-9
236.500, -4.191e-9
237.000, -4.192e-9
237.500, -4.192e-9
238.000, -4.194e-9
238.500, -4.195e-9
239.000, -4.200e-9
239.500, -4.199e-9
240.000, -4.200e-9
240.500, -4.203e-9
241.000, -4.204e-9
241.500, -4.206e-9
242.000, -4.208e-9
242.500, -4.211e-9
243.000, -4.213e-9
243.500, -4.216e-9
244.000, -4.219e-9
244.500, -4.222e-9
245.000, -4.225e-9
245.500, -4.228e-9
246.000, -4.232e-9
246.500, -4.235e-9
247.000, -4.239e-9
247.500, -4.244e-9
248.000, -4.246e-9
248.500, -4.249e-9
249.000, -4.259e-9
249.500, -4.263e-9
250.000, -4.269e-9
250.500, -4.275e-9
251.000, -4.281e-9
251.500, -4.284e-9
252.000, -4.286e-9
252.500, -4.290e-9
253.000, -4.293e-9
253.500, -4.298e-9
254.000, -4.302e-9
254.500, -4.307e-9
255.000, -4.309e-9
255.500, -4.313e-9
256.000, -4.318e-9
256.500, -4.322e-9
257.000, -4.326e-9
257.500, -4.329e-9
258.000, -4.333e-9
258.500, -4.337e-9
259.000, -4.341e-9
259.500, -4.345e-9
260.000, -4.349e-9
260.500, -4.353e-9
261.000, -4.358e-9
261.500, -4.362e-9
262.000, -4.366e-9
262.500, -4.369e-9
263.000, -4.372e-9
263.500, -4.376e-9
264.000, -4.380e-9
264.500, -4.383e-9
265.000, -4.388e-9
265.500, -4.392e-9
266.000, -4.395e-9
266.500, -4.400e-9
267.000, -4.404e-9
267.500, -4.407e-9
268.000, -4.410e-9
268.500, -4.414e-9
269.000, -4.419e-9
269.500, -4.423e-9
270.000, -4.426e-9
270.500, -4.430e-9
271.000, -4.435e-9
271.500, -4.439e-9
272.000, -4.441e-9
272.500, -4.445e-9
273.000, -4.448e-9
273.500, -4.452e-9
274.000, -4.456e-9
274.500, -4.459e-9
275.000, -4.462e-9
275.500, -4.466e-9
276.000, -4.469e-9
276.500, -4.472e-9
277.000, -4.475e-9
277.500, -4.476e-9
278.000, -4.477e-9
278.500, -4.479e-9
279.000, -4.480e-9
279.500, -4.481e-9
280.000, -4.481e-9
280.500, -4.481e-9
281.000, -4.481e-9
281.500, -4.481e-9
282.000, -4.481e-9
282.500, -4.481e-9
283.000, -4.480e-9
283.500, -4.479e-9
284.000, -4.478e-9
284.500, -4.477e-9
285.000, -4.476e-9
285.500, -4.475e-9
286.000, -4.474e-9
286.500, -4.472e-9
287.000, -4.469e-9
287.500, -4.467e-9
288.000, -4.463e-9
288.500, -4.460e-9
289.000, -4.453e-9
289.500, -4.446e-9
290.000, -4.440e-9
290.500, -4.437e-9
291.000, -4.436e-9
291.500, -4.437e-9
292.000, -4.438e-9
292.500, -4.440e-9
293.000, -4.442e-9
293.500, -4.445e-9
294.000, -4.448e-9
294.500, -4.452e-9
295.000, -4.454e-9
295.500, -4.457e-9
296.000, -4.460e-9
296.500, -4.464e-9
297.000, -4.467e-9
297.500, -4.470e-9
298.000, -4.474e-9
298.500, -4.477e-9
299.000, -4.480e-9
299.500, -4.483e-9
300.000, -4.486e-9
300.500, -4.489e-9
301.000, -4.492e-9
301.500, -4.495e-9
302.000, -4.497e-9
302.500, -4.500e-9
303.000, -4.502e-9
303.500, -4.504e-9
304.000, -4.506e-9
304.500, -4.508e-9
305.000, -4.509e-9
305.500, -4.511e-9
306.000, -4.513e-9
306.500, -4.514e-9
307.000, -4.515e-9
307.500, -4.516e-9
308.000, -4.516e-9
308.500, -4.518e-9
309.000, -4.518e-9
309.500, -4.518e-9
310.000, -4.519e-9
310.500, -4.519e-9
311.000, -4.519e-9
311.500, -4.518e-9
312.000, -4.518e-9
312.500, -4.518e-9
313.000, -4.517e-9
313.500, -4.517e-9
314.000, -4.516e-9
314.500, -4.516e-9
315.000, -4.515e-9
315.500, -4.514e-9
316.000, -4.514e-9
316.500, -4.513e-9
317.000, -4.511e-9
317.500, -4.510e-9
318.000, -4.509e-9
318.500, -4.508e-9
319.000, -4.507e-9
319.500, -4.505e-9
320.000, -4.503e-9
320.500, -4.501e-9
321.000, -4.499e-9
321.500, -4.497e-9
322.000, -4.494e-9
322.500, -4.490e-9
323.000, -4.488e-9
323.500, -4.484e-9
324.000, -4.480e-9
324.500, -4.476e-9
325.000, -4.471e-9
325.500, -4.466e-9
326.000, -4.461e-9
326.500, -4.454e-9
327.000, -4.445e-9
327.500, -4.437e-9
328.000, -4.426e-9
328.500, -4.416e-9
329.000, -4.404e-9
329.500, -4.391e-9
330.000, -4.377e-9
330.500, -4.363e-9
331.000, -4.345e-9
331.500, -4.324e-9
332.000, -4.302e-9
332.500, -4.280e-9
333.000, -4.256e-9
333.500, -4.230e-9
334.000, -4.200e-9
334.500, -4.168e-9
335.000, -4.139e-9
335.500, -4.110e-9
336.000, -4.078e-9
336.500, -4.044e-9
337.000, -4.008e-9
337.500, -3.972e-9
338.000, -3.934e-9
338.500, -3.895e-9
339.000, -3.852e-9
339.500, -3.808e-9
340.000, -3.767e-9
340.500, -3.724e-9
341.000, -3.679e-9
341.500, -3.633e-9
342.000, -3.588e-9
342.500, -3.544e-9
343.000, -3.499e-9
343.500, -3.450e-9
344.000, -3.399e-9
344.500, -3.349e-9
345.000, -3.306e-9
345.500, -3.261e-9
346.000, -3.217e-9
346.500, -3.170e-9
347.000, -3.123e-9
347.500, -3.082e-9
348.000, -3.040e-9
348.500, -2.998e-9
349.000, -2.955e-9
349.500, -2.913e-9
350.000, -2.874e-9
350.500, -2.836e-9
351.000, -2.797e-9
351.500, -2.759e-9
352.000, -2.722e-9
352.500, -2.688e-9
353.000, -2.655e-9
353.500, -2.620e-9
354.000, -2.586e-9
354.500, -2.555e-9
355.000, -2.526e-9
355.500, -2.499e-9
356.000, -2.471e-9
356.500, -2.442e-9
357.000, -2.415e-9
357.500, -2.391e-9
358.000, -2.368e-9
358.500, -2.346e-9
359.000, -2.324e-9
359.500, -2.303e-9
360.000, -2.287e-9
360.500, -2.269e-9
361.000, -2.252e-9
361.500, -2.234e-9
362.000, -2.217e-9
362.500, -2.200e-9
363.000, -2.185e-9
363.500, -2.171e-9
364.000, -2.157e-9
364.500, -2.144e-9
365.000, -2.133e-9
365.500, -2.120e-9
366.000, -2.107e-9
366.500, -2.095e-9
367.000, -2.083e-9
367.500, -2.072e-9
368.000, -2.061e-9
368.500, -2.051e-9
369.000, -2.042e-9
369.500, -2.033e-9
370.000, -2.024e-9
370.500, -2.016e-9
371.000, -2.008e-9
371.500, -2.000e-9
372.000, -1.992e-9
372.500, -1.985e-9
373.000, -1.977e-9
373.500, -1.969e-9
374.000, -1.963e-9
374.500, -1.956e-9
375.000, -1.951e-9
375.500, -1.946e-9
376.000, -1.939e-9
376.500, -1.934e-9
377.000, -1.929e-9
377.500, -1.923e-9
378.000, -1.918e-9
378.500, -1.913e-9
379.000, -1.908e-9
379.500, -1.904e-9
380.000, -1.899e-9
380.500, -1.895e-9
381.000, -1.890e-9
381.500, -1.888e-9
382.000, -1.884e-9
382.500, -1.879e-9
383.000, -1.876e-9
383.500, -1.872e-9
384.000, -1.868e-9
384.500, -1.865e-9
385.000, -1.861e-9
385.500, -1.858e-9
386.000, -1.855e-9
386.500, -1.852e-9
387.000, -1.849e-9
387.500, -1.845e-9
388.000, -1.843e-9
388.500, -1.841e-9
389.000, -1.838e-9
389.500, -1.836e-9
390.000, -1.833e-9
390.500, -1.830e-9
391.000, -1.827e-9
391.500, -1.827e-9
392.000, -1.824e-9
392.500, -1.821e-9
393.000, -1.819e-9
393.500, -1.817e-9
394.000, -1.815e-9
394.500, -1.813e-9
395.000, -1.811e-9
395.500, -1.809e-9
396.000, -1.807e-9
396.500, -1.805e-9
397.000, -1.804e-9
397.500, -1.801e-9
398.000, -1.800e-9
398.500, -1.800e-9
399.000, -1.799e-9
399.500, -1.797e-9
400.000, -1.796e-9
400.500, -1.793e-9
401.000, -1.791e-9
401.500, -1.791e-9
402.000, -1.790e-9
402.500, -1.789e-9
403.000, -1.787e-9
403.500, -1.785e-9
404.000, -1.784e-9
404.500, -1.783e-9
405.000, -1.780e-9
405.500, -1.778e-9
406.000, -1.777e-9
406.500, -1.777e-9
407.000, -1.775e-9
407.500, -1.774e-9
408.000, -1.773e-9
408.500, -1.771e-9
409.000, -1.772e-9
409.500, -1.770e-9
410.000, -1.768e-9
410.500, -1.766e-9
411.000, -1.765e-9
411.500, -1.764e-9
412.000, -1.763e-9
412.500, -1.761e-9
413.000, -1.760e-9
413.500, -1.760e-9
414.000, -1.760e-9
414.500, -1.759e-9
415.000, -1.757e-9
415.500, -1.756e-9
416.000, -1.754e-9
416.500, -1.755e-9
417.000, -1.754e-9
417.500, -1.752e-9
418.000, -1.751e-9
418.500, -1.750e-9
419.000, -1.749e-9
419.500, -1.748e-9
420.000, -1.747e-9
420.500, -1.746e-9
421.000, -1.746e-9
421.500, -1.746e-9
422.000, -1.746e-9
422.500, -1.744e-9
423.000, -1.743e-9
423.500, -1.742e-9
424.000, -1.744e-9
424.500, -1.744e-9
425.000, -1.742e-9
425.500, -1.741e-9
426.000, -1.741e-9
426.500, -1.741e-9
427.000, -1.740e-9
427.500, -1.739e-9
428.000, -1.739e-9
428.500, -1.739e-9
429.000, -1.740e-9
429.500, -1.741e-9
430.000, -1.740e-9
430.500, -1.739e-9
431.000, -1.740e-9
431.500, -1.740e-9
432.000, -1.739e-9
432.500, -1.738e-9
433.000, -1.738e-9
433.500, -1.738e-9
434.000, -1.738e-9
434.500, -1.737e-9
435.000, -1.737e-9
435.500, -1.736e-9
436.000, -1.737e-9
436.500, -1.738e-9
437.000, -1.738e-9
437.500, -1.736e-9
438.000, -1.736e-9
438.500, -1.736e-9
439.000, -1.737e-9
439.500, -1.738e-9
440.000, -1.737e-9
440.500, -1.737e-9
441.000, -1.737e-9
441.500, -1.738e-9
442.000, -1.738e-9
442.500, -1.738e-9
443.000, -1.738e-9
443.500, -1.738e-9
444.000, -1.738e-9
444.500, -1.738e-9
445.000, -1.736e-9
445.500, -1.735e-9
446.000, -1.736e-9
446.500, -1.735e-9
447.000, -1.735e-9
447.500, -1.734e-9
448.000, -1.733e-9
448.500, -1.733e-9
449.000, -1.733e-9
449.500, -1.733e-9
450.000, -1.732e-9
450.500, -1.733e-9
451.000, -1.735e-9
451.500, -1.735e-9
452.000, -1.735e-9
452.500, -1.734e-9
453.000, -1.733e-9
453.500, -1.733e-9
454.000, -1.733e-9
454.500, -1.733e-9
455.000, -1.731e-9
455.500, -1.730e-9
456.000, -1.729e-9
456.500, -1.730e-9
457.000, -1.729e-9
457.500, -1.729e-9
458.000, -1.729e-9
458.500, -1.729e-9
459.000, -1.728e-9
459.500, -1.727e-9
460.000, -1.728e-9
460.500, -1.728e-9
461.000, -1.728e-9
461.500, -1.728e-9
462.000, -1.728e-9
462.500, -1.727e-9
463.000, -1.727e-9
463.500, -1.726e-9
464.000, -1.727e-9
464.500, -1.728e-9
465.000, -1.728e-9
465.500, -1.727e-9
466.000, -1.727e-9
466.500, -1.727e-9
467.000, -1.726e-9
467.500, -1.725e-9
468.000, -1.724e-9
468.500, -1.724e-9
469.000, -1.726e-9
469.500, -1.726e-9
470.000, -1.726e-9
470.500, -1.726e-9
471.000, -1.726e-9
471.500, -1.727e-9
472.000, -1.727e-9
472.500, -1.726e-9
473.000, -1.726e-9
473.500, -1.726e-9
474.000, -1.727e-9
474.500, -1.727e-9
475.000, -1.726e-9
475.500, -1.725e-9
476.000, -1.726e-9
476.500, -1.727e-9
477.000, -1.727e-9
477.500, -1.725e-9
478.000, -1.725e-9
478.500, -1.725e-9
479.000, -1.726e-9
479.500, -1.727e-9
480.000, -1.725e-9
480.500, -1.725e-9
481.000, -1.726e-9
481.500, -1.726e-9
482.000, -1.726e-9
482.500, -1.725e-9
483.000, -1.725e-9
483.500, -1.725e-9
484.000, -1.725e-9
484.500, -1.725e-9
485.000, -1.726e-9
485.500, -1.724e-9
486.000, -1.725e-9
486.500, -1.726e-9
487.000, -1.727e-9
487.500, -1.726e-9
488.000, -1.727e-9
488.500, -1.728e-9
489.000, -1.729e-9
489.500, -1.730e-9
490.000, -1.730e-9
490.500, -1.730e-9
491.000, -1.731e-9
491.500, -1.733e-9
492.000, -1.733e-9
492.500, -1.734e-9
493.000, -1.734e-9
493.500, -1.735e-9
494.000, -1.737e-9
494.500, -1.737e-9
495.000, -1.737e-9
495.500, -1.736e-9
496.000, -1.736e-9
496.500, -1.738e-9
497.000, -1.737e-9
497.500, -1.737e-9
498.000, -1.737e-9
498.500, -1.738e-9
499.000, -1.738e-9
499.500, -1.738e-9
500.000, -1.738e-9
