Distance/um, Current/A

-0.500, -1.919e-9
-1.000, -1.919e-9
-1.500, -1.924e-9
-2.000, -1.934e-9
-2.500, -1.940e-9
-3.000, -1.942e-9
-3.500, -1.945e-9
-4.000, -1.951e-9
-4.500, -1.960e-9
-5.000, -1.964e-9
-5.500, -1.961e-9
-6.000, -1.959e-9
-6.500, -1.960e-9
-7.000, -1.964e-9
-7.500, -1.962e-9
-8.000, -1.954e-9
-8.500, -1.949e-9
-9.000, -1.947e-9
-9.500, -1.947e-9
-10.000, -1.943e-9
-10.500, -1.936e-9
-11.000, -1.925e-9
-11.500, -1.911e-9
-12.000, -1.900e-9
-12.500, -1.892e-9
-13.000, -1.887e-9
-13.500, -1.883e-9
-14.000, -1.880e-9
-14.500, -1.877e-9
-15.000, -1.875e-9
-15.500, -1.874e-9
-16.000, -1.872e-9
-16.500, -1.872e-9
-17.000, -1.872e-9
-17.500, -1.871e-9
-18.000, -1.870e-9
-18.500, -1.870e-9
-19.000, -1.871e-9
-19.500, -1.872e-9
-20.000, -1.873e-9
-20.500, -1.873e-9
-21.000, -1.873e-9
-21.500, -1.874e-9
-22.000, -1.875e-9
-22.500, -1.876e-9
-23.000, -1.876e-9
-23.500, -1.876e-9
-24.000, -1.877e-9
-24.500, -1.879e-9
-25.000, -1.880e-9
-25.500, -1.880e-9
-26.000, -1.881e-9
-26.500, -1.883e-9
-27.000, -1.884e-9
-27.500, -1.886e-9
-28.000, -1.887e-9
-28.500, -1.887e-9
-29.000, -1.889e-9
-29.500, -1.891e-9
-30.000, -1.893e-9
-30.500, -1.895e-9
-31.000, -1.896e-9
-31.500, -1.898e-9
-32.000, -1.901e-9
-32.500, -1.903e-9
-33.000, -1.905e-9
-33.500, -1.906e-9
-34.000, -1.908e-9
-34.500, -1.912e-9
-35.000, -1.913e-9
-35.500, -1.913e-9
-36.000, -1.914e-9
-36.500, -1.915e-9
-37.000, -1.916e-9
-37.500, -1.917e-9
-38.000, -1.916e-9
-38.500, -1.916e-9
-39.000, -1.917e-9
-39.500, -1.918e-9
-40.000, -1.918e-9
-40.500, -1.919e-9
-41.000, -1.919e-9
-41.500, -1.920e-9
-42.000, -1.922e-9
-42.500, -1.922e-9
-43.000, -1.922e-9
-43.500, -1.922e-9
-44.000, -1.923e-9
-44.500, -1.924e-9
-45.000, -1.925e-9
-45.500, -1.923e-9
-46.000, -1.924e-9
-46.500, -1.924e-9
-47.000, -1.924e-9
-47.500, -1.925e-9
-48.000, -1.923e-9
-48.500, -1.922e-9
-49.000, -1.922e-9
-49.500, -1.922e-9
-50.000, -1.921e-9
-50.500, -1.920e-9
-51.000, -1.918e-9
-51.500, -1.917e-9
-52.000, -1.917e-9
-52.500, -1.915e-9
-53.000, -1.912e-9
-53.500, -1.911e-9
-54.000, -1.910e-9
-54.500, -1.908e-9
-55.000, -1.907e-9
-55.500, -1.905e-9
-56.000, -1.903e-9
-56.500, -1.902e-9
-57.000, -1.899e-9
-57.500, -1.898e-9
-58.000, -1.896e-9
-58.500, -1.894e-9
-59.000, -1.892e-9
-59.500, -1.891e-9
-60.000, -1.889e-9
-60.500, -1.886e-9
-61.000, -1.884e-9
-61.500, -1.882e-9
-62.000, -1.881e-9
-62.500, -1.878e-9
-63.000, -1.876e-9
-63.500, -1.874e-9
-64.000, -1.872e-9
-64.500, -1.871e-9
-65.000, -1.869e-9
-65.500, -1.867e-9
-66.000, -1.865e-9
-66.500, -1.864e-9
-67.000, -1.862e-9
-67.500, -1.860e-9
-68.000, -1.859e-9
-68.500, -1.857e-9
-69.000, -1.856e-9
-69.500, -1.855e-9
-70.000, -1.854e-9
-70.500, -1.852e-9
-71.000, -1.850e-9
-71.500, -1.851e-9
-72.000, -1.850e-9
-72.500, -1.849e-9
-73.000, -1.847e-9
-73.500, -1.846e-9
-74.000, -1.844e-9
-74.500, -1.843e-9
-75.000, -1.842e-9
-75.500, -1.841e-9
-76.000, -1.840e-9
-76.500, -1.838e-9
-77.000, -1.838e-9
-77.500, -1.836e-9
-78.000, -1.836e-9
-78.500, -1.834e-9
-79.000, -1.833e-9
-79.500, -1.833e-9
-80.000, -1.833e-9
-80.500, -1.831e-9
-81.000, -1.830e-9
-81.500, -1.829e-9
-82.000, -1.829e-9
-82.500, -1.828e-9
-83.000, -1.827e-9
-83.500, -1.827e-9
-84.000, -1.827e-9
-84.500, -1.828e-9
-85.000, -1.828e-9
-85.500, -1.826e-9
-86.000, -1.826e-9
-86.500, -1.823e-9
-87.000, -1.820e-9
-87.500, -1.821e-9
-88.000, -1.822e-9
-88.500, -1.818e-9
-89.000, -1.814e-9
-89.500, -1.812e-9
-90.000, -1.810e-9
-90.500, -1.809e-9
-91.000, -1.807e-9
-91.500, -1.807e-9
-92.000, -1.807e-9
-92.500, -1.808e-9
-93.000, -1.807e-9
-93.500, -1.808e-9
-94.000, -1.809e-9
-94.500, -1.810e-9
-95.000, -1.809e-9
-95.500, -1.809e-9
-96.000, -1.812e-9
-96.500, -1.814e-9
-97.000, -1.815e-9
-97.500, -1.815e-9
-98.000, -1.811e-9
-98.500, -1.806e-9
-99.000, -1.803e-9
-99.500, -1.803e-9
-100.000, -1.805e-9
-100.500, -1.803e-9
-101.000, -1.799e-9
-101.500, -1.795e-9
-102.000, -1.794e-9
-102.500, -1.794e-9
-103.000, -1.795e-9
-103.500, -1.790e-9
-104.000, -1.785e-9
-104.500, -1.783e-9
-105.000, -1.783e-9
-105.500, -1.785e-9
-106.000, -1.789e-9
-106.500, -1.794e-9
-107.000, -1.796e-9
-107.500, -1.793e-9
-108.000, -1.785e-9
-108.500, -1.778e-9
-109.000, -1.782e-9
-109.500, -1.788e-9
-110.000, -1.790e-9
-110.500, -1.789e-9
-111.000, -1.787e-9
-111.500, -1.783e-9
-112.000, -1.781e-9
-112.500, -1.780e-9
-113.000, -1.781e-9
-113.500, -1.783e-9
-114.000, -1.783e-9
-114.500, -1.783e-9
-115.000, -1.783e-9
-115.500, -1.784e-9
-116.000, -1.788e-9
-116.500, -1.786e-9
-117.000, -1.776e-9
-117.500, -1.772e-9
-118.000, -1.773e-9
-118.500, -1.770e-9
-119.000, -1.767e-9
-119.500, -1.764e-9
-120.000, -1.758e-9
-120.500, -1.755e-9
-121.000, -1.759e-9
-121.500, -1.766e-9
-122.000, -1.762e-9
-122.500, -1.751e-9
-123.000, -1.744e-9
-123.500, -1.744e-9
-124.000, -1.753e-9
-124.500, -1.762e-9
-125.000, -1.761e-9
-125.500, -1.764e-9
-126.000, -1.765e-9
-126.500, -1.766e-9
-127.000, -1.767e-9
-127.500, -1.769e-9
-128.000, -1.768e-9
-128.500, -1.769e-9
-129.000, -1.769e-9
-129.500, -1.767e-9
-130.000, -1.762e-9
-130.500, -1.758e-9
-131.000, -1.758e-9
-131.500, -1.760e-9
-132.000, -1.760e-9
-132.500, -1.759e-9
-133.000, -1.757e-9
-133.500, -1.757e-9
-134.000, -1.762e-9
-134.500, -1.762e-9
-135.000, -1.759e-9
-135.500, -1.756e-9
-136.000, -1.755e-9
-136.500, -1.756e-9
-137.000, -1.756e-9
-137.500, -1.753e-9
-138.000, -1.753e-9
-138.500, -1.754e-9
-139.000, -1.754e-9
-139.500, -1.754e-9
-140.000, -1.753e-9
-140.500, -1.751e-9
-141.000, -1.751e-9
-141.500, -1.749e-9
-142.000, -1.748e-9
-142.500, -1.749e-9
-143.000, -1.749e-9
-143.500, -1.750e-9
-144.000, -1.750e-9
-144.500, -1.751e-9
-145.000, -1.751e-9
-145.500, -1.749e-9
-146.000, -1.749e-9
-146.500, -1.748e-9
-147.000, -1.748e-9
-147.500, -1.748e-9
-148.000, -1.749e-9
-148.500, -1.748e-9
-149.000, -1.748e-9
-149.500, -1.748e-9
-150.000, -1.748e-9
-150.500, -1.747e-9
-151.000, -1.746e-9
-151.500, -1.746e-9
-152.000, -1.747e-9
-152.500, -1.747e-9
-153.000, -1.747e-9
-153.500, -1.745e-9
-154.000, -1.745e-9
-154.500, -1.745e-9
-155.000, -1.746e-9
-155.500, -1.744e-9
-156.000, -1.744e-9
-156.500, -1.745e-9
-157.000, -1.745e-9
-157.500, -1.745e-9
-158.000, -1.743e-9
-158.500, -1.742e-9
-159.000, -1.741e-9
-159.500, -1.741e-9
-160.000, -1.741e-9
-160.500, -1.741e-9
-161.000, -1.740e-9
-161.500, -1.739e-9
-162.000, -1.739e-9
-162.500, -1.739e-9
-163.000, -1.738e-9
-163.500, -1.737e-9
-164.000, -1.737e-9
-164.500, -1.738e-9
-165.000, -1.738e-9
-165.500, -1.737e-9
-166.000, -1.736e-9
-166.500, -1.736e-9
-167.000, -1.736e-9
-167.500, -1.735e-9
-168.000, -1.734e-9
-168.500, -1.734e-9
-169.000, -1.732e-9
-169.500, -1.732e-9
-170.000, -1.732e-9
-170.500, -1.731e-9
-171.000, -1.730e-9
-171.500, -1.730e-9
-172.000, -1.730e-9
-172.500, -1.731e-9
-173.000, -1.730e-9
-173.500, -1.728e-9
-174.000, -1.728e-9
-174.500, -1.729e-9
-175.000, -1.727e-9
-175.500, -1.727e-9
-176.000, -1.726e-9
-176.500, -1.727e-9
-177.000, -1.726e-9
-177.500, -1.726e-9
-178.000, -1.725e-9
-178.500, -1.724e-9
-179.000, -1.725e-9
-179.500, -1.725e-9
-180.000, -1.725e-9
-180.500, -1.724e-9
-181.000, -1.723e-9
-181.500, -1.722e-9
-182.000, -1.723e-9
-182.500, -1.723e-9
-183.000, -1.722e-9
-183.500, -1.721e-9
-184.000, -1.721e-9
-184.500, -1.721e-9
-185.000, -1.720e-9
-185.500, -1.720e-9
-186.000, -1.719e-9
-186.500, -1.718e-9
-187.000, -1.718e-9
-187.500, -1.717e-9
-188.000, -1.717e-9
-188.500, -1.717e-9
-189.000, -1.716e-9
-189.500, -1.717e-9
-190.000, -1.717e-9
-190.500, -1.715e-9
-191.000, -1.715e-9
-191.500, -1.715e-9
-192.000, -1.716e-9
-192.500, -1.715e-9
-193.000, -1.714e-9
-193.500, -1.714e-9
-194.000, -1.714e-9
-194.500, -1.715e-9
-195.000, -1.714e-9
-195.500, -1.713e-9
-196.000, -1.713e-9
-196.500, -1.712e-9
-197.000, -1.713e-9
-197.500, -1.713e-9
-198.000, -1.711e-9
-198.500, -1.710e-9
-199.000, -1.711e-9
-199.500, -1.710e-9
-200.000, -1.710e-9
-200.500, -1.709e-9
-201.000, -1.709e-9
-201.500, -1.709e-9
-202.000, -1.710e-9
-202.500, -1.709e-9
-203.000, -1.708e-9
-203.500, -1.708e-9
-204.000, -1.708e-9
-204.500, -1.708e-9
-205.000, -1.708e-9
-205.500, -1.707e-9
-206.000, -1.707e-9
-206.500, -1.707e-9
-207.000, -1.708e-9
-207.500, -1.708e-9
-208.000, -1.707e-9
-208.500, -1.706e-9
-209.000, -1.707e-9
-209.500, -1.707e-9
-210.000, -1.706e-9
-210.500, -1.706e-9
-211.000, -1.706e-9
-211.500, -1.705e-9
-212.000, -1.706e-9
-212.500, -1.706e-9
-213.000, -1.705e-9
-213.500, -1.705e-9
-214.000, -1.706e-9
-214.500, -1.707e-9
-215.000, -1.708e-9
-215.500, -1.707e-9
-216.000, -1.706e-9
-216.500, -1.706e-9
-217.000, -1.706e-9
-217.500, -1.707e-9
-218.000, -1.706e-9
-218.500, -1.706e-9
-219.000, -1.708e-9
-219.500, -1.709e-9
-220.000, -1.709e-9
-220.500, -1.709e-9
-221.000, -1.710e-9
-221.500, -1.711e-9
-222.000, -1.712e-9
-222.500, -1.711e-9
-223.000, -1.710e-9
-223.500, -1.710e-9
-224.000, -1.710e-9
-224.500, -1.711e-9
-225.000, -1.712e-9
-225.500, -1.712e-9
-226.000, -1.714e-9
-226.500, -1.715e-9
-227.000, -1.717e-9
-227.500, -1.718e-9
-228.000, -1.718e-9
-228.500, -1.718e-9
-229.000, -1.721e-9
-229.500, -1.725e-9
-230.000, -1.726e-9
-230.500, -1.727e-9
-231.000, -1.727e-9
-231.500, -1.730e-9
-232.000, -1.732e-9
-232.500, -1.733e-9
-233.000, -1.734e-9
-233.500, -1.735e-9
-234.000, -1.739e-9
-234.500, -1.743e-9
-235.000, -1.746e-9
-235.500, -1.748e-9
-236.000, -1.750e-9
-236.500, -1.753e-9
-237.000, -1.756e-9
-237.500, -1.759e-9
-238.000, -1.761e-9
-238.500, -1.763e-9
-239.000, -1.768e-9
-239.500, -1.772e-9
-240.000, -1.776e-9
-240.500, -1.779e-9
-241.000, -1.782e-9
-241.500, -1.787e-9
-242.000, -1.793e-9
-242.500, -1.796e-9
-243.000, -1.801e-9
-243.500, -1.805e-9
-244.000, -1.809e-9
-244.500, -1.816e-9
-245.000, -1.823e-9
-245.500, -1.827e-9
-246.000, -1.835e-9
-246.500, -1.843e-9
-247.000, -1.850e-9
-247.500, -1.858e-9
-248.000, -1.864e-9
-248.500, -1.870e-9
-249.000, -1.879e-9
-249.500, -1.890e-9
-250.000, -1.898e-9
-250.500, -1.907e-9
-251.000, -1.916e-9
-251.500, -1.929e-9
-252.000, -1.943e-9
-252.500, -1.957e-9
-253.000, -1.969e-9
-253.500, -1.983e-9
-254.000, -2.001e-9
-254.500, -2.021e-9
-255.000, -2.041e-9
-255.500, -2.057e-9
-256.000, -2.076e-9
-256.500, -2.099e-9
-257.000, -2.125e-9
-257.500, -2.148e-9
-258.000, -2.167e-9
-258.500, -2.185e-9
-259.000, -2.209e-9
-259.500, -2.238e-9
-260.000, -2.264e-9
-260.500, -2.288e-9
-261.000, -2.313e-9
-261.500, -2.343e-9
-262.000, -2.376e-9
-262.500, -2.407e-9
-263.000, -2.433e-9
-263.500, -2.458e-9
-264.000, -2.494e-9
-264.500, -2.534e-9
-265.000, -2.571e-9
-265.500, -2.602e-9
-266.000, -2.632e-9
-266.500, -2.670e-9
-267.000, -2.711e-9
-267.500, -2.750e-9
-268.000, -2.779e-9
-268.500, -2.805e-9
-269.000, -2.839e-9
-269.500, -2.874e-9
-270.000, -2.906e-9
-270.500, -2.931e-9
-271.000, -2.955e-9
-271.500, -2.983e-9
-272.000, -3.013e-9
-272.500, -3.042e-9
-273.000, -3.064e-9
-273.500, -3.085e-9
-274.000, -3.110e-9
-274.500, -3.137e-9
-275.000, -3.160e-9
-275.500, -3.177e-9
-276.000, -3.193e-9
-276.500, -3.211e-9
-277.000, -3.226e-9
-277.500, -3.240e-9
-278.000, -3.250e-9
-278.500, -3.259e-9
-279.000, -3.269e-9
-279.500, -3.278e-9
-280.000, -3.286e-9
-280.500, -3.290e-9
-281.000, -3.295e-9
-281.500, -3.300e-9
-282.000, -3.304e-9
-282.500, -3.306e-9
-283.000, -3.308e-9
-283.500, -3.310e-9
-284.000, -3.313e-9
-284.500, -3.314e-9
-285.000, -3.315e-9
-285.500, -3.316e-9
-286.000, -3.318e-9
-286.500, -3.320e-9
-287.000, -3.321e-9
-287.500, -3.323e-9
-288.000, -3.324e-9
-288.500, -3.326e-9
-289.000, -3.329e-9
-289.500, -3.331e-9
-290.000, -3.333e-9
-290.500, -3.335e-9
-291.000, -3.338e-9
-291.500, -3.342e-9
-292.000, -3.346e-9
-292.500, -3.350e-9
-293.000, -3.353e-9
-293.500, -3.357e-9
-294.000, -3.360e-9
-294.500, -3.364e-9
-295.000, -3.369e-9
-295.500, -3.372e-9
-296.000, -3.375e-9
-296.500, -3.379e-9
-297.000, -3.383e-9
-297.500, -3.387e-9
-298.000, -3.390e-9
-298.500, -3.393e-9
-299.000, -3.397e-9
-299.500, -3.401e-9
-300.000, -3.406e-9
-300.500, -3.410e-9
-301.000, -3.413e-9
-301.500, -3.418e-9
-302.000, -3.424e-9
-302.500, -3.430e-9
-303.000, -3.435e-9
-303.500, -3.440e-9
-304.000, -3.447e-9
-304.500, -3.455e-9
-305.000, -3.463e-9
-305.500, -3.469e-9
-306.000, -3.477e-9
-306.500, -3.487e-9
-307.000, -3.498e-9
-307.500, -3.511e-9
-308.000, -3.521e-9
-308.500, -3.532e-9
-309.000, -3.547e-9
-309.500, -3.564e-9
-310.000, -3.583e-9
-310.500, -3.599e-9
-311.000, -3.615e-9
-311.500, -3.635e-9
-312.000, -3.659e-9
-312.500, -3.685e-9
-313.000, -3.711e-9
-313.500, -3.735e-9
-314.000, -3.764e-9
-314.500, -3.797e-9
-315.000, -3.829e-9
-315.500, -3.856e-9
-316.000, -3.880e-9
-316.500, -3.909e-9
-317.000, -3.940e-9
-317.500, -3.971e-9
-318.000, -3.997e-9
-318.500, -4.020e-9
-319.000, -4.049e-9
-319.500, -4.081e-9
-320.000, -4.113e-9
-320.500, -4.139e-9
-321.000, -4.164e-9
-321.500, -4.191e-9
-322.000, -4.219e-9
-322.500, -4.244e-9
-323.000, -4.262e-9
-323.500, -4.279e-9
-324.000, -4.297e-9
-324.500, -4.316e-9
-325.000, -4.333e-9
-325.500, -4.347e-9
-326.000, -4.358e-9
-326.500, -4.370e-9
-327.000, -4.382e-9
-327.500, -4.392e-9
-328.000, -4.401e-9
-328.500, -4.408e-9
-329.000, -4.415e-9
-329.500, -4.422e-9
-330.000, -4.430e-9
-330.500, -4.434e-9
-331.000, -4.438e-9
-331.500, -4.442e-9
-332.000, -4.445e-9
-332.500, -4.448e-9
-333.000, -4.449e-9
-333.500, -4.451e-9
-334.000, -4.452e-9
-334.500, -4.452e-9
-335.000, -4.452e-9
-335.500, -4.452e-9
-336.000, -4.451e-9
-336.500, -4.450e-9
-337.000, -4.450e-9
-337.500, -4.448e-9
-338.000, -4.447e-9
-338.500, -4.445e-9
-339.000, -4.443e-9
-339.500, -4.441e-9
-340.000, -4.438e-9
-340.500, -4.435e-9
-341.000, -4.432e-9
-341.500, -4.430e-9
-342.000, -4.426e-9
-342.500, -4.423e-9
-343.000, -4.420e-9
-343.500, -4.416e-9
-344.000, -4.414e-9
-344.500, -4.411e-9
-345.000, -4.409e-9
-345.500, -4.406e-9
-346.000, -4.404e-9
-346.500, -4.403e-9
-347.000, -4.402e-9
-347.500, -4.401e-9
-348.000, -4.401e-9
-348.500, -4.401e-9
-349.000, -4.401e-9
-349.500, -4.404e-9
-350.000, -4.405e-9
-350.500, -4.407e-9
-351.000, -4.409e-9
-351.500, -4.411e-9
-352.000, -4.415e-9
-352.500, -4.419e-9
-353.000, -4.421e-9
-353.500, -4.423e-9
-354.000, -4.427e-9
-354.500, -4.431e-9
-355.000, -4.435e-9
-355.500, -4.439e-9
-356.000, -4.442e-9
-356.500, -4.445e-9
-357.000, -4.450e-9
-357.500, -4.454e-9
-358.000, -4.458e-9
-358.500, -4.461e-9
-359.000, -4.464e-9
-359.500, -4.468e-9
-360.000, -4.473e-9
-360.500, -4.477e-9
-361.000, -4.479e-9
-361.500, -4.483e-9
-362.000, -4.488e-9
-362.500, -4.490e-9
-363.000, -4.493e-9
-363.500, -4.495e-9
-364.000, -4.495e-9
-364.500, -4.497e-9
-365.000, -4.500e-9
-365.500, -4.502e-9
-366.000, -4.503e-9
-366.500, -4.504e-9
-367.000, -4.505e-9
-367.500, -4.506e-9
-368.000, -4.507e-9
-368.500, -4.508e-9
-369.000, -4.509e-9
-369.500, -4.512e-9
-370.000, -4.513e-9
-370.500, -4.515e-9
-371.000, -4.518e-9
-371.500, -4.519e-9
-372.000, -4.522e-9
-372.500, -4.525e-9
-373.000, -4.528e-9
-373.500, -4.529e-9
-374.000, -4.531e-9
-374.500, -4.533e-9
-375.000, -4.537e-9
-375.500, -4.538e-9
-376.000, -4.541e-9
-376.500, -4.543e-9
-377.000, -4.545e-9
-377.500, -4.547e-9
-378.000, -4.548e-9
-378.500, -4.548e-9
-379.000, -4.550e-9
-379.500, -4.552e-9
-380.000, -4.553e-9
-380.500, -4.553e-9
-381.000, -4.552e-9
-381.500, -4.551e-9
-382.000, -4.549e-9
-382.500, -4.547e-9
-383.000, -4.543e-9
-383.500, -4.540e-9
-384.000, -4.537e-9
-384.500, -4.533e-9
-385.000, -4.528e-9
-385.500, -4.523e-9
-386.000, -4.517e-9
-386.500, -4.513e-9
-387.000, -4.507e-9
-387.500, -4.501e-9
-388.000, -4.496e-9
-388.500, -4.490e-9
-389.000, -4.485e-9
-389.500, -4.480e-9
-390.000, -4.475e-9
-390.500, -4.470e-9
-391.000, -4.466e-9
-391.500, -4.462e-9
-392.000, -4.458e-9
-392.500, -4.455e-9
-393.000, -4.452e-9
-393.500, -4.449e-9
-394.000, -4.447e-9
-394.500, -4.445e-9
-395.000, -4.442e-9
-395.500, -4.440e-9
-396.000, -4.437e-9
-396.500, -4.435e-9
-397.000, -4.434e-9
-397.500, -4.432e-9
-398.000, -4.430e-9
-398.500, -4.429e-9
-399.000, -4.427e-9
-399.500, -4.425e-9
-400.000, -4.424e-9
-400.500, -4.422e-9
-401.000, -4.420e-9
-401.500, -4.418e-9
-402.000, -4.415e-9
-402.500, -4.413e-9
-403.000, -4.410e-9
-403.500, -4.407e-9
-404.000, -4.403e-9
-404.500, -4.399e-9
-405.000, -4.394e-9
-405.500, -4.388e-9
-406.000, -4.383e-9
-406.500, -4.377e-9
-407.000, -4.371e-9
-407.500, -4.362e-9
-408.000, -4.354e-9
-408.500, -4.346e-9
-409.000, -4.338e-9
-409.500, -4.328e-9
-410.000, -4.317e-9
-410.500, -4.305e-9
-411.000, -4.293e-9
-411.500, -4.281e-9
-412.000, -4.268e-9
-412.500, -4.253e-9
-413.000, -4.238e-9
-413.500, -4.223e-9
-414.000, -4.206e-9
-414.500, -4.188e-9
-415.000, -4.169e-9
-415.500, -4.149e-9
-416.000, -4.130e-9
-416.500, -4.111e-9
-417.000, -4.091e-9
-417.500, -4.069e-9
-418.000, -4.047e-9
-418.500, -4.027e-9
-419.000, -4.005e-9
-419.500, -3.980e-9
-420.000, -3.955e-9
-420.500, -3.931e-9
-421.000, -3.907e-9
-421.500, -3.880e-9
-422.000, -3.852e-9
-422.500, -3.822e-9
-423.000, -3.793e-9
-423.500, -3.765e-9
-424.000, -3.734e-9
-424.500, -3.704e-9
-425.000, -3.671e-9
-425.500, -3.642e-9
-426.000, -3.614e-9
-426.500, -3.584e-9
-427.000, -3.554e-9
-427.500, -3.520e-9
-428.000, -3.490e-9
-428.500, -3.463e-9
-429.000, -3.433e-9
-429.500, -3.399e-9
-430.000, -3.363e-9
-430.500, -3.327e-9
-431.000, -3.291e-9
-431.500, -3.252e-9
-432.000, -3.208e-9
-432.500, -3.165e-9
-433.000, -3.125e-9
-433.500, -3.089e-9
-434.000, -3.051e-9
-434.500, -3.011e-9
-435.000, -2.972e-9
-435.500, -2.936e-9
-436.000, -2.902e-9
-436.500, -2.869e-9
-437.000, -2.833e-9
-437.500, -2.797e-9
-438.000, -2.764e-9
-438.500, -2.732e-9
-439.000, -2.699e-9
-439.500, -2.666e-9
-440.000, -2.633e-9
-440.500, -2.604e-9
-441.000, -2.576e-9
-441.500, -2.547e-9
-442.000, -2.517e-9
-442.500, -2.486e-9
-443.000, -2.460e-9
-443.500, -2.435e-9
-444.000, -2.407e-9
-444.500, -2.381e-9
-445.000, -2.357e-9
-445.500, -2.334e-9
-446.000, -2.314e-9
-446.500, -2.294e-9
-447.000, -2.275e-9
-447.500, -2.258e-9
-448.000, -2.241e-9
-448.500, -2.227e-9
-449.000, -2.213e-9
-449.500, -2.198e-9
-450.000, -2.186e-9
-450.500, -2.174e-9
-451.000, -2.162e-9
-451.500, -2.151e-9
-452.000, -2.139e-9
-452.500, -2.129e-9
-453.000, -2.120e-9
-453.500, -2.110e-9
-454.000, -2.100e-9
-454.500, -2.091e-9
-455.000, -2.082e-9
-455.500, -2.074e-9
-456.000, -2.066e-9
-456.500, -2.058e-9
-457.000, -2.050e-9
-457.500, -2.043e-9
-458.000, -2.036e-9
-458.500, -2.029e-9
-459.000, -2.023e-9
-459.500, -2.016e-9
-460.000, -2.010e-9
-460.500, -2.004e-9
-461.000, -1.998e-9
-461.500, -1.994e-9
-462.000, -1.989e-9
-462.500, -1.983e-9
-463.000, -1.979e-9
-463.500, -1.974e-9
-464.000, -1.969e-9
-464.500, -1.965e-9
-465.000, -1.962e-9
-465.500, -1.958e-9
-466.000, -1.955e-9
-466.500, -1.950e-9
-467.000, -1.947e-9
-467.500, -1.944e-9
-468.000, -1.941e-9
-468.500, -1.938e-9
-469.000, -1.936e-9
-469.500, -1.933e-9
-470.000, -1.931e-9
-470.500, -1.927e-9
-471.000, -1.924e-9
-471.500, -1.922e-9
-472.000, -1.920e-9
-472.500, -1.918e-9
-473.000, -1.915e-9
-473.500, -1.913e-9
-474.000, -1.911e-9
-474.500, -1.909e-9
-475.000, -1.908e-9
-475.500, -1.905e-9
-476.000, -1.904e-9
-476.500, -1.902e-9
-477.000, -1.900e-9
-477.500, -1.899e-9
-478.000, -1.897e-9
-478.500, -1.895e-9
-479.000, -1.894e-9
-479.500, -1.894e-9
-480.000, -1.894e-9
-480.500, -1.892e-9
-481.000, -1.891e-9
-481.500, -1.891e-9
-482.000, -1.892e-9
-482.500, -1.891e-9
-483.000, -1.889e-9
-483.500, -1.888e-9
-484.000, -1.887e-9
-484.500, -1.888e-9
-485.000, -1.886e-9
-485.500, -1.883e-9
-486.000, -1.881e-9
-486.500, -1.880e-9
-487.000, -1.878e-9
-487.500, -1.878e-9
-488.000, -1.877e-9
-488.500, -1.876e-9
-489.000, -1.875e-9
-489.500, -1.876e-9
-490.000, -1.879e-9
-490.500, -1.880e-9
-491.000, -1.878e-9
-491.500, -1.873e-9
-492.000, -1.871e-9
-492.500, -1.873e-9
-493.000, -1.874e-9
-493.500, -1.873e-9
-494.000, -1.870e-9
-494.500, -1.868e-9
-495.000, -1.868e-9
-495.500, -1.867e-9
-496.000, -1.866e-9
-496.500, -1.866e-9
-497.000, -1.865e-9
-497.500, -1.864e-9
-498.000, -1.862e-9
-498.500, -1.860e-9
-499.000, -1.864e-9
-499.500, -1.865e-9
-500.000, -1.861e-9
