Results:

Channel 1:
Segment 1:
Ep = 0.298V
ip = -5.690e-9A
Ah = -5.633e-9C

Segment 2:
Ep = 0.123V
ip = 5.238e-9A
Ah = 5.427e-9C

Potential/V	Current/A

0.000	2.220e-10
0.001	2.032e-10
0.002	1.913e-10
0.003	1.841e-10
0.004	1.781e-10
0.005	1.742e-10
0.006	1.703e-10
0.007	1.667e-10
0.008	1.640e-10
0.009	1.605e-10
0.010	1.586e-10
0.011	1.556e-10
0.012	1.527e-10
0.013	1.507e-10
0.014	1.478e-10
0.015	1.458e-10
0.016	1.434e-10
0.017	1.408e-10
0.018	1.388e-10
0.019	1.360e-10
0.020	1.341e-10
0.021	1.317e-10
0.022	1.294e-10
0.023	1.275e-10
0.024	1.249e-10
0.025	1.231e-10
0.026	1.209e-10
0.027	1.188e-10
0.028	1.168e-10
0.029	1.143e-10
0.030	1.127e-10
0.031	1.102e-10
0.032	1.081e-10
0.033	1.064e-10
0.034	1.039e-10
0.035	1.025e-10
0.036	9.998e-11
0.037	9.799e-11
0.038	9.624e-11
0.039	9.380e-11
0.040	9.255e-11
0.041	9.023e-11
0.042	8.813e-11
0.043	8.626e-11
0.044	8.369e-11
0.045	8.237e-11
0.046	7.996e-11
0.047	7.799e-11
0.048	7.639e-11
0.049	7.367e-11
0.050	7.233e-11
0.051	6.998e-11
0.052	6.778e-11
0.053	6.617e-11
0.054	6.366e-11
0.055	6.199e-11
0.056	5.951e-11
0.057	5.729e-11
0.058	5.564e-11
0.059	5.304e-11
0.060	5.136e-11
0.061	4.907e-11
0.062	4.662e-11
0.063	4.478e-11
0.064	4.227e-11
0.065	4.050e-11
0.066	3.774e-11
0.067	3.539e-11
0.068	3.327e-11
0.069	3.066e-11
0.070	2.852e-11
0.071	2.583e-11
0.072	2.317e-11
0.073	2.099e-11
0.074	1.809e-11
0.075	1.583e-11
0.076	1.269e-11
0.077	1.013e-11
0.078	7.884e-12
0.079	4.431e-12
0.080	2.198e-12
0.081	-1.122e-12
0.082	-4.138e-12
0.083	-6.844e-12
0.084	-1.047e-11
0.085	-1.302e-11
0.086	-1.660e-11
0.087	-2.005e-11
0.088	-2.319e-11
0.089	-2.720e-11
0.090	-3.013e-11
0.091	-3.408e-11
0.092	-3.788e-11
0.093	-4.145e-11
0.094	-4.576e-11
0.095	-4.943e-11
0.096	-5.372e-11
0.097	-5.803e-11
0.098	-6.232e-11
0.099	-6.755e-11
0.100	-7.155e-11
0.101	-7.658e-11
0.102	-8.172e-11
0.103	-8.659e-11
0.104	-9.210e-11
0.105	-9.718e-11
0.106	-1.030e-10
0.107	-1.088e-10
0.108	-1.144e-10
0.109	-1.207e-10
0.110	-1.266e-10
0.111	-1.337e-10
0.112	-1.401e-10
0.113	-1.469e-10
0.114	-1.544e-10
0.115	-1.612e-10
0.116	-1.691e-10
0.117	-1.768e-10
0.118	-1.847e-10
0.119	-1.937e-10
0.120	-2.017e-10
0.121	-2.111e-10
0.122	-2.202e-10
0.123	-2.296e-10
0.124	-2.397e-10
0.125	-2.495e-10
0.126	-2.607e-10
0.127	-2.713e-10
0.128	-2.820e-10
0.129	-2.942e-10
0.130	-3.058e-10
0.131	-3.184e-10
0.132	-3.312e-10
0.133	-3.441e-10
0.134	-3.584e-10
0.135	-3.720e-10
0.136	-3.870e-10
0.137	-4.022e-10
0.138	-4.173e-10
0.139	-4.338e-10
0.140	-4.505e-10
0.141	-4.678e-10
0.142	-4.857e-10
0.143	-5.038e-10
0.144	-5.230e-10
0.145	-5.424e-10
0.146	-5.630e-10
0.147	-5.837e-10
0.148	-6.051e-10
0.149	-6.277e-10
0.150	-6.501e-10
0.151	-6.745e-10
0.152	-6.984e-10
0.153	-7.235e-10
0.154	-7.501e-10
0.155	-7.764e-10
0.156	-8.044e-10
0.157	-8.325e-10
0.158	-8.621e-10
0.159	-8.928e-10
0.160	-9.234e-10
0.161	-9.560e-10
0.162	-9.884e-10
0.163	-1.022e-9
0.164	-1.058e-9
0.165	-1.092e-9
0.166	-1.130e-9
0.167	-1.167e-9
0.168	-1.205e-9
0.169	-1.246e-9
0.170	-1.286e-9
0.171	-1.328e-9
0.172	-1.371e-9
0.173	-1.414e-9
0.174	-1.460e-9
0.175	-1.505e-9
0.176	-1.552e-9
0.177	-1.601e-9
0.178	-1.650e-9
0.179	-1.700e-9
0.180	-1.751e-9
0.181	-1.803e-9
0.182	-1.857e-9
0.183	-1.910e-9
0.184	-1.966e-9
0.185	-2.022e-9
0.186	-2.079e-9
0.187	-2.137e-9
0.188	-2.195e-9
0.189	-2.255e-9
0.190	-2.316e-9
0.191	-2.377e-9
0.192	-2.440e-9
0.193	-2.502e-9
0.194	-2.566e-9
0.195	-2.630e-9
0.196	-2.695e-9
0.197	-2.760e-9
0.198	-2.826e-9
0.199	-2.893e-9
0.200	-2.960e-9
0.201	-3.027e-9
0.202	-3.093e-9
0.203	-3.160e-9
0.204	-3.229e-9
0.205	-3.297e-9
0.206	-3.367e-9
0.207	-3.434e-9
0.208	-3.502e-9
0.209	-3.571e-9
0.210	-3.637e-9
0.211	-3.705e-9
0.212	-3.771e-9
0.213	-3.838e-9
0.214	-3.905e-9
0.215	-3.970e-9
0.216	-4.035e-9
0.217	-4.100e-9
0.218	-4.165e-9
0.219	-4.228e-9
0.220	-4.289e-9
0.221	-4.350e-9
0.222	-4.411e-9
0.223	-4.471e-9
0.224	-4.530e-9
0.225	-4.589e-9
0.226	-4.646e-9
0.227	-4.701e-9
0.228	-4.756e-9
0.229	-4.809e-9
0.230	-4.862e-9
0.231	-4.914e-9
0.232	-4.964e-9
0.233	-5.012e-9
0.234	-5.060e-9
0.235	-5.107e-9
0.236	-5.153e-9
0.237	-5.196e-9
0.238	-5.239e-9
0.239	-5.280e-9
0.240	-5.320e-9
0.241	-5.360e-9
0.242	-5.397e-9
0.243	-5.433e-9
0.244	-5.469e-9
0.245	-5.501e-9
0.246	-5.536e-9
0.247	-5.566e-9
0.248	-5.597e-9
0.249	-5.626e-9
0.250	-5.655e-9
0.251	-5.684e-9
0.252	-5.709e-9
0.253	-5.733e-9
0.254	-5.758e-9
0.255	-5.780e-9
0.256	-5.802e-9
0.257	-5.824e-9
0.258	-5.843e-9
0.259	-5.863e-9
0.260	-5.879e-9
0.261	-5.897e-9
0.262	-5.914e-9
0.263	-5.930e-9
0.264	-5.944e-9
0.265	-5.957e-9
0.266	-5.971e-9
0.267	-5.984e-9
0.268	-5.996e-9
0.269	-6.006e-9
0.270	-6.017e-9
0.271	-6.029e-9
0.272	-6.037e-9
0.273	-6.044e-9
0.274	-6.052e-9
0.275	-6.060e-9
0.276	-6.067e-9
0.277	-6.074e-9
0.278	-6.081e-9
0.279	-6.088e-9
0.280	-6.095e-9
0.281	-6.099e-9
0.282	-6.103e-9
0.283	-6.107e-9
0.284	-6.110e-9
0.285	-6.113e-9
0.286	-6.117e-9
0.287	-6.120e-9
0.288	-6.122e-9
0.289	-6.125e-9
0.290	-6.127e-9
0.291	-6.129e-9
0.292	-6.129e-9
0.293	-6.131e-9
0.294	-6.132e-9
0.295	-6.133e-9
0.296	-6.134e-9
0.297	-6.136e-9
0.298	-6.136e-9
0.299	-6.135e-9
0.300	-6.134e-9
0.301	-6.134e-9
0.302	-6.135e-9
0.303	-6.135e-9
0.304	-6.134e-9
0.305	-6.134e-9
0.306	-6.133e-9
0.307	-6.132e-9
0.308	-6.131e-9
0.309	-6.130e-9
0.310	-6.128e-9
0.311	-6.127e-9
0.312	-6.125e-9
0.313	-6.124e-9
0.314	-6.122e-9
0.315	-6.121e-9
0.316	-6.119e-9
0.317	-6.116e-9
0.318	-6.117e-9
0.319	-6.116e-9
0.320	-6.113e-9
0.321	-6.112e-9
0.322	-6.111e-9
0.323	-6.109e-9
0.324	-6.109e-9
0.325	-6.106e-9
0.326	-6.103e-9
0.327	-6.101e-9
0.328	-6.100e-9
0.329	-6.098e-9
0.330	-6.096e-9
0.331	-6.094e-9
0.332	-6.091e-9
0.333	-6.089e-9
0.334	-6.088e-9
0.335	-6.087e-9
0.336	-6.086e-9
0.337	-6.083e-9
0.338	-6.081e-9
0.339	-6.079e-9
0.340	-6.077e-9
0.341	-6.075e-9
0.342	-6.074e-9
0.343	-6.070e-9
0.344	-6.068e-9
0.345	-6.067e-9
0.346	-6.066e-9
0.347	-6.064e-9
0.348	-6.062e-9
0.349	-6.061e-9
0.350	-6.060e-9
0.351	-6.058e-9
0.352	-6.056e-9
0.353	-6.053e-9
0.354	-6.052e-9
0.355	-6.051e-9
0.356	-6.051e-9
0.357	-6.047e-9
0.358	-6.045e-9
0.359	-6.043e-9
0.360	-6.041e-9
0.361	-6.040e-9
0.362	-6.038e-9
0.363	-6.037e-9
0.364	-6.037e-9
0.365	-6.035e-9
0.366	-6.034e-9
0.367	-6.033e-9
0.368	-6.031e-9
0.369	-6.029e-9
0.370	-6.027e-9
0.371	-6.027e-9
0.372	-6.026e-9
0.373	-6.024e-9
0.374	-6.024e-9
0.375	-6.023e-9
0.376	-6.021e-9
0.377	-6.019e-9
0.378	-6.018e-9
0.379	-6.017e-9
0.380	-6.017e-9
0.381	-6.016e-9
0.382	-6.014e-9
0.383	-6.013e-9
0.384	-6.011e-9
0.385	-6.011e-9
0.386	-6.010e-9
0.387	-6.007e-9
0.388	-6.008e-9
0.389	-6.008e-9
0.390	-6.005e-9
0.391	-6.005e-9
0.392	-6.003e-9
0.393	-6.003e-9
0.394	-6.004e-9
0.395	-6.003e-9
0.396	-6.002e-9
0.397	-6.000e-9
0.398	-6.000e-9
0.399	-6.000e-9
0.400	-5.984e-9
0.399	-5.941e-9
0.398	-5.909e-9
0.397	-5.888e-9
0.396	-5.871e-9
0.395	-5.858e-9
0.394	-5.848e-9
0.393	-5.835e-9
0.392	-5.825e-9
0.391	-5.819e-9
0.390	-5.810e-9
0.389	-5.802e-9
0.388	-5.793e-9
0.387	-5.787e-9
0.386	-5.783e-9
0.385	-5.777e-9
0.384	-5.770e-9
0.383	-5.763e-9
0.382	-5.757e-9
0.381	-5.749e-9
0.380	-5.743e-9
0.379	-5.739e-9
0.378	-5.734e-9
0.377	-5.728e-9
0.376	-5.723e-9
0.375	-5.716e-9
0.374	-5.713e-9
0.373	-5.709e-9
0.372	-5.703e-9
0.371	-5.698e-9
0.370	-5.693e-9
0.369	-5.689e-9
0.368	-5.684e-9
0.367	-5.680e-9
0.366	-5.674e-9
0.365	-5.669e-9
0.364	-5.666e-9
0.363	-5.660e-9
0.362	-5.656e-9
0.361	-5.652e-9
0.360	-5.648e-9
0.359	-5.644e-9
0.358	-5.639e-9
0.357	-5.637e-9
0.356	-5.632e-9
0.355	-5.626e-9
0.354	-5.623e-9
0.353	-5.617e-9
0.352	-5.614e-9
0.351	-5.610e-9
0.350	-5.605e-9
0.349	-5.602e-9
0.348	-5.597e-9
0.347	-5.594e-9
0.346	-5.589e-9
0.345	-5.584e-9
0.344	-5.580e-9
0.343	-5.576e-9
0.342	-5.572e-9
0.341	-5.567e-9
0.340	-5.562e-9
0.339	-5.557e-9
0.338	-5.552e-9
0.337	-5.548e-9
0.336	-5.544e-9
0.335	-5.538e-9
0.334	-5.534e-9
0.333	-5.527e-9
0.332	-5.523e-9
0.331	-5.518e-9
0.330	-5.512e-9
0.329	-5.508e-9
0.328	-5.501e-9
0.327	-5.495e-9
0.326	-5.490e-9
0.325	-5.484e-9
0.324	-5.477e-9
0.323	-5.471e-9
0.322	-5.466e-9
0.321	-5.460e-9
0.320	-5.453e-9
0.319	-5.447e-9
0.318	-5.438e-9
0.317	-5.431e-9
0.316	-5.425e-9
0.315	-5.418e-9
0.314	-5.410e-9
0.313	-5.402e-9
0.312	-5.395e-9
0.311	-5.388e-9
0.310	-5.379e-9
0.309	-5.369e-9
0.308	-5.360e-9
0.307	-5.352e-9
0.306	-5.342e-9
0.305	-5.334e-9
0.304	-5.323e-9
0.303	-5.312e-9
0.302	-5.301e-9
0.301	-5.289e-9
0.300	-5.277e-9
0.299	-5.265e-9
0.298	-5.254e-9
0.297	-5.243e-9
0.296	-5.232e-9
0.295	-5.218e-9
0.294	-5.205e-9
0.293	-5.190e-9
0.292	-5.176e-9
0.291	-5.163e-9
0.290	-5.147e-9
0.289	-5.132e-9
0.288	-5.114e-9
0.287	-5.096e-9
0.286	-5.080e-9
0.285	-5.064e-9
0.284	-5.048e-9
0.283	-5.027e-9
0.282	-5.005e-9
0.281	-4.984e-9
0.280	-4.962e-9
0.279	-4.942e-9
0.278	-4.921e-9
0.277	-4.899e-9
0.276	-4.876e-9
0.275	-4.852e-9
0.274	-4.827e-9
0.273	-4.800e-9
0.272	-4.775e-9
0.271	-4.749e-9
0.270	-4.720e-9
0.269	-4.692e-9
0.268	-4.663e-9
0.267	-4.633e-9
0.266	-4.601e-9
0.265	-4.569e-9
0.264	-4.537e-9
0.263	-4.502e-9
0.262	-4.468e-9
0.261	-4.432e-9
0.260	-4.396e-9
0.259	-4.358e-9
0.258	-4.318e-9
0.257	-4.279e-9
0.256	-4.240e-9
0.255	-4.198e-9
0.254	-4.154e-9
0.253	-4.111e-9
0.252	-4.067e-9
0.251	-4.021e-9
0.250	-3.973e-9
0.249	-3.927e-9
0.248	-3.877e-9
0.247	-3.828e-9
0.246	-3.778e-9
0.245	-3.726e-9
0.244	-3.675e-9
0.243	-3.621e-9
0.242	-3.565e-9
0.241	-3.509e-9
0.240	-3.453e-9
0.239	-3.395e-9
0.238	-3.336e-9
0.237	-3.277e-9
0.236	-3.217e-9
0.235	-3.156e-9
0.234	-3.096e-9
0.233	-3.035e-9
0.232	-2.972e-9
0.231	-2.908e-9
0.230	-2.844e-9
0.229	-2.780e-9
0.228	-2.714e-9
0.227	-2.650e-9
0.226	-2.584e-9
0.225	-2.518e-9
0.224	-2.450e-9
0.223	-2.383e-9
0.222	-2.317e-9
0.221	-2.250e-9
0.220	-2.183e-9
0.219	-2.116e-9
0.218	-2.048e-9
0.217	-1.982e-9
0.216	-1.914e-9
0.215	-1.848e-9
0.214	-1.781e-9
0.213	-1.714e-9
0.212	-1.650e-9
0.211	-1.585e-9
0.210	-1.520e-9
0.209	-1.457e-9
0.208	-1.393e-9
0.207	-1.331e-9
0.206	-1.269e-9
0.205	-1.207e-9
0.204	-1.146e-9
0.203	-1.087e-9
0.202	-1.029e-9
0.201	-9.715e-10
0.200	-9.143e-10
0.199	-8.591e-10
0.198	-8.045e-10
0.197	-7.511e-10
0.196	-6.985e-10
0.195	-6.476e-10
0.194	-5.975e-10
0.193	-5.482e-10
0.192	-5.007e-10
0.191	-4.536e-10
0.190	-4.079e-10
0.189	-3.640e-10
0.188	-3.212e-10
0.187	-2.802e-10
0.186	-2.391e-10
0.185	-1.997e-10
0.184	-1.613e-10
0.183	-1.240e-10
0.182	-8.895e-11
0.181	-5.369e-11
0.180	-2.037e-11
0.179	1.159e-11
0.178	4.415e-11
0.177	7.316e-11
0.176	1.027e-10
0.175	1.307e-10
0.174	1.567e-10
0.173	1.829e-10
0.172	2.074e-10
0.171	2.316e-10
0.170	2.547e-10
0.169	2.760e-10
0.168	2.968e-10
0.167	3.161e-10
0.166	3.352e-10
0.165	3.539e-10
0.164	3.712e-10
0.163	3.880e-10
0.162	4.037e-10
0.161	4.188e-10
0.160	4.327e-10
0.159	4.463e-10
0.158	4.592e-10
0.157	4.711e-10
0.156	4.828e-10
0.155	4.936e-10
0.154	5.037e-10
0.153	5.137e-10
0.152	5.224e-10
0.151	5.317e-10
0.150	5.392e-10
0.149	5.469e-10
0.148	5.544e-10
0.147	5.603e-10
0.146	5.670e-10
0.145	5.728e-10
0.144	5.778e-10
0.143	5.835e-10
0.142	5.874e-10
0.141	5.920e-10
0.140	5.959e-10
0.139	5.994e-10
0.138	6.031e-10
0.137	6.055e-10
0.136	6.087e-10
0.135	6.114e-10
0.134	6.130e-10
0.133	6.154e-10
0.132	6.169e-10
0.131	6.186e-10
0.130	6.198e-10
0.129	6.208e-10
0.128	6.222e-10
0.127	6.228e-10
0.126	6.233e-10
0.125	6.237e-10
0.124	6.239e-10
0.123	6.241e-10
0.122	6.240e-10
0.121	6.240e-10
0.120	6.236e-10
0.119	6.232e-10
0.118	6.229e-10
0.117	6.220e-10
0.116	6.219e-10
0.115	6.209e-10
0.114	6.203e-10
0.113	6.199e-10
0.112	6.183e-10
0.111	6.179e-10
0.110	6.162e-10
0.109	6.152e-10
0.108	6.144e-10
0.107	6.127e-10
0.106	6.121e-10
0.105	6.106e-10
0.104	6.091e-10
0.103	6.081e-10
0.102	6.060e-10
0.101	6.052e-10
0.100	6.036e-10
0.099	6.018e-10
0.098	6.007e-10
0.097	5.986e-10
0.096	5.977e-10
0.095	5.962e-10
0.094	5.944e-10
0.093	5.930e-10
0.092	5.911e-10
0.091	5.900e-10
0.090	5.886e-10
0.089	5.867e-10
0.088	5.855e-10
0.087	5.837e-10
0.086	5.821e-10
0.085	5.806e-10
0.084	5.790e-10
0.083	5.778e-10
0.082	5.759e-10
0.081	5.749e-10
0.080	5.731e-10
0.079	5.717e-10
0.078	5.705e-10
0.077	5.685e-10
0.076	5.677e-10
0.075	5.659e-10
0.074	5.643e-10
0.073	5.636e-10
0.072	5.618e-10
0.071	5.610e-10
0.070	5.594e-10
0.069	5.582e-10
0.068	5.574e-10
0.067	5.553e-10
0.066	5.545e-10
0.065	5.530e-10
0.064	5.518e-10
0.063	5.512e-10
0.062	5.492e-10
0.061	5.486e-10
0.060	5.474e-10
0.059	5.463e-10
0.058	5.460e-10
0.057	5.444e-10
0.056	5.439e-10
0.055	5.427e-10
0.054	5.415e-10
0.053	5.411e-10
0.052	5.398e-10
0.051	5.390e-10
0.050	5.383e-10
0.049	5.373e-10
0.048	5.368e-10
0.047	5.357e-10
0.046	5.353e-10
0.045	5.344e-10
0.044	5.338e-10
0.043	5.334e-10
0.042	5.324e-10
0.041	5.323e-10
0.040	5.315e-10
0.039	5.309e-10
0.038	5.305e-10
0.037	5.295e-10
0.036	5.299e-10
0.035	5.291e-10
0.034	5.286e-10
0.033	5.287e-10
0.032	5.278e-10
0.031	5.279e-10
0.030	5.274e-10
0.029	5.269e-10
0.028	5.271e-10
0.027	5.264e-10
0.026	5.267e-10
0.025	5.262e-10
0.024	5.259e-10
0.023	5.263e-10
0.022	5.256e-10
0.021	5.261e-10
0.020	5.260e-10
0.019	5.259e-10
0.018	5.261e-10
0.017	5.257e-10
0.016	5.263e-10
0.015	5.263e-10
0.014	5.265e-10
0.013	5.267e-10
0.012	5.264e-10
0.011	5.270e-10
0.010	5.272e-10
0.009	5.273e-10
0.008	5.280e-10
0.007	5.278e-10
0.006	5.286e-10
0.005	5.286e-10
0.004	5.290e-10
0.003	5.299e-10
0.002	5.299e-10
0.001	5.309e-10
