Distance/um	Current/A

-49.100	-5.134e-9
-48.100	-5.135e-9
-47.179	-5.135e-9
-46.179	-5.135e-9
-45.179	-5.136e-9
-44.179	-5.134e-9
-43.181	-5.134e-9
-42.182	-5.134e-9
-41.182	-5.133e-9
-40.184	-5.134e-9
-39.184	-5.133e-9
-38.185	-5.134e-9
-37.185	-5.135e-9
-36.185	-5.135e-9
-35.185	-5.135e-9
-34.185	-5.135e-9
-33.185	-5.135e-9
-32.185	-5.135e-9
-31.185	-5.134e-9
-30.186	-5.134e-9
-29.186	-5.134e-9
-28.186	-5.135e-9
-27.186	-5.135e-9
-26.186	-5.136e-9
-25.186	-5.135e-9
-24.186	-5.135e-9
-23.186	-5.136e-9
-22.186	-5.136e-9
-21.186	-5.135e-9
-20.186	-5.134e-9
-19.186	-5.136e-9
-18.186	-5.136e-9
-17.186	-5.136e-9
-16.186	-5.137e-9
-15.186	-5.137e-9
-14.186	-5.137e-9
-13.186	-5.137e-9
-12.186	-5.137e-9
-11.186	-5.136e-9
-10.186	-5.137e-9
-9.186	-5.137e-9
-8.186	-5.137e-9
-7.186	-5.137e-9
-6.186	-5.138e-9
-5.186	-5.138e-9
-4.186	-5.138e-9
-3.186	-5.139e-9
-2.186	-5.139e-9
-1.186	-5.138e-9
-0.186	-5.138e-9
0.814	-5.137e-9
1.814	-5.138e-9
2.814	-5.139e-9
3.814	-5.140e-9
4.814	-5.140e-9
5.814	-5.140e-9
6.814	-5.139e-9
7.814	-5.139e-9
8.814	-5.139e-9
9.814	-5.139e-9
10.814	-5.139e-9
11.814	-5.140e-9
12.814	-5.140e-9
13.814	-5.141e-9
14.814	-5.141e-9
15.814	-5.140e-9
16.814	-5.140e-9
17.814	-5.140e-9
18.814	-5.140e-9
19.814	-5.140e-9
20.814	-5.141e-9
21.814	-5.141e-9
22.814	-5.142e-9
23.814	-5.142e-9
24.814	-5.142e-9
25.814	-5.143e-9
26.814	-5.143e-9
27.814	-5.143e-9
28.814	-5.142e-9
29.814	-5.142e-9
30.814	-5.142e-9
31.814	-5.142e-9
32.814	-5.143e-9
33.814	-5.144e-9
34.814	-5.144e-9
35.814	-5.144e-9
36.814	-5.144e-9
37.814	-5.143e-9
38.814	-5.143e-9
39.814	-5.143e-9
40.814	-5.143e-9
41.814	-5.144e-9
42.814	-5.144e-9
43.814	-5.144e-9
44.814	-5.145e-9
45.814	-5.145e-9
46.814	-5.145e-9
47.814	-5.145e-9
48.814	-5.144e-9
49.814	-5.144e-9
50.814	-5.144e-9
51.814	-5.145e-9
52.814	-5.146e-9
53.814	-5.146e-9
54.814	-5.146e-9
55.814	-5.146e-9
56.814	-5.146e-9
57.814	-5.146e-9
58.814	-5.146e-9
59.814	-5.146e-9
60.814	-5.145e-9
61.814	-5.145e-9
62.814	-5.147e-9
63.814	-5.147e-9
64.814	-5.148e-9
65.814	-5.148e-9
66.814	-5.146e-9
67.814	-5.147e-9
68.814	-5.147e-9
69.814	-5.147e-9
70.814	-5.146e-9
71.814	-5.148e-9
72.814	-5.148e-9
73.814	-5.149e-9
74.814	-5.148e-9
75.814	-5.148e-9
76.814	-5.148e-9
77.814	-5.148e-9
78.814	-5.147e-9
79.814	-5.148e-9
80.814	-5.148e-9
81.814	-5.148e-9
82.814	-5.148e-9
83.814	-5.149e-9
84.814	-5.150e-9
85.814	-5.149e-9
86.814	-5.148e-9
87.814	-5.148e-9
88.814	-5.147e-9
89.814	-5.149e-9
90.814	-5.148e-9
91.814	-5.149e-9
92.814	-5.149e-9
93.814	-5.151e-9
94.814	-5.150e-9
95.814	-5.150e-9
96.814	-5.150e-9
97.814	-5.150e-9
98.814	-5.149e-9
99.814	-5.149e-9
100.814	-5.149e-9
101.814	-5.150e-9
102.814	-5.151e-9
103.814	-5.150e-9
104.814	-5.151e-9
105.814	-5.150e-9
106.814	-5.150e-9
107.814	-5.150e-9
108.814	-5.150e-9
109.814	-5.150e-9
110.814	-5.150e-9
111.814	-5.150e-9
112.814	-5.150e-9
113.814	-5.151e-9
114.814	-5.152e-9
115.814	-5.151e-9
116.814	-5.152e-9
117.814	-5.151e-9
118.814	-5.151e-9
119.814	-5.151e-9
120.814	-5.150e-9
121.814	-5.151e-9
122.814	-5.151e-9
123.814	-5.152e-9
124.814	-5.153e-9
125.814	-5.152e-9
126.814	-5.151e-9
127.814	-5.151e-9
128.814	-5.150e-9
129.814	-5.150e-9
130.814	-5.150e-9
131.814	-5.150e-9
132.814	-5.152e-9
133.814	-5.153e-9
134.814	-5.152e-9
135.814	-5.152e-9
136.814	-5.152e-9
137.814	-5.152e-9
138.814	-5.151e-9
139.814	-5.151e-9
140.814	-5.151e-9
141.814	-5.152e-9
142.814	-5.152e-9
143.814	-5.152e-9
144.814	-5.153e-9
145.814	-5.152e-9
146.814	-5.153e-9
147.814	-5.152e-9
148.814	-5.151e-9
149.814	-5.151e-9
150.814	-5.151e-9
151.814	-5.151e-9
152.814	-5.152e-9
153.814	-5.153e-9
154.814	-5.152e-9
155.814	-5.152e-9
156.814	-5.153e-9
157.814	-5.152e-9
158.814	-5.151e-9
159.814	-5.151e-9
160.814	-5.152e-9
161.814	-5.151e-9
162.814	-5.152e-9
163.814	-5.153e-9
164.814	-5.152e-9
165.814	-5.152e-9
166.814	-5.153e-9
167.814	-5.153e-9
168.814	-5.152e-9
169.814	-5.153e-9
170.814	-5.151e-9
171.814	-5.152e-9
172.814	-5.152e-9
173.814	-5.153e-9
174.814	-5.153e-9
175.814	-5.153e-9
176.814	-5.153e-9
177.814	-5.151e-9
178.814	-5.151e-9
179.814	-5.151e-9
180.814	-5.152e-9
181.814	-5.152e-9
182.814	-5.153e-9
183.814	-5.153e-9
184.814	-5.153e-9
185.814	-5.153e-9
186.814	-5.152e-9
187.814	-5.152e-9
188.814	-5.149e-9
189.814	-5.148e-9
190.814	-5.149e-9
191.814	-5.151e-9
192.814	-5.152e-9
193.814	-5.153e-9
194.814	-5.153e-9
195.814	-5.153e-9
196.814	-5.152e-9
197.814	-5.152e-9
198.814	-5.151e-9
199.814	-5.151e-9
200.814	-5.151e-9
201.814	-5.151e-9
202.814	-5.153e-9
203.814	-5.153e-9
204.814	-5.153e-9
205.814	-5.153e-9
206.814	-5.152e-9
207.814	-5.152e-9
208.814	-5.151e-9
209.814	-5.151e-9
210.814	-5.151e-9
211.814	-5.152e-9
212.814	-5.153e-9
213.814	-5.153e-9
214.814	-5.153e-9
215.814	-5.152e-9
216.814	-5.152e-9
217.814	-5.151e-9
218.814	-5.151e-9
219.814	-5.151e-9
220.814	-5.151e-9
221.814	-5.151e-9
222.814	-5.152e-9
223.814	-5.152e-9
224.814	-5.153e-9
225.814	-5.152e-9
226.814	-5.151e-9
227.814	-5.152e-9
228.814	-5.151e-9
229.814	-5.151e-9
230.814	-5.151e-9
231.814	-5.151e-9
232.814	-5.152e-9
233.814	-5.152e-9
234.814	-5.153e-9
235.814	-5.152e-9
236.814	-5.152e-9
237.814	-5.151e-9
238.814	-5.150e-9
239.814	-5.151e-9
240.814	-5.152e-9
241.814	-5.152e-9
242.814	-5.152e-9
243.814	-5.152e-9
244.814	-5.151e-9
245.814	-5.152e-9
246.814	-5.152e-9
247.814	-5.152e-9
248.814	-5.150e-9
249.814	-5.150e-9
250.814	-5.150e-9
251.814	-5.150e-9
252.814	-5.151e-9
253.814	-5.151e-9
254.814	-5.152e-9
255.814	-5.152e-9
256.814	-5.151e-9
257.814	-5.151e-9
258.814	-5.150e-9
259.814	-5.151e-9
260.814	-5.150e-9
261.814	-5.149e-9
262.814	-5.150e-9
263.814	-5.151e-9
264.814	-5.152e-9
265.814	-5.151e-9
266.814	-5.151e-9
267.814	-5.151e-9
268.814	-5.150e-9
269.814	-5.150e-9
270.814	-5.150e-9
271.814	-5.150e-9
272.814	-5.151e-9
273.814	-5.151e-9
274.814	-5.151e-9
275.814	-5.151e-9
276.814	-5.150e-9
277.814	-5.150e-9
278.814	-5.150e-9
279.814	-5.150e-9
280.814	-5.149e-9
281.814	-5.150e-9
282.814	-5.149e-9
283.814	-5.150e-9
284.814	-5.151e-9
285.814	-5.150e-9
286.814	-5.150e-9
287.814	-5.150e-9
288.814	-5.148e-9
289.814	-5.149e-9
290.814	-5.150e-9
291.814	-5.149e-9
292.814	-5.150e-9
293.814	-5.150e-9
294.814	-5.150e-9
295.814	-5.150e-9
296.814	-5.149e-9
297.814	-5.149e-9
298.814	-5.149e-9
299.814	-5.148e-9
300.814	-5.148e-9
301.814	-5.148e-9
302.814	-5.149e-9
303.814	-5.149e-9
304.814	-5.150e-9
305.814	-5.150e-9
306.814	-5.148e-9
307.814	-5.148e-9
308.814	-5.148e-9
309.814	-5.148e-9
310.814	-5.148e-9
311.814	-5.148e-9
312.814	-5.149e-9
313.814	-5.149e-9
314.814	-5.149e-9
315.814	-5.149e-9
316.814	-5.148e-9
317.814	-5.148e-9
318.814	-5.147e-9
319.814	-5.147e-9
320.814	-5.148e-9
321.814	-5.147e-9
322.814	-5.147e-9
323.814	-5.149e-9
324.814	-5.149e-9
325.814	-5.149e-9
326.814	-5.147e-9
327.814	-5.146e-9
328.814	-5.146e-9
329.814	-5.147e-9
330.814	-5.146e-9
331.814	-5.147e-9
332.814	-5.148e-9
333.814	-5.148e-9
334.814	-5.148e-9
335.814	-5.148e-9
336.814	-5.147e-9
337.814	-5.147e-9
338.814	-5.146e-9
339.814	-5.146e-9
340.814	-5.146e-9
341.814	-5.146e-9
342.814	-5.147e-9
343.814	-5.147e-9
344.814	-5.147e-9
345.814	-5.146e-9
346.814	-5.146e-9
347.814	-5.146e-9
348.814	-5.146e-9
349.814	-5.146e-9
350.814	-5.146e-9
351.814	-5.145e-9
352.814	-5.146e-9
353.814	-5.147e-9
354.814	-5.147e-9
355.814	-5.147e-9
356.814	-5.146e-9
357.814	-5.146e-9
358.814	-5.145e-9
359.814	-5.145e-9
360.814	-5.145e-9
361.814	-5.145e-9
362.814	-5.146e-9
363.814	-5.146e-9
364.814	-5.146e-9
365.814	-5.146e-9
366.814	-5.146e-9
367.814	-5.144e-9
368.814	-5.144e-9
369.814	-5.144e-9
370.814	-5.144e-9
371.814	-5.145e-9
372.814	-5.145e-9
373.814	-5.145e-9
374.814	-5.146e-9
375.814	-5.145e-9
376.814	-5.145e-9
377.814	-5.144e-9
378.814	-5.143e-9
379.814	-5.144e-9
380.814	-5.143e-9
381.814	-5.144e-9
382.814	-5.144e-9
383.814	-5.145e-9
384.814	-5.145e-9
385.814	-5.145e-9
386.814	-5.145e-9
387.814	-5.144e-9
388.814	-5.143e-9
389.814	-5.143e-9
390.814	-5.143e-9
391.814	-5.143e-9
392.814	-5.144e-9
393.814	-5.143e-9
394.814	-5.144e-9
395.814	-5.144e-9
396.814	-5.144e-9
397.814	-5.143e-9
398.814	-5.142e-9
399.814	-5.142e-9
400.814	-5.142e-9
401.814	-5.143e-9
402.814	-5.143e-9
403.814	-5.143e-9
404.814	-5.144e-9
405.814	-5.143e-9
406.814	-5.143e-9
407.814	-5.142e-9
408.814	-5.142e-9
409.814	-5.142e-9
410.814	-5.142e-9
411.814	-5.142e-9
412.814	-5.143e-9
413.814	-5.144e-9
414.814	-5.144e-9
415.814	-5.143e-9
416.814	-5.143e-9
417.814	-5.142e-9
418.814	-5.141e-9
419.814	-5.141e-9
420.814	-5.141e-9
421.814	-5.141e-9
422.814	-5.141e-9
423.814	-5.143e-9
424.814	-5.143e-9
425.814	-5.142e-9
426.814	-5.142e-9
427.814	-5.142e-9
428.814	-5.141e-9
429.814	-5.141e-9
430.814	-5.141e-9
431.814	-5.141e-9
432.814	-5.142e-9
433.814	-5.142e-9
434.814	-5.142e-9
435.814	-5.142e-9
436.814	-5.141e-9
437.814	-5.140e-9
438.814	-5.140e-9
439.814	-5.141e-9
440.814	-5.140e-9
441.814	-5.140e-9
442.814	-5.142e-9
443.814	-5.142e-9
444.814	-5.141e-9
445.814	-5.141e-9
446.814	-5.141e-9
447.814	-5.140e-9
448.814	-5.139e-9
449.814	-5.140e-9
450.814	-5.140e-9
451.814	-5.140e-9
452.814	-5.141e-9
453.814	-5.141e-9
454.814	-5.141e-9
455.814	-5.140e-9
456.814	-5.141e-9
457.814	-5.139e-9
458.814	-5.139e-9
459.814	-5.139e-9
460.814	-5.139e-9
461.814	-5.139e-9
462.814	-5.140e-9
463.814	-5.141e-9
464.814	-5.141e-9
465.814	-5.140e-9
466.814	-5.140e-9
467.814	-5.140e-9
468.814	-5.139e-9
469.814	-5.140e-9
470.814	-5.139e-9
471.814	-5.139e-9
472.814	-5.140e-9
473.814	-5.141e-9
474.814	-5.141e-9
475.814	-5.141e-9
476.814	-5.140e-9
477.814	-5.139e-9
478.814	-5.138e-9
479.814	-5.138e-9
480.814	-5.139e-9
481.814	-5.140e-9
482.814	-5.140e-9
483.814	-5.140e-9
484.814	-5.140e-9
485.814	-5.140e-9
486.814	-5.140e-9
487.814	-5.139e-9
488.814	-5.138e-9
489.814	-5.139e-9
490.814	-5.138e-9
491.814	-5.138e-9
492.814	-5.140e-9
493.814	-5.140e-9
494.814	-5.140e-9
495.814	-5.139e-9
496.814	-5.139e-9
497.814	-5.139e-9
498.814	-5.138e-9
499.814	-5.139e-9
500.814	-5.138e-9
501.814	-5.138e-9
502.814	-5.139e-9
503.814	-5.139e-9
504.814	-5.139e-9
505.814	-5.139e-9
506.814	-5.139e-9
507.814	-5.139e-9
508.814	-5.138e-9
509.814	-5.139e-9
510.814	-5.138e-9
511.814	-5.139e-9
512.814	-5.139e-9
513.814	-5.138e-9
514.814	-5.139e-9
515.814	-5.139e-9
516.814	-5.139e-9
517.814	-5.139e-9
518.814	-5.138e-9
519.814	-5.138e-9
520.814	-5.138e-9
521.814	-5.138e-9
522.814	-5.139e-9
523.814	-5.139e-9
524.814	-5.139e-9
525.814	-5.138e-9
526.814	-5.139e-9
527.814	-5.139e-9
528.814	-5.137e-9
529.814	-5.138e-9
530.814	-5.137e-9
531.814	-5.138e-9
532.814	-5.138e-9
533.814	-5.139e-9
534.814	-5.139e-9
535.814	-5.138e-9
536.814	-5.138e-9
537.814	-5.138e-9
538.814	-5.137e-9
539.814	-5.138e-9
540.814	-5.137e-9
541.814	-5.138e-9
542.814	-5.139e-9
543.814	-5.139e-9
544.814	-5.139e-9
545.814	-5.139e-9
546.814	-5.139e-9
547.814	-5.138e-9
548.814	-5.137e-9
549.814	-5.137e-9
550.814	-5.138e-9
551.814	-5.139e-9
552.814	-5.139e-9
553.814	-5.139e-9
554.814	-5.140e-9
555.814	-5.139e-9
556.814	-5.139e-9
557.814	-5.139e-9
558.814	-5.138e-9
559.814	-5.138e-9
560.814	-5.136e-9
561.813	-5.138e-9
562.813	-5.138e-9
563.813	-5.139e-9
564.813	-5.139e-9
565.813	-5.139e-9
566.813	-5.139e-9
567.813	-5.139e-9
568.813	-5.139e-9
569.813	-5.138e-9
570.813	-5.139e-9
571.813	-5.139e-9
572.813	-5.139e-9
573.813	-5.140e-9
574.813	-5.140e-9
575.813	-5.140e-9
576.813	-5.139e-9
577.813	-5.139e-9
578.813	-5.138e-9
579.813	-5.138e-9
580.813	-5.139e-9
581.813	-5.140e-9
582.813	-5.140e-9
583.813	-5.140e-9
584.813	-5.140e-9
585.813	-5.141e-9
586.813	-5.140e-9
587.813	-5.140e-9
588.813	-5.139e-9
589.813	-5.139e-9
590.813	-5.139e-9
591.813	-5.139e-9
592.813	-5.140e-9
593.813	-5.141e-9
594.813	-5.141e-9
595.813	-5.140e-9
596.813	-5.140e-9
597.813	-5.140e-9
598.813	-5.139e-9
599.813	-5.139e-9
600.813	-5.140e-9
601.813	-5.139e-9
602.813	-5.140e-9
603.813	-5.141e-9
604.813	-5.142e-9
605.813	-5.141e-9
606.813	-5.141e-9
607.813	-5.141e-9
608.813	-5.139e-9
609.813	-5.139e-9
610.813	-5.140e-9
611.813	-5.140e-9
612.813	-5.141e-9
613.813	-5.142e-9
614.813	-5.142e-9
615.813	-5.142e-9
616.813	-5.141e-9
617.813	-5.140e-9
618.813	-5.140e-9
619.813	-5.141e-9
620.813	-5.141e-9
621.813	-5.141e-9
622.813	-5.142e-9
623.813	-5.142e-9
624.813	-5.142e-9
625.813	-5.141e-9
626.813	-5.142e-9
627.813	-5.143e-9
628.813	-5.141e-9
629.813	-5.142e-9
630.813	-5.142e-9
631.813	-5.141e-9
632.813	-5.142e-9
633.813	-5.143e-9
634.813	-5.144e-9
635.813	-5.143e-9
636.813	-5.143e-9
637.813	-5.143e-9
638.813	-5.142e-9
639.813	-5.142e-9
640.813	-5.143e-9
641.813	-5.143e-9
642.813	-5.144e-9
643.813	-5.144e-9
644.813	-5.144e-9
645.813	-5.143e-9
646.813	-5.143e-9
647.813	-5.143e-9
648.813	-5.142e-9
649.813	-5.143e-9
650.813	-5.143e-9
651.813	-5.144e-9
652.813	-5.145e-9
653.813	-5.145e-9
654.813	-5.146e-9
655.813	-5.144e-9
656.813	-5.144e-9
657.813	-5.145e-9
658.813	-5.145e-9
659.813	-5.145e-9
660.813	-5.145e-9
661.813	-5.144e-9
662.813	-5.145e-9
663.813	-5.146e-9
664.813	-5.146e-9
665.813	-5.146e-9
666.813	-5.146e-9
667.813	-5.145e-9
668.813	-5.145e-9
669.813	-5.146e-9
670.813	-5.146e-9
671.813	-5.145e-9
672.813	-5.146e-9
673.813	-5.146e-9
674.813	-5.147e-9
675.813	-5.146e-9
676.813	-5.146e-9
677.813	-5.146e-9
678.813	-5.145e-9
679.813	-5.146e-9
680.813	-5.147e-9
681.813	-5.147e-9
682.813	-5.147e-9
683.813	-5.147e-9
684.813	-5.148e-9
685.813	-5.148e-9
686.813	-5.148e-9
687.813	-5.148e-9
688.813	-5.147e-9
689.813	-5.147e-9
690.813	-5.147e-9
691.813	-5.148e-9
692.813	-5.148e-9
693.813	-5.149e-9
694.813	-5.150e-9
695.813	-5.150e-9
696.813	-5.149e-9
697.813	-5.149e-9
698.813	-5.148e-9
699.813	-5.148e-9
700.813	-5.149e-9
701.813	-5.150e-9
702.813	-5.150e-9
703.813	-5.151e-9
704.813	-5.151e-9
705.813	-5.151e-9
706.813	-5.150e-9
707.813	-5.150e-9
708.813	-5.150e-9
709.813	-5.150e-9
710.813	-5.150e-9
711.813	-5.151e-9
712.813	-5.152e-9
713.813	-5.152e-9
714.813	-5.153e-9
715.813	-5.152e-9
716.813	-5.152e-9
717.813	-5.152e-9
718.813	-5.152e-9
719.813	-5.152e-9
720.813	-5.152e-9
721.813	-5.153e-9
722.813	-5.153e-9
723.813	-5.153e-9
724.813	-5.153e-9
725.813	-5.153e-9
726.813	-5.153e-9
727.813	-5.153e-9
728.813	-5.152e-9
729.813	-5.152e-9
730.813	-5.152e-9
731.813	-5.154e-9
732.813	-5.154e-9
733.813	-5.154e-9
734.813	-5.155e-9
735.813	-5.156e-9
736.813	-5.155e-9
737.813	-5.154e-9
738.813	-5.154e-9
739.813	-5.154e-9
740.813	-5.155e-9
741.813	-5.155e-9
742.813	-5.156e-9
743.813	-5.156e-9
744.813	-5.156e-9
745.813	-5.156e-9
746.813	-5.156e-9
747.813	-5.157e-9
748.813	-5.155e-9
749.813	-5.155e-9
750.813	-5.156e-9
751.813	-5.156e-9
752.813	-5.157e-9
753.813	-5.157e-9
754.813	-5.158e-9
755.813	-5.158e-9
756.813	-5.158e-9
757.813	-5.157e-9
758.813	-5.157e-9
759.813	-5.158e-9
760.813	-5.157e-9
761.813	-5.158e-9
762.813	-5.158e-9
763.813	-5.158e-9
764.813	-5.159e-9
765.813	-5.159e-9
766.813	-5.159e-9
767.813	-5.159e-9
768.813	-5.158e-9
769.813	-5.158e-9
770.813	-5.158e-9
771.813	-5.159e-9
772.813	-5.159e-9
773.813	-5.160e-9
774.813	-5.161e-9
775.813	-5.161e-9
776.813	-5.160e-9
777.813	-5.160e-9
778.813	-5.160e-9
779.813	-5.160e-9
780.813	-5.160e-9
781.813	-5.160e-9
782.813	-5.161e-9
783.813	-5.162e-9
784.813	-5.163e-9
785.813	-5.163e-9
786.813	-5.162e-9
787.813	-5.162e-9
788.813	-5.161e-9
789.813	-5.161e-9
790.813	-5.162e-9
791.813	-5.163e-9
792.813	-5.163e-9
793.813	-5.164e-9
794.813	-5.164e-9
795.813	-5.165e-9
796.813	-5.164e-9
797.813	-5.164e-9
798.813	-5.164e-9
799.813	-5.163e-9
800.813	-5.164e-9
801.813	-5.165e-9
802.813	-5.165e-9
803.813	-5.166e-9
804.813	-5.165e-9
805.813	-5.165e-9
806.813	-5.166e-9
807.813	-5.166e-9
808.813	-5.166e-9
809.813	-5.166e-9
810.813	-5.165e-9
811.813	-5.166e-9
812.813	-5.167e-9
813.813	-5.167e-9
814.813	-5.168e-9
815.813	-5.167e-9
816.813	-5.168e-9
817.813	-5.167e-9
818.813	-5.167e-9
819.813	-5.167e-9
820.813	-5.167e-9
821.813	-5.168e-9
822.813	-5.168e-9
823.813	-5.168e-9
824.813	-5.169e-9
825.813	-5.169e-9
826.813	-5.168e-9
827.813	-5.169e-9
828.813	-5.169e-9
829.813	-5.169e-9
830.813	-5.169e-9
831.813	-5.169e-9
832.813	-5.170e-9
833.813	-5.170e-9
834.813	-5.170e-9
835.813	-5.171e-9
836.813	-5.171e-9
837.813	-5.171e-9
838.813	-5.170e-9
839.813	-5.170e-9
840.813	-5.170e-9
841.813	-5.171e-9
842.813	-5.171e-9
843.813	-5.172e-9
844.813	-5.172e-9
845.813	-5.171e-9
846.813	-5.172e-9
847.813	-5.172e-9
848.813	-5.171e-9
849.813	-5.171e-9
850.813	-5.172e-9
851.813	-5.172e-9
852.813	-5.173e-9
853.813	-5.173e-9
854.813	-5.173e-9
855.813	-5.173e-9
856.813	-5.174e-9
857.813	-5.173e-9
858.813	-5.173e-9
859.813	-5.173e-9
860.813	-5.174e-9
861.813	-5.173e-9
862.813	-5.174e-9
863.813	-5.175e-9
864.813	-5.175e-9
865.813	-5.175e-9
866.813	-5.175e-9
867.813	-5.175e-9
868.813	-5.174e-9
869.813	-5.175e-9
870.813	-5.176e-9
871.813	-5.175e-9
872.813	-5.176e-9
873.813	-5.176e-9
874.813	-5.177e-9
875.813	-5.176e-9
876.813	-5.176e-9
877.813	-5.176e-9
878.813	-5.177e-9
879.813	-5.177e-9
880.813	-5.177e-9
881.813	-5.177e-9
882.813	-5.177e-9
883.813	-5.178e-9
884.813	-5.179e-9
885.813	-5.179e-9
886.813	-5.178e-9
887.813	-5.179e-9
888.813	-5.179e-9
889.813	-5.178e-9
890.813	-5.178e-9
891.813	-5.178e-9
892.813	-5.180e-9
893.813	-5.180e-9
894.813	-5.180e-9
895.813	-5.181e-9
896.813	-5.180e-9
897.813	-5.180e-9
898.813	-5.179e-9
899.813	-5.180e-9
900.813	-5.180e-9
901.813	-5.180e-9
902.813	-5.181e-9
903.813	-5.182e-9
904.813	-5.182e-9
905.813	-5.183e-9
906.813	-5.182e-9
907.813	-5.182e-9
908.813	-5.182e-9
909.813	-5.182e-9
910.813	-5.183e-9
911.813	-5.183e-9
912.813	-5.184e-9
913.813	-5.185e-9
914.813	-5.186e-9
915.813	-5.186e-9
916.813	-5.186e-9
917.813	-5.186e-9
918.813	-5.185e-9
919.813	-5.184e-9
920.813	-5.186e-9
921.813	-5.186e-9
922.813	-5.187e-9
923.813	-5.188e-9
924.813	-5.188e-9
925.813	-5.188e-9
926.813	-5.188e-9
927.813	-5.188e-9
928.813	-5.188e-9
929.813	-5.188e-9
930.813	-5.188e-9
931.813	-5.188e-9
932.813	-5.189e-9
933.813	-5.190e-9
934.813	-5.191e-9
935.813	-5.191e-9
936.813	-5.191e-9
937.813	-5.191e-9
938.813	-5.190e-9
939.813	-5.191e-9
940.813	-5.192e-9
941.813	-5.192e-9
942.813	-5.193e-9
943.813	-5.194e-9
944.813	-5.194e-9
945.813	-5.195e-9
946.813	-5.196e-9
947.813	-5.196e-9
948.813	-5.195e-9
949.813	-5.195e-9
950.813	-5.195e-9
951.813	-5.197e-9
952.813	-5.198e-9
953.813	-5.199e-9
954.813	-5.200e-9
955.813	-5.201e-9
956.813	-5.200e-9
957.813	-5.201e-9
958.813	-5.200e-9
959.813	-5.201e-9
960.813	-5.202e-9
961.813	-5.203e-9
962.813	-5.204e-9
963.813	-5.205e-9
964.813	-5.206e-9
965.813	-5.206e-9
966.813	-5.207e-9
967.813	-5.207e-9
968.813	-5.208e-9
969.813	-5.208e-9
970.813	-5.208e-9
971.813	-5.211e-9
972.813	-5.212e-9
973.813	-5.213e-9
974.813	-5.214e-9
975.813	-5.215e-9
976.813	-5.215e-9
977.813	-5.217e-9
978.813	-5.217e-9
979.813	-5.218e-9
980.813	-5.219e-9
981.813	-5.221e-9
982.813	-5.223e-9
983.813	-5.225e-9
984.813	-5.227e-9
985.813	-5.229e-9
986.813	-5.230e-9
987.813	-5.231e-9
988.813	-5.232e-9
989.813	-5.234e-9
990.813	-5.236e-9
991.813	-5.238e-9
992.813	-5.241e-9
993.813	-5.242e-9
994.813	-5.244e-9
995.813	-5.246e-9
996.813	-5.248e-9
997.813	-5.250e-9
998.813	-5.249e-9
999.813	-5.251e-9
1000.813	-5.253e-9
1001.813	-5.254e-9
1002.813	-5.256e-9
1003.813	-5.257e-9
1004.813	-5.258e-9
1005.813	-5.258e-9
1006.813	-5.258e-9
1007.813	-5.259e-9
1008.813	-5.257e-9
1009.813	-5.256e-9
1010.813	-5.254e-9
1011.813	-5.250e-9
1012.813	-5.247e-9
1013.813	-5.240e-9
1014.813	-5.234e-9
1015.813	-5.221e-9
1016.813	-5.203e-9
1017.813	-5.182e-9
1018.813	-5.147e-9
1019.769	-5.108e-9
1020.687	-5.055e-9
1021.544	-4.985e-9
1022.319	-4.889e-9
1022.978	-4.765e-9
1023.497	-4.628e-9
1023.889	-4.468e-9
1024.120	-4.291e-9
1024.187	-4.134e-9
1024.247	-4.013e-9
1024.301	-3.929e-9
1024.350	-3.871e-9
1024.394	-3.830e-9
