Distance/um, Current/A

0.250, -1.553e-9
0.500, -1.553e-9
0.750, -1.553e-9
1.000, -1.553e-9
1.250, -1.553e-9
1.500, -1.553e-9
1.750, -1.554e-9
2.000, -1.554e-9
2.250, -1.555e-9
2.500, -1.555e-9
2.750, -1.556e-9
3.000, -1.557e-9
3.250, -1.558e-9
3.500, -1.558e-9
3.750, -1.559e-9
4.000, -1.559e-9
4.250, -1.560e-9
4.500, -1.560e-9
4.750, -1.560e-9
5.000, -1.562e-9
5.250, -1.562e-9
5.500, -1.563e-9
5.750, -1.564e-9
6.000, -1.564e-9
6.250, -1.565e-9
6.500, -1.565e-9
6.750, -1.566e-9
7.000, -1.566e-9
7.250, -1.567e-9
7.500, -1.567e-9
7.750, -1.568e-9
8.000, -1.568e-9
8.250, -1.569e-9
8.500, -1.569e-9
8.750, -1.569e-9
9.000, -1.569e-9
9.250, -1.569e-9
9.500, -1.570e-9
9.750, -1.570e-9
10.000, -1.571e-9
10.250, -1.571e-9
10.500, -1.571e-9
10.750, -1.572e-9
11.000, -1.572e-9
11.250, -1.572e-9
11.500, -1.572e-9
11.750, -1.572e-9
12.000, -1.572e-9
12.250, -1.573e-9
12.500, -1.572e-9
12.750, -1.573e-9
13.000, -1.573e-9
13.250, -1.573e-9
13.500, -1.574e-9
13.750, -1.574e-9
14.000, -1.574e-9
14.250, -1.573e-9
14.500, -1.573e-9
14.750, -1.574e-9
15.000, -1.574e-9
15.250, -1.574e-9
15.500, -1.574e-9
15.750, -1.574e-9
16.000, -1.574e-9
16.250, -1.574e-9
16.500, -1.574e-9
16.750, -1.573e-9
17.000, -1.574e-9
17.250, -1.573e-9
17.500, -1.573e-9
17.750, -1.573e-9
18.000, -1.573e-9
18.250, -1.573e-9
18.500, -1.573e-9
18.750, -1.573e-9
19.000, -1.572e-9
19.250, -1.572e-9
19.500, -1.572e-9
19.750, -1.572e-9
20.000, -1.571e-9
20.250, -1.571e-9
20.500, -1.571e-9
20.750, -1.571e-9
21.000, -1.571e-9
21.250, -1.571e-9
21.500, -1.570e-9
21.750, -1.570e-9
22.000, -1.570e-9
22.250, -1.569e-9
22.500, -1.569e-9
22.750, -1.569e-9
23.000, -1.569e-9
23.250, -1.568e-9
23.500, -1.568e-9
23.750, -1.567e-9
24.000, -1.567e-9
24.250, -1.567e-9
24.500, -1.566e-9
24.750, -1.566e-9
25.000, -1.565e-9
25.250, -1.565e-9
25.500, -1.565e-9
25.750, -1.564e-9
26.000, -1.564e-9
26.250, -1.563e-9
26.500, -1.563e-9
26.750, -1.563e-9
27.000, -1.562e-9
27.250, -1.562e-9
27.500, -1.562e-9
27.750, -1.561e-9
28.000, -1.561e-9
28.250, -1.560e-9
28.500, -1.560e-9
28.750, -1.559e-9
29.000, -1.559e-9
29.250, -1.559e-9
29.500, -1.558e-9
29.750, -1.558e-9
30.000, -1.557e-9
30.250, -1.557e-9
30.500, -1.556e-9
30.750, -1.556e-9
31.000, -1.555e-9
31.250, -1.555e-9
31.500, -1.554e-9
31.750, -1.554e-9
32.000, -1.553e-9
32.250, -1.553e-9
32.500, -1.553e-9
32.750, -1.552e-9
33.000, -1.552e-9
33.250, -1.551e-9
33.500, -1.551e-9
33.750, -1.550e-9
34.000, -1.551e-9
34.250, -1.550e-9
34.500, -1.549e-9
34.750, -1.549e-9
35.000, -1.548e-9
35.250, -1.548e-9
35.500, -1.548e-9
35.750, -1.547e-9
36.000, -1.547e-9
36.250, -1.547e-9
36.500, -1.546e-9
36.750, -1.545e-9
37.000, -1.545e-9
37.250, -1.545e-9
37.500, -1.544e-9
37.750, -1.544e-9
38.000, -1.544e-9
38.250, -1.543e-9
38.500, -1.542e-9
38.750, -1.542e-9
39.000, -1.542e-9
39.250, -1.541e-9
39.500, -1.541e-9
39.750, -1.541e-9
40.000, -1.540e-9
40.250, -1.540e-9
40.500, -1.540e-9
40.750, -1.539e-9
41.000, -1.539e-9
41.250, -1.538e-9
41.500, -1.538e-9
41.750, -1.538e-9
42.000, -1.537e-9
42.250, -1.537e-9
42.500, -1.537e-9
42.750, -1.536e-9
43.000, -1.536e-9
43.250, -1.535e-9
43.500, -1.535e-9
43.750, -1.535e-9
44.000, -1.535e-9
44.250, -1.535e-9
44.500, -1.534e-9
44.750, -1.533e-9
45.000, -1.533e-9
45.250, -1.533e-9
45.500, -1.533e-9
45.750, -1.532e-9
46.000, -1.532e-9
46.250, -1.532e-9
46.500, -1.532e-9
46.750, -1.531e-9
47.000, -1.531e-9
47.250, -1.531e-9
47.500, -1.531e-9
47.750, -1.530e-9
48.000, -1.530e-9
48.250, -1.530e-9
48.500, -1.529e-9
48.750, -1.529e-9
49.000, -1.529e-9
49.250, -1.528e-9
49.500, -1.528e-9
49.750, -1.528e-9
50.000, -1.528e-9
50.250, -1.527e-9
50.500, -1.527e-9
50.750, -1.527e-9
51.000, -1.527e-9
51.250, -1.527e-9
51.500, -1.526e-9
51.750, -1.526e-9
52.000, -1.526e-9
52.250, -1.526e-9
52.500, -1.526e-9
52.750, -1.526e-9
53.000, -1.525e-9
53.250, -1.525e-9
53.500, -1.525e-9
53.750, -1.525e-9
54.000, -1.525e-9
54.250, -1.525e-9
54.500, -1.525e-9
54.750, -1.524e-9
55.000, -1.524e-9
55.250, -1.524e-9
55.500, -1.525e-9
55.750, -1.524e-9
56.000, -1.524e-9
56.250, -1.524e-9
56.500, -1.524e-9
56.750, -1.524e-9
57.000, -1.524e-9
57.250, -1.524e-9
57.500, -1.523e-9
57.750, -1.523e-9
58.000, -1.524e-9
58.250, -1.523e-9
58.500, -1.523e-9
58.750, -1.522e-9
59.000, -1.523e-9
59.250, -1.522e-9
59.500, -1.522e-9
59.750, -1.522e-9
60.000, -1.522e-9
60.250, -1.522e-9
60.500, -1.522e-9
60.750, -1.522e-9
61.000, -1.522e-9
61.250, -1.521e-9
61.500, -1.522e-9
61.750, -1.521e-9
62.000, -1.521e-9
62.250, -1.521e-9
62.500, -1.521e-9
62.750, -1.521e-9
63.000, -1.521e-9
63.250, -1.521e-9
63.500, -1.521e-9
63.750, -1.521e-9
64.000, -1.521e-9
64.250, -1.521e-9
64.500, -1.521e-9
64.750, -1.520e-9
65.000, -1.520e-9
65.250, -1.520e-9
65.500, -1.521e-9
65.750, -1.521e-9
66.000, -1.521e-9
66.250, -1.521e-9
66.500, -1.521e-9
66.750, -1.520e-9
67.000, -1.520e-9
67.250, -1.520e-9
67.500, -1.520e-9
67.750, -1.521e-9
68.000, -1.521e-9
68.250, -1.521e-9
68.500, -1.521e-9
68.750, -1.521e-9
69.000, -1.520e-9
69.250, -1.521e-9
69.500, -1.521e-9
69.750, -1.520e-9
70.000, -1.521e-9
70.250, -1.521e-9
70.500, -1.521e-9
70.750, -1.521e-9
71.000, -1.521e-9
71.250, -1.521e-9
71.500, -1.521e-9
71.750, -1.521e-9
72.000, -1.520e-9
72.250, -1.521e-9
72.500, -1.521e-9
72.750, -1.521e-9
73.000, -1.521e-9
73.250, -1.521e-9
73.500, -1.521e-9
73.750, -1.521e-9
74.000, -1.521e-9
74.250, -1.521e-9
74.500, -1.521e-9
74.750, -1.521e-9
75.000, -1.521e-9
75.250, -1.521e-9
75.500, -1.521e-9
75.750, -1.521e-9
76.000, -1.521e-9
76.250, -1.521e-9
76.500, -1.521e-9
76.750, -1.521e-9
77.000, -1.521e-9
77.250, -1.521e-9
77.500, -1.521e-9
77.750, -1.521e-9
78.000, -1.521e-9
78.250, -1.521e-9
78.500, -1.521e-9
78.750, -1.521e-9
79.000, -1.521e-9
79.250, -1.521e-9
79.500, -1.521e-9
79.750, -1.521e-9
80.000, -1.521e-9
80.250, -1.521e-9
80.500, -1.521e-9
80.750, -1.522e-9
81.000, -1.522e-9
81.250, -1.522e-9
81.500, -1.522e-9
81.750, -1.522e-9
82.000, -1.522e-9
82.250, -1.522e-9
82.500, -1.522e-9
82.750, -1.522e-9
83.000, -1.523e-9
83.250, -1.523e-9
83.500, -1.523e-9
83.750, -1.522e-9
84.000, -1.523e-9
84.250, -1.522e-9
84.500, -1.522e-9
84.750, -1.522e-9
85.000, -1.522e-9
85.250, -1.522e-9
85.500, -1.522e-9
85.750, -1.523e-9
86.000, -1.523e-9
86.250, -1.523e-9
86.500, -1.522e-9
86.750, -1.522e-9
87.000, -1.522e-9
87.250, -1.523e-9
87.500, -1.522e-9
87.750, -1.522e-9
88.000, -1.522e-9
88.250, -1.522e-9
88.500, -1.522e-9
88.750, -1.522e-9
89.000, -1.522e-9
89.250, -1.522e-9
89.500, -1.522e-9
89.750, -1.522e-9
90.000, -1.522e-9
90.250, -1.522e-9
90.500, -1.521e-9
90.750, -1.522e-9
91.000, -1.521e-9
91.250, -1.521e-9
91.500, -1.521e-9
91.750, -1.521e-9
92.000, -1.521e-9
92.250, -1.521e-9
92.500, -1.521e-9
92.750, -1.520e-9
93.000, -1.520e-9
93.250, -1.521e-9
93.500, -1.520e-9
93.750, -1.520e-9
94.000, -1.520e-9
94.250, -1.520e-9
94.500, -1.520e-9
94.750, -1.520e-9
95.000, -1.520e-9
95.250, -1.520e-9
95.500, -1.520e-9
95.750, -1.520e-9
96.000, -1.520e-9
96.250, -1.520e-9
96.500, -1.520e-9
96.750, -1.520e-9
97.000, -1.520e-9
97.250, -1.520e-9
97.500, -1.520e-9
97.750, -1.520e-9
98.000, -1.520e-9
98.250, -1.520e-9
98.500, -1.520e-9
98.750, -1.521e-9
99.000, -1.521e-9
99.250, -1.521e-9
99.500, -1.521e-9
99.750, -1.521e-9
100.000, -1.521e-9
100.250, -1.521e-9
100.500, -1.521e-9
100.750, -1.521e-9
101.000, -1.521e-9
101.250, -1.521e-9
101.500, -1.521e-9
101.750, -1.521e-9
102.000, -1.521e-9
102.250, -1.522e-9
102.500, -1.522e-9
102.750, -1.522e-9
103.000, -1.523e-9
103.250, -1.523e-9
103.500, -1.523e-9
103.750, -1.523e-9
104.000, -1.523e-9
104.250, -1.523e-9
104.500, -1.523e-9
104.750, -1.523e-9
105.000, -1.523e-9
105.250, -1.523e-9
105.500, -1.524e-9
105.750, -1.524e-9
106.000, -1.524e-9
106.250, -1.524e-9
106.500, -1.524e-9
106.750, -1.524e-9
107.000, -1.524e-9
107.250, -1.525e-9
107.500, -1.525e-9
107.750, -1.525e-9
108.000, -1.525e-9
108.250, -1.526e-9
108.500, -1.525e-9
108.750, -1.526e-9
109.000, -1.526e-9
109.250, -1.526e-9
109.500, -1.525e-9
109.750, -1.526e-9
110.000, -1.526e-9
110.250, -1.526e-9
110.500, -1.526e-9
110.750, -1.526e-9
111.000, -1.527e-9
111.250, -1.526e-9
111.500, -1.527e-9
111.750, -1.527e-9
112.000, -1.527e-9
112.250, -1.527e-9
112.500, -1.527e-9
112.750, -1.527e-9
113.000, -1.527e-9
113.250, -1.528e-9
113.500, -1.528e-9
113.750, -1.528e-9
114.000, -1.528e-9
114.250, -1.528e-9
114.500, -1.528e-9
114.750, -1.528e-9
115.000, -1.528e-9
115.250, -1.529e-9
115.500, -1.529e-9
115.750, -1.529e-9
116.000, -1.529e-9
116.250, -1.529e-9
116.500, -1.529e-9
116.750, -1.530e-9
117.000, -1.530e-9
117.250, -1.530e-9
117.500, -1.530e-9
117.750, -1.530e-9
118.000, -1.530e-9
118.250, -1.530e-9
118.500, -1.530e-9
118.750, -1.530e-9
119.000, -1.531e-9
119.250, -1.530e-9
119.500, -1.531e-9
119.750, -1.531e-9
120.000, -1.531e-9
120.250, -1.531e-9
120.500, -1.531e-9
120.750, -1.532e-9
121.000, -1.532e-9
121.250, -1.532e-9
121.500, -1.531e-9
121.750, -1.531e-9
122.000, -1.531e-9
122.250, -1.532e-9
122.500, -1.532e-9
122.750, -1.532e-9
123.000, -1.532e-9
123.250, -1.532e-9
123.500, -1.532e-9
123.750, -1.532e-9
124.000, -1.532e-9
124.250, -1.533e-9
124.500, -1.532e-9
124.750, -1.533e-9
125.000, -1.533e-9
125.250, -1.533e-9
125.500, -1.533e-9
125.750, -1.533e-9
126.000, -1.533e-9
126.250, -1.533e-9
126.500, -1.533e-9
126.750, -1.533e-9
127.000, -1.533e-9
127.250, -1.533e-9
127.500, -1.533e-9
127.750, -1.533e-9
128.000, -1.534e-9
128.250, -1.534e-9
128.500, -1.534e-9
128.750, -1.534e-9
129.000, -1.534e-9
129.250, -1.534e-9
129.500, -1.534e-9
129.750, -1.534e-9
130.000, -1.534e-9
130.250, -1.534e-9
130.500, -1.535e-9
130.750, -1.534e-9
131.000, -1.534e-9
131.250, -1.535e-9
131.500, -1.535e-9
131.750, -1.534e-9
132.000, -1.534e-9
132.250, -1.534e-9
132.500, -1.534e-9
132.750, -1.534e-9
133.000, -1.535e-9
133.250, -1.535e-9
133.500, -1.535e-9
133.750, -1.535e-9
134.000, -1.535e-9
134.250, -1.534e-9
134.500, -1.534e-9
134.750, -1.535e-9
135.000, -1.534e-9
135.250, -1.534e-9
135.500, -1.535e-9
135.750, -1.535e-9
136.000, -1.535e-9
136.250, -1.535e-9
136.500, -1.535e-9
136.750, -1.535e-9
137.000, -1.535e-9
137.250, -1.535e-9
137.500, -1.535e-9
137.750, -1.535e-9
138.000, -1.535e-9
138.250, -1.536e-9
138.500, -1.535e-9
138.750, -1.535e-9
139.000, -1.535e-9
139.250, -1.535e-9
139.500, -1.535e-9
139.750, -1.535e-9
140.000, -1.535e-9
140.250, -1.535e-9
140.500, -1.536e-9
140.750, -1.535e-9
141.000, -1.535e-9
141.250, -1.535e-9
141.500, -1.535e-9
141.750, -1.535e-9
142.000, -1.536e-9
142.250, -1.535e-9
142.500, -1.535e-9
142.750, -1.536e-9
143.000, -1.536e-9
143.250, -1.536e-9
143.500, -1.536e-9
143.750, -1.536e-9
144.000, -1.536e-9
144.250, -1.536e-9
144.500, -1.535e-9
144.750, -1.536e-9
145.000, -1.535e-9
145.250, -1.536e-9
145.500, -1.536e-9
145.750, -1.536e-9
146.000, -1.536e-9
146.250, -1.536e-9
146.500, -1.536e-9
146.750, -1.536e-9
147.000, -1.536e-9
147.250, -1.536e-9
147.500, -1.537e-9
147.750, -1.537e-9
148.000, -1.537e-9
148.250, -1.537e-9
148.500, -1.537e-9
148.750, -1.537e-9
149.000, -1.537e-9
149.250, -1.537e-9
149.500, -1.537e-9
149.750, -1.537e-9
150.000, -1.537e-9
150.250, -1.537e-9
150.500, -1.538e-9
150.750, -1.538e-9
151.000, -1.538e-9
151.250, -1.538e-9
151.500, -1.538e-9
151.750, -1.538e-9
152.000, -1.538e-9
152.250, -1.538e-9
152.500, -1.539e-9
152.750, -1.539e-9
153.000, -1.539e-9
153.250, -1.539e-9
153.500, -1.539e-9
153.750, -1.540e-9
154.000, -1.540e-9
154.250, -1.540e-9
154.500, -1.540e-9
154.750, -1.540e-9
155.000, -1.540e-9
155.250, -1.540e-9
155.500, -1.540e-9
155.750, -1.541e-9
156.000, -1.541e-9
156.250, -1.541e-9
156.500, -1.541e-9
156.750, -1.541e-9
157.000, -1.541e-9
157.250, -1.541e-9
157.500, -1.541e-9
157.750, -1.542e-9
158.000, -1.542e-9
158.250, -1.543e-9
158.500, -1.543e-9
158.750, -1.543e-9
159.000, -1.543e-9
159.250, -1.543e-9
159.500, -1.543e-9
159.750, -1.543e-9
160.000, -1.544e-9
160.250, -1.544e-9
160.500, -1.545e-9
160.750, -1.545e-9
161.000, -1.545e-9
161.250, -1.545e-9
161.500, -1.545e-9
161.750, -1.545e-9
162.000, -1.546e-9
162.250, -1.546e-9
162.500, -1.546e-9
162.750, -1.546e-9
163.000, -1.547e-9
163.250, -1.547e-9
163.500, -1.547e-9
163.750, -1.548e-9
164.000, -1.548e-9
164.250, -1.548e-9
164.500, -1.548e-9
164.750, -1.548e-9
165.000, -1.549e-9
165.250, -1.549e-9
165.500, -1.549e-9
165.750, -1.550e-9
166.000, -1.550e-9
166.250, -1.550e-9
166.500, -1.550e-9
166.750, -1.551e-9
167.000, -1.551e-9
167.250, -1.551e-9
167.500, -1.551e-9
167.750, -1.552e-9
168.000, -1.552e-9
168.250, -1.553e-9
168.500, -1.553e-9
168.750, -1.553e-9
169.000, -1.554e-9
169.250, -1.554e-9
169.500, -1.554e-9
169.750, -1.555e-9
170.000, -1.555e-9
170.250, -1.555e-9
170.500, -1.556e-9
170.750, -1.557e-9
171.000, -1.557e-9
171.250, -1.557e-9
171.500, -1.557e-9
171.750, -1.557e-9
172.000, -1.558e-9
172.250, -1.558e-9
172.500, -1.559e-9
172.750, -1.559e-9
173.000, -1.559e-9
173.250, -1.560e-9
173.500, -1.560e-9
173.750, -1.561e-9
174.000, -1.561e-9
174.250, -1.561e-9
174.500, -1.562e-9
174.750, -1.562e-9
175.000, -1.562e-9
175.250, -1.563e-9
175.500, -1.563e-9
175.750, -1.564e-9
176.000, -1.564e-9
176.250, -1.565e-9
176.500, -1.565e-9
176.750, -1.566e-9
177.000, -1.566e-9
177.250, -1.567e-9
177.500, -1.566e-9
177.750, -1.568e-9
178.000, -1.568e-9
178.250, -1.569e-9
178.500, -1.569e-9
178.750, -1.570e-9
179.000, -1.570e-9
179.250, -1.570e-9
179.500, -1.571e-9
179.750, -1.571e-9
180.000, -1.572e-9
180.250, -1.573e-9
180.500, -1.573e-9
180.750, -1.574e-9
181.000, -1.574e-9
181.250, -1.575e-9
181.500, -1.575e-9
181.750, -1.576e-9
182.000, -1.576e-9
182.250, -1.577e-9
182.500, -1.577e-9
182.750, -1.578e-9
183.000, -1.579e-9
183.250, -1.579e-9
183.500, -1.580e-9
183.750, -1.581e-9
184.000, -1.581e-9
184.250, -1.582e-9
184.500, -1.582e-9
184.750, -1.583e-9
185.000, -1.583e-9
185.250, -1.584e-9
185.500, -1.585e-9
185.750, -1.585e-9
186.000, -1.586e-9
186.250, -1.587e-9
186.500, -1.587e-9
186.750, -1.587e-9
187.000, -1.588e-9
187.250, -1.589e-9
187.500, -1.590e-9
187.750, -1.590e-9
188.000, -1.591e-9
188.250, -1.592e-9
188.500, -1.593e-9
188.750, -1.593e-9
189.000, -1.594e-9
189.250, -1.595e-9
189.500, -1.595e-9
189.750, -1.596e-9
190.000, -1.597e-9
190.250, -1.598e-9
190.500, -1.599e-9
190.750, -1.599e-9
191.000, -1.600e-9
191.250, -1.601e-9
191.500, -1.601e-9
191.750, -1.602e-9
192.000, -1.602e-9
192.250, -1.603e-9
192.500, -1.604e-9
192.750, -1.605e-9
193.000, -1.607e-9
193.250, -1.608e-9
193.500, -1.608e-9
193.750, -1.610e-9
194.000, -1.610e-9
194.250, -1.611e-9
194.500, -1.611e-9
194.750, -1.613e-9
195.000, -1.614e-9
195.250, -1.615e-9
195.500, -1.616e-9
195.750, -1.617e-9
196.000, -1.618e-9
196.250, -1.619e-9
196.500, -1.620e-9
196.750, -1.620e-9
197.000, -1.622e-9
197.250, -1.622e-9
197.500, -1.624e-9
197.750, -1.626e-9
198.000, -1.627e-9
198.250, -1.628e-9
198.500, -1.629e-9
198.750, -1.630e-9
199.000, -1.631e-9
199.250, -1.632e-9
199.500, -1.632e-9
199.750, -1.633e-9
200.000, -1.635e-9
200.250, -1.636e-9
200.500, -1.638e-9
200.750, -1.639e-9
201.000, -1.641e-9
201.250, -1.641e-9
201.500, -1.643e-9
201.750, -1.644e-9
202.000, -1.644e-9
202.250, -1.646e-9
202.500, -1.648e-9
202.750, -1.649e-9
203.000, -1.651e-9
203.250, -1.652e-9
203.500, -1.654e-9
203.750, -1.656e-9
204.000, -1.657e-9
204.250, -1.658e-9
204.500, -1.659e-9
204.750, -1.660e-9
205.000, -1.662e-9
205.250, -1.664e-9
205.500, -1.665e-9
205.750, -1.667e-9
206.000, -1.669e-9
206.250, -1.670e-9
206.500, -1.672e-9
206.750, -1.674e-9
207.000, -1.676e-9
207.250, -1.678e-9
207.500, -1.679e-9
207.750, -1.682e-9
208.000, -1.684e-9
208.250, -1.686e-9
208.500, -1.688e-9
208.750, -1.690e-9
209.000, -1.692e-9
209.250, -1.694e-9
209.500, -1.695e-9
209.750, -1.697e-9
210.000, -1.699e-9
210.250, -1.701e-9
210.500, -1.703e-9
210.750, -1.705e-9
211.000, -1.707e-9
211.250, -1.709e-9
211.500, -1.712e-9
211.750, -1.714e-9
212.000, -1.716e-9
212.250, -1.718e-9
212.500, -1.720e-9
212.750, -1.723e-9
213.000, -1.726e-9
213.250, -1.728e-9
213.500, -1.731e-9
213.750, -1.733e-9
214.000, -1.736e-9
214.250, -1.738e-9
214.500, -1.741e-9
214.750, -1.743e-9
215.000, -1.746e-9
215.250, -1.749e-9
215.500, -1.753e-9
215.750, -1.756e-9
216.000, -1.759e-9
216.250, -1.762e-9
216.500, -1.765e-9
216.750, -1.767e-9
217.000, -1.770e-9
217.250, -1.773e-9
217.500, -1.776e-9
217.750, -1.779e-9
218.000, -1.783e-9
218.250, -1.786e-9
218.500, -1.790e-9
218.750, -1.794e-9
219.000, -1.796e-9
219.250, -1.800e-9
219.500, -1.803e-9
219.750, -1.807e-9
220.000, -1.809e-9
220.250, -1.812e-9
220.500, -1.816e-9
220.750, -1.820e-9
221.000, -1.824e-9
221.250, -1.828e-9
221.500, -1.831e-9
221.750, -1.835e-9
222.000, -1.839e-9
222.250, -1.843e-9
222.500, -1.847e-9
222.750, -1.851e-9
223.000, -1.855e-9
223.250, -1.859e-9
223.500, -1.864e-9
223.750, -1.867e-9
224.000, -1.871e-9
224.250, -1.875e-9
224.500, -1.878e-9
224.750, -1.882e-9
225.000, -1.885e-9
225.250, -1.889e-9
225.500, -1.894e-9
225.750, -1.898e-9
226.000, -1.902e-9
226.250, -1.906e-9
226.500, -1.910e-9
226.750, -1.914e-9
227.000, -1.919e-9
227.250, -1.924e-9
227.500, -1.929e-9
227.750, -1.934e-9
228.000, -1.941e-9
228.250, -1.947e-9
228.500, -1.952e-9
228.750, -1.957e-9
229.000, -1.962e-9
229.250, -1.967e-9
229.500, -1.972e-9
229.750, -1.978e-9
230.000, -1.984e-9
230.250, -1.990e-9
230.500, -1.997e-9
230.750, -2.004e-9
231.000, -2.009e-9
231.250, -2.015e-9
231.500, -2.020e-9
231.750, -2.025e-9
232.000, -2.032e-9
232.250, -2.037e-9
232.500, -2.044e-9
232.750, -2.049e-9
233.000, -2.056e-9
233.250, -2.062e-9
233.500, -2.069e-9
233.750, -2.075e-9
234.000, -2.081e-9
234.250, -2.085e-9
234.500, -2.092e-9
234.750, -2.098e-9
235.000, -2.104e-9
235.250, -2.111e-9
235.500, -2.117e-9
235.750, -2.123e-9
236.000, -2.130e-9
236.250, -2.136e-9
236.500, -2.141e-9
236.750, -2.148e-9
237.000, -2.154e-9
237.250, -2.161e-9
237.500, -2.169e-9
237.750, -2.176e-9
238.000, -2.184e-9
238.250, -2.191e-9
238.500, -2.199e-9
238.750, -2.204e-9
239.000, -2.212e-9
239.250, -2.218e-9
239.500, -2.226e-9
239.750, -2.233e-9
240.000, -2.241e-9
240.250, -2.250e-9
240.500, -2.260e-9
240.750, -2.270e-9
241.000, -2.278e-9
241.250, -2.286e-9
241.500, -2.293e-9
241.750, -2.299e-9
242.000, -2.306e-9
242.250, -2.314e-9
242.500, -2.321e-9
242.750, -2.330e-9
243.000, -2.339e-9
243.250, -2.347e-9
243.500, -2.356e-9
243.750, -2.363e-9
244.000, -2.370e-9
244.250, -2.376e-9
244.500, -2.385e-9
244.750, -2.391e-9
245.000, -2.399e-9
245.250, -2.407e-9
245.500, -2.416e-9
245.750, -2.424e-9
246.000, -2.432e-9
246.250, -2.440e-9
246.500, -2.446e-9
246.750, -2.454e-9
247.000, -2.462e-9
247.250, -2.471e-9
247.500, -2.479e-9
247.750, -2.488e-9
248.000, -2.497e-9
248.250, -2.507e-9
248.500, -2.516e-9
248.750, -2.524e-9
249.000, -2.531e-9
249.250, -2.538e-9
249.500, -2.547e-9
249.750, -2.554e-9
250.000, -2.562e-9
250.250, -2.569e-9
250.500, -2.579e-9
250.750, -2.588e-9
251.000, -2.596e-9
251.250, -2.604e-9
251.500, -2.611e-9
251.750, -2.618e-9
252.000, -2.626e-9
252.250, -2.634e-9
252.500, -2.644e-9
252.750, -2.653e-9
253.000, -2.662e-9
253.250, -2.672e-9
253.500, -2.681e-9
253.750, -2.690e-9
254.000, -2.697e-9
254.250, -2.704e-9
254.500, -2.711e-9
254.750, -2.719e-9
255.000, -2.728e-9
255.250, -2.737e-9
255.500, -2.745e-9
255.750, -2.754e-9
256.000, -2.763e-9
256.250, -2.771e-9
256.500, -2.778e-9
256.750, -2.785e-9
257.000, -2.792e-9
257.250, -2.799e-9
257.500, -2.807e-9
257.750, -2.815e-9
258.000, -2.824e-9
258.250, -2.832e-9
258.500, -2.840e-9
258.750, -2.847e-9
259.000, -2.853e-9
259.250, -2.859e-9
259.500, -2.867e-9
259.750, -2.873e-9
260.000, -2.881e-9
260.250, -2.888e-9
260.500, -2.895e-9
260.750, -2.902e-9
261.000, -2.908e-9
261.250, -2.914e-9
261.500, -2.920e-9
261.750, -2.925e-9
262.000, -2.930e-9
262.250, -2.936e-9
262.500, -2.942e-9
262.750, -2.947e-9
263.000, -2.953e-9
263.250, -2.958e-9
263.500, -2.963e-9
263.750, -2.967e-9
264.000, -2.972e-9
264.250, -2.976e-9
264.500, -2.980e-9
264.750, -2.983e-9
265.000, -2.987e-9
265.250, -2.990e-9
265.500, -2.995e-9
265.750, -2.999e-9
266.000, -3.003e-9
266.250, -3.005e-9
266.500, -3.007e-9
266.750, -3.009e-9
267.000, -3.012e-9
267.250, -3.016e-9
267.500, -3.019e-9
267.750, -3.022e-9
268.000, -3.024e-9
268.250, -3.027e-9
268.500, -3.029e-9
268.750, -3.031e-9
269.000, -3.033e-9
269.250, -3.034e-9
269.500, -3.035e-9
269.750, -3.037e-9
270.000, -3.038e-9
270.250, -3.039e-9
270.500, -3.041e-9
270.750, -3.042e-9
271.000, -3.044e-9
271.250, -3.045e-9
271.500, -3.044e-9
271.750, -3.046e-9
272.000, -3.047e-9
272.250, -3.047e-9
272.500, -3.049e-9
272.750, -3.049e-9
273.000, -3.050e-9
273.250, -3.051e-9
273.500, -3.050e-9
273.750, -3.049e-9
274.000, -3.050e-9
274.250, -3.052e-9
274.500, -3.052e-9
274.750, -3.052e-9
275.000, -3.052e-9
275.250, -3.052e-9
275.500, -3.053e-9
275.750, -3.052e-9
276.000, -3.052e-9
276.250, -3.051e-9
276.500, -3.051e-9
276.750, -3.051e-9
277.000, -3.051e-9
277.250, -3.050e-9
277.500, -3.050e-9
277.750, -3.050e-9
278.000, -3.050e-9
278.250, -3.049e-9
278.500, -3.046e-9
278.750, -3.046e-9
279.000, -3.045e-9
279.250, -3.046e-9
279.500, -3.047e-9
279.750, -3.045e-9
280.000, -3.044e-9
280.250, -3.044e-9
280.500, -3.043e-9
280.750, -3.043e-9
281.000, -3.043e-9
281.250, -3.043e-9
281.500, -3.043e-9
281.750, -3.042e-9
282.000, -3.042e-9
282.250, -3.042e-9
282.500, -3.042e-9
282.750, -3.042e-9
283.000, -3.041e-9
283.250, -3.041e-9
283.500, -3.041e-9
283.750, -3.041e-9
284.000, -3.041e-9
284.250, -3.041e-9
284.500, -3.041e-9
284.750, -3.040e-9
285.000, -3.041e-9
285.250, -3.040e-9
285.500, -3.040e-9
285.750, -3.040e-9
286.000, -3.040e-9
286.250, -3.040e-9
286.500, -3.040e-9
286.750, -3.040e-9
287.000, -3.041e-9
287.250, -3.041e-9
287.500, -3.041e-9
287.750, -3.041e-9
288.000, -3.041e-9
288.250, -3.042e-9
288.500, -3.042e-9
288.750, -3.043e-9
289.000, -3.043e-9
289.250, -3.044e-9
289.500, -3.044e-9
289.750, -3.044e-9
290.000, -3.045e-9
290.250, -3.046e-9
290.500, -3.047e-9
290.750, -3.048e-9
291.000, -3.048e-9
291.250, -3.049e-9
291.500, -3.050e-9
291.750, -3.051e-9
292.000, -3.051e-9
292.250, -3.052e-9
292.500, -3.054e-9
292.750, -3.055e-9
293.000, -3.058e-9
293.250, -3.060e-9
293.500, -3.062e-9
293.750, -3.064e-9
294.000, -3.064e-9
294.250, -3.065e-9
294.500, -3.066e-9
294.750, -3.067e-9
295.000, -3.068e-9
295.250, -3.070e-9
295.500, -3.072e-9
295.750, -3.074e-9
296.000, -3.075e-9
296.250, -3.077e-9
296.500, -3.078e-9
296.750, -3.079e-9
297.000, -3.081e-9
297.250, -3.082e-9
297.500, -3.084e-9
297.750, -3.085e-9
298.000, -3.088e-9
298.250, -3.090e-9
298.500, -3.091e-9
298.750, -3.093e-9
299.000, -3.094e-9
299.250, -3.096e-9
299.500, -3.097e-9
299.750, -3.099e-9
300.000, -3.100e-9
300.250, -3.102e-9
300.500, -3.104e-9
300.750, -3.107e-9
301.000, -3.108e-9
301.250, -3.109e-9
301.500, -3.111e-9
301.750, -3.112e-9
302.000, -3.114e-9
302.250, -3.115e-9
302.500, -3.117e-9
302.750, -3.118e-9
303.000, -3.120e-9
303.250, -3.121e-9
303.500, -3.123e-9
303.750, -3.125e-9
304.000, -3.126e-9
304.250, -3.127e-9
304.500, -3.128e-9
304.750, -3.129e-9
305.000, -3.131e-9
305.250, -3.132e-9
305.500, -3.133e-9
305.750, -3.135e-9
306.000, -3.136e-9
306.250, -3.138e-9
306.500, -3.139e-9
306.750, -3.140e-9
307.000, -3.141e-9
307.250, -3.142e-9
307.500, -3.143e-9
307.750, -3.145e-9
308.000, -3.146e-9
308.250, -3.147e-9
308.500, -3.148e-9
308.750, -3.149e-9
309.000, -3.150e-9
309.250, -3.151e-9
309.500, -3.152e-9
309.750, -3.152e-9
310.000, -3.154e-9
310.250, -3.155e-9
310.500, -3.155e-9
310.750, -3.157e-9
311.000, -3.157e-9
311.250, -3.158e-9
311.500, -3.158e-9
311.750, -3.159e-9
312.000, -3.159e-9
312.250, -3.160e-9
312.500, -3.160e-9
312.750, -3.160e-9
313.000, -3.161e-9
313.250, -3.162e-9
313.500, -3.163e-9
313.750, -3.163e-9
314.000, -3.163e-9
314.250, -3.164e-9
314.500, -3.164e-9
314.750, -3.164e-9
315.000, -3.164e-9
315.250, -3.165e-9
315.500, -3.165e-9
315.750, -3.166e-9
316.000, -3.165e-9
316.250, -3.166e-9
316.500, -3.165e-9
316.750, -3.166e-9
317.000, -3.166e-9
317.250, -3.166e-9
317.500, -3.166e-9
317.750, -3.166e-9
318.000, -3.166e-9
318.250, -3.166e-9
318.500, -3.166e-9
318.750, -3.166e-9
319.000, -3.166e-9
319.250, -3.166e-9
319.500, -3.166e-9
319.750, -3.166e-9
320.000, -3.166e-9
320.250, -3.166e-9
320.500, -3.166e-9
320.750, -3.166e-9
321.000, -3.166e-9
321.250, -3.165e-9
321.500, -3.165e-9
321.750, -3.165e-9
322.000, -3.165e-9
322.250, -3.165e-9
322.500, -3.165e-9
322.750, -3.165e-9
323.000, -3.165e-9
323.250, -3.164e-9
323.500, -3.164e-9
323.750, -3.163e-9
324.000, -3.163e-9
324.250, -3.163e-9
324.500, -3.163e-9
324.750, -3.163e-9
325.000, -3.163e-9
325.250, -3.163e-9
325.500, -3.163e-9
325.750, -3.163e-9
326.000, -3.163e-9
326.250, -3.162e-9
326.500, -3.163e-9
326.750, -3.163e-9
327.000, -3.163e-9
327.250, -3.163e-9
327.500, -3.163e-9
327.750, -3.163e-9
328.000, -3.164e-9
328.250, -3.164e-9
328.500, -3.165e-9
328.750, -3.165e-9
329.000, -3.165e-9
329.250, -3.165e-9
329.500, -3.165e-9
329.750, -3.166e-9
330.000, -3.165e-9
330.250, -3.166e-9
330.500, -3.166e-9
330.750, -3.167e-9
331.000, -3.167e-9
331.250, -3.167e-9
331.500, -3.167e-9
331.750, -3.168e-9
332.000, -3.168e-9
332.250, -3.168e-9
332.500, -3.168e-9
332.750, -3.169e-9
333.000, -3.169e-9
333.250, -3.169e-9
333.500, -3.170e-9
333.750, -3.170e-9
334.000, -3.170e-9
334.250, -3.170e-9
334.500, -3.171e-9
334.750, -3.171e-9
335.000, -3.171e-9
335.250, -3.172e-9
335.500, -3.172e-9
335.750, -3.173e-9
336.000, -3.173e-9
336.250, -3.173e-9
336.500, -3.174e-9
336.750, -3.174e-9
337.000, -3.174e-9
337.250, -3.175e-9
337.500, -3.175e-9
337.750, -3.175e-9
338.000, -3.176e-9
338.250, -3.176e-9
338.500, -3.177e-9
338.750, -3.177e-9
339.000, -3.178e-9
339.250, -3.178e-9
339.500, -3.178e-9
339.750, -3.179e-9
340.000, -3.179e-9
340.250, -3.179e-9
340.500, -3.180e-9
340.750, -3.180e-9
341.000, -3.181e-9
341.250, -3.181e-9
341.500, -3.181e-9
341.750, -3.181e-9
342.000, -3.182e-9
342.250, -3.182e-9
342.500, -3.182e-9
342.750, -3.183e-9
343.000, -3.183e-9
343.250, -3.184e-9
343.500, -3.184e-9
343.750, -3.184e-9
344.000, -3.185e-9
344.250, -3.185e-9
344.500, -3.185e-9
344.750, -3.185e-9
345.000, -3.186e-9
345.250, -3.186e-9
345.500, -3.186e-9
345.750, -3.187e-9
346.000, -3.187e-9
346.250, -3.188e-9
346.500, -3.188e-9
346.750, -3.188e-9
347.000, -3.188e-9
347.250, -3.189e-9
347.500, -3.189e-9
347.750, -3.189e-9
348.000, -3.189e-9
348.250, -3.190e-9
348.500, -3.190e-9
348.750, -3.190e-9
349.000, -3.190e-9
349.250, -3.190e-9
349.500, -3.190e-9
349.750, -3.190e-9
350.000, -3.190e-9
350.250, -3.190e-9
350.500, -3.190e-9
350.750, -3.190e-9
351.000, -3.190e-9
351.250, -3.190e-9
351.500, -3.190e-9
351.750, -3.189e-9
352.000, -3.189e-9
352.250, -3.189e-9
352.500, -3.189e-9
352.750, -3.188e-9
353.000, -3.187e-9
353.250, -3.187e-9
353.500, -3.186e-9
353.750, -3.186e-9
354.000, -3.185e-9
354.250, -3.185e-9
354.500, -3.183e-9
354.750, -3.183e-9
355.000, -3.182e-9
355.250, -3.181e-9
355.500, -3.180e-9
355.750, -3.179e-9
356.000, -3.178e-9
356.250, -3.176e-9
356.500, -3.175e-9
356.750, -3.174e-9
357.000, -3.173e-9
357.250, -3.171e-9
357.500, -3.170e-9
357.750, -3.168e-9
358.000, -3.166e-9
358.250, -3.164e-9
358.500, -3.162e-9
358.750, -3.160e-9
359.000, -3.158e-9
359.250, -3.157e-9
359.500, -3.155e-9
359.750, -3.153e-9
360.000, -3.151e-9
360.250, -3.149e-9
360.500, -3.147e-9
360.750, -3.145e-9
361.000, -3.142e-9
361.250, -3.140e-9
361.500, -3.138e-9
361.750, -3.137e-9
362.000, -3.134e-9
362.250, -3.133e-9
362.500, -3.130e-9
362.750, -3.127e-9
363.000, -3.125e-9
363.250, -3.122e-9
363.500, -3.119e-9
363.750, -3.117e-9
364.000, -3.115e-9
364.250, -3.113e-9
364.500, -3.111e-9
364.750, -3.109e-9
365.000, -3.107e-9
365.250, -3.104e-9
365.500, -3.102e-9
365.750, -3.099e-9
366.000, -3.097e-9
366.250, -3.095e-9
366.500, -3.093e-9
366.750, -3.091e-9
367.000, -3.090e-9
367.250, -3.087e-9
367.500, -3.085e-9
367.750, -3.084e-9
368.000, -3.081e-9
368.250, -3.079e-9
368.500, -3.077e-9
368.750, -3.075e-9
369.000, -3.073e-9
369.250, -3.072e-9
369.500, -3.071e-9
369.750, -3.069e-9
370.000, -3.068e-9
370.250, -3.066e-9
370.500, -3.064e-9
370.750, -3.063e-9
371.000, -3.062e-9
371.250, -3.060e-9
371.500, -3.059e-9
371.750, -3.058e-9
372.000, -3.057e-9
372.250, -3.056e-9
372.500, -3.055e-9
372.750, -3.054e-9
373.000, -3.053e-9
373.250, -3.052e-9
373.500, -3.052e-9
373.750, -3.051e-9
374.000, -3.050e-9
374.250, -3.050e-9
374.500, -3.049e-9
374.750, -3.049e-9
375.000, -3.049e-9
375.250, -3.049e-9
375.500, -3.049e-9
375.750, -3.049e-9
376.000, -3.049e-9
376.250, -3.049e-9
376.500, -3.049e-9
376.750, -3.049e-9
377.000, -3.050e-9
377.250, -3.050e-9
377.500, -3.050e-9
377.750, -3.051e-9
378.000, -3.052e-9
378.250, -3.052e-9
378.500, -3.052e-9
378.750, -3.053e-9
379.000, -3.053e-9
379.250, -3.053e-9
379.500, -3.053e-9
379.750, -3.054e-9
380.000, -3.054e-9
380.250, -3.055e-9
380.500, -3.055e-9
380.750, -3.056e-9
381.000, -3.056e-9
381.250, -3.057e-9
381.500, -3.056e-9
381.750, -3.057e-9
382.000, -3.056e-9
382.250, -3.057e-9
382.500, -3.057e-9
382.750, -3.057e-9
383.000, -3.058e-9
383.250, -3.058e-9
383.500, -3.058e-9
383.750, -3.058e-9
384.000, -3.058e-9
384.250, -3.058e-9
384.500, -3.058e-9
384.750, -3.058e-9
385.000, -3.058e-9
385.250, -3.058e-9
385.500, -3.058e-9
385.750, -3.058e-9
386.000, -3.058e-9
386.250, -3.057e-9
386.500, -3.056e-9
386.750, -3.056e-9
387.000, -3.055e-9
387.250, -3.054e-9
387.500, -3.054e-9
387.750, -3.052e-9
388.000, -3.052e-9
388.250, -3.050e-9
388.500, -3.050e-9
388.750, -3.048e-9
389.000, -3.046e-9
389.250, -3.045e-9
389.500, -3.043e-9
389.750, -3.041e-9
390.000, -3.039e-9
390.250, -3.037e-9
390.500, -3.035e-9
390.750, -3.033e-9
391.000, -3.030e-9
391.250, -3.028e-9
391.500, -3.025e-9
391.750, -3.022e-9
392.000, -3.020e-9
392.250, -3.017e-9
392.500, -3.014e-9
392.750, -3.010e-9
393.000, -3.008e-9
393.250, -3.004e-9
393.500, -3.000e-9
393.750, -2.997e-9
394.000, -2.993e-9
394.250, -2.989e-9
394.500, -2.986e-9
394.750, -2.982e-9
395.000, -2.978e-9
395.250, -2.974e-9
395.500, -2.969e-9
395.750, -2.965e-9
396.000, -2.960e-9
396.250, -2.955e-9
396.500, -2.950e-9
396.750, -2.946e-9
397.000, -2.941e-9
397.250, -2.937e-9
397.500, -2.932e-9
397.750, -2.927e-9
398.000, -2.921e-9
398.250, -2.915e-9
398.500, -2.909e-9
398.750, -2.903e-9
399.000, -2.897e-9
399.250, -2.892e-9
399.500, -2.886e-9
399.750, -2.879e-9
400.000, -2.872e-9
400.250, -2.865e-9
400.500, -2.858e-9
400.750, -2.850e-9
401.000, -2.842e-9
401.250, -2.833e-9
401.500, -2.826e-9
401.750, -2.819e-9
402.000, -2.812e-9
402.250, -2.804e-9
402.500, -2.797e-9
402.750, -2.788e-9
403.000, -2.780e-9
403.250, -2.771e-9
403.500, -2.762e-9
403.750, -2.754e-9
404.000, -2.746e-9
404.250, -2.738e-9
404.500, -2.731e-9
404.750, -2.723e-9
405.000, -2.713e-9
405.250, -2.704e-9
405.500, -2.694e-9
405.750, -2.684e-9
406.000, -2.674e-9
406.250, -2.665e-9
406.500, -2.656e-9
406.750, -2.647e-9
407.000, -2.639e-9
407.250, -2.628e-9
407.500, -2.618e-9
407.750, -2.608e-9
408.000, -2.596e-9
408.250, -2.585e-9
408.500, -2.573e-9
408.750, -2.562e-9
409.000, -2.553e-9
409.250, -2.545e-9
409.500, -2.535e-9
409.750, -2.525e-9
410.000, -2.515e-9
410.250, -2.503e-9
410.500, -2.492e-9
410.750, -2.481e-9
411.000, -2.471e-9
411.250, -2.460e-9
411.500, -2.451e-9
411.750, -2.441e-9
412.000, -2.434e-9
412.250, -2.427e-9
412.500, -2.417e-9
412.750, -2.408e-9
413.000, -2.399e-9
413.250, -2.388e-9
413.500, -2.379e-9
413.750, -2.370e-9
414.000, -2.362e-9
414.250, -2.353e-9
414.500, -2.344e-9
414.750, -2.335e-9
415.000, -2.326e-9
415.250, -2.317e-9
415.500, -2.306e-9
415.750, -2.296e-9
416.000, -2.287e-9
416.250, -2.278e-9
416.500, -2.270e-9
416.750, -2.262e-9
417.000, -2.254e-9
417.250, -2.247e-9
417.500, -2.238e-9
417.750, -2.229e-9
418.000, -2.220e-9
418.250, -2.212e-9
418.500, -2.202e-9
418.750, -2.195e-9
419.000, -2.188e-9
419.250, -2.181e-9
419.500, -2.175e-9
419.750, -2.167e-9
420.000, -2.160e-9
420.250, -2.152e-9
420.500, -2.145e-9
420.750, -2.138e-9
421.000, -2.131e-9
421.250, -2.124e-9
421.500, -2.119e-9
421.750, -2.113e-9
422.000, -2.107e-9
422.250, -2.101e-9
422.500, -2.094e-9
422.750, -2.087e-9
423.000, -2.081e-9
423.250, -2.074e-9
423.500, -2.068e-9
423.750, -2.062e-9
424.000, -2.055e-9
424.250, -2.050e-9
424.500, -2.045e-9
424.750, -2.040e-9
425.000, -2.033e-9
425.250, -2.028e-9
425.500, -2.022e-9
425.750, -2.016e-9
426.000, -2.011e-9
426.250, -2.006e-9
426.500, -2.001e-9
426.750, -1.997e-9
427.000, -1.992e-9
427.250, -1.987e-9
427.500, -1.983e-9
427.750, -1.977e-9
428.000, -1.973e-9
428.250, -1.968e-9
428.500, -1.963e-9
428.750, -1.958e-9
429.000, -1.955e-9
429.250, -1.951e-9
429.500, -1.948e-9
429.750, -1.944e-9
430.000, -1.939e-9
430.250, -1.935e-9
430.500, -1.931e-9
430.750, -1.927e-9
431.000, -1.923e-9
431.250, -1.920e-9
431.500, -1.916e-9
431.750, -1.913e-9
432.000, -1.909e-9
432.250, -1.906e-9
432.500, -1.902e-9
432.750, -1.899e-9
433.000, -1.895e-9
433.250, -1.892e-9
433.500, -1.889e-9
433.750, -1.885e-9
434.000, -1.882e-9
434.250, -1.880e-9
434.500, -1.877e-9
434.750, -1.874e-9
435.000, -1.871e-9
435.250, -1.868e-9
435.500, -1.864e-9
435.750, -1.861e-9
436.000, -1.859e-9
436.250, -1.856e-9
436.500, -1.853e-9
436.750, -1.850e-9
437.000, -1.848e-9
437.250, -1.846e-9
437.500, -1.842e-9
437.750, -1.840e-9
438.000, -1.837e-9
438.250, -1.834e-9
438.500, -1.832e-9
438.750, -1.829e-9
439.000, -1.827e-9
439.250, -1.825e-9
439.500, -1.823e-9
439.750, -1.820e-9
440.000, -1.818e-9
440.250, -1.815e-9
440.500, -1.813e-9
440.750, -1.811e-9
441.000, -1.808e-9
441.250, -1.806e-9
441.500, -1.805e-9
441.750, -1.803e-9
442.000, -1.800e-9
442.250, -1.798e-9
442.500, -1.796e-9
442.750, -1.794e-9
443.000, -1.793e-9
443.250, -1.790e-9
443.500, -1.789e-9
443.750, -1.787e-9
444.000, -1.785e-9
444.250, -1.783e-9
444.500, -1.782e-9
444.750, -1.780e-9
445.000, -1.778e-9
445.250, -1.776e-9
445.500, -1.774e-9
445.750, -1.772e-9
446.000, -1.771e-9
446.250, -1.770e-9
446.500, -1.767e-9
446.750, -1.767e-9
447.000, -1.765e-9
447.250, -1.763e-9
447.500, -1.762e-9
447.750, -1.760e-9
448.000, -1.758e-9
448.250, -1.757e-9
448.500, -1.756e-9
448.750, -1.754e-9
449.000, -1.753e-9
449.250, -1.751e-9
449.500, -1.750e-9
449.750, -1.748e-9
450.000, -1.747e-9
450.250, -1.746e-9
450.500, -1.745e-9
450.750, -1.743e-9
451.000, -1.742e-9
451.250, -1.741e-9
451.500, -1.740e-9
451.750, -1.738e-9
452.000, -1.737e-9
452.250, -1.736e-9
452.500, -1.735e-9
452.750, -1.733e-9
453.000, -1.732e-9
453.250, -1.731e-9
453.500, -1.730e-9
453.750, -1.729e-9
454.000, -1.728e-9
454.250, -1.727e-9
454.500, -1.725e-9
454.750, -1.725e-9
455.000, -1.723e-9
455.250, -1.722e-9
455.500, -1.721e-9
455.750, -1.721e-9
456.000, -1.720e-9
456.250, -1.719e-9
456.500, -1.718e-9
456.750, -1.716e-9
457.000, -1.716e-9
457.250, -1.715e-9
457.500, -1.715e-9
457.750, -1.713e-9
458.000, -1.713e-9
458.250, -1.711e-9
458.500, -1.711e-9
458.750, -1.710e-9
459.000, -1.709e-9
459.250, -1.709e-9
459.500, -1.707e-9
459.750, -1.706e-9
460.000, -1.705e-9
460.250, -1.705e-9
460.500, -1.704e-9
460.750, -1.703e-9
461.000, -1.703e-9
461.250, -1.702e-9
461.500, -1.701e-9
461.750, -1.700e-9
462.000, -1.700e-9
462.250, -1.699e-9
462.500, -1.698e-9
462.750, -1.697e-9
463.000, -1.697e-9
463.250, -1.696e-9
463.500, -1.695e-9
463.750, -1.695e-9
464.000, -1.694e-9
464.250, -1.693e-9
464.500, -1.693e-9
464.750, -1.692e-9
465.000, -1.692e-9
465.250, -1.691e-9
465.500, -1.691e-9
465.750, -1.690e-9
466.000, -1.689e-9
466.250, -1.689e-9
466.500, -1.688e-9
466.750, -1.688e-9
467.000, -1.687e-9
467.250, -1.687e-9
467.500, -1.686e-9
467.750, -1.686e-9
468.000, -1.685e-9
468.250, -1.684e-9
468.500, -1.684e-9
468.750, -1.683e-9
469.000, -1.683e-9
469.250, -1.683e-9
469.500, -1.682e-9
469.750, -1.681e-9
470.000, -1.681e-9
470.250, -1.680e-9
470.500, -1.680e-9
470.750, -1.680e-9
471.000, -1.679e-9
471.250, -1.679e-9
471.500, -1.678e-9
471.750, -1.678e-9
472.000, -1.677e-9
472.250, -1.677e-9
472.500, -1.676e-9
472.750, -1.676e-9
473.000, -1.676e-9
473.250, -1.675e-9
473.500, -1.675e-9
473.750, -1.674e-9
474.000, -1.674e-9
474.250, -1.674e-9
474.500, -1.673e-9
474.750, -1.673e-9
475.000, -1.673e-9
475.250, -1.672e-9
475.500, -1.672e-9
475.750, -1.672e-9
476.000, -1.671e-9
476.250, -1.671e-9
476.500, -1.671e-9
476.750, -1.670e-9
477.000, -1.670e-9
477.250, -1.669e-9
477.500, -1.669e-9
477.750, -1.669e-9
478.000, -1.669e-9
478.250, -1.669e-9
478.500, -1.669e-9
478.750, -1.669e-9
479.000, -1.668e-9
479.250, -1.668e-9
479.500, -1.668e-9
479.750, -1.668e-9
480.000, -1.667e-9
480.250, -1.667e-9
480.500, -1.667e-9
480.750, -1.667e-9
481.000, -1.667e-9
481.250, -1.666e-9
481.500, -1.666e-9
481.750, -1.666e-9
482.000, -1.666e-9
482.250, -1.665e-9
482.500, -1.665e-9
482.750, -1.665e-9
483.000, -1.664e-9
483.250, -1.665e-9
483.500, -1.664e-9
483.750, -1.664e-9
484.000, -1.664e-9
484.250, -1.664e-9
484.500, -1.664e-9
484.750, -1.664e-9
485.000, -1.663e-9
485.250, -1.663e-9
485.500, -1.663e-9
485.750, -1.663e-9
486.000, -1.663e-9
486.250, -1.663e-9
486.500, -1.663e-9
486.750, -1.662e-9
487.000, -1.662e-9
487.250, -1.662e-9
487.500, -1.661e-9
487.750, -1.662e-9
488.000, -1.661e-9
488.250, -1.662e-9
488.500, -1.661e-9
488.750, -1.662e-9
489.000, -1.662e-9
489.250, -1.661e-9
489.500, -1.661e-9
489.750, -1.661e-9
490.000, -1.661e-9
490.250, -1.661e-9
490.500, -1.661e-9
490.750, -1.661e-9
491.000, -1.661e-9
491.250, -1.661e-9
491.500, -1.660e-9
491.750, -1.660e-9
492.000, -1.660e-9
492.250, -1.660e-9
492.500, -1.660e-9
492.750, -1.660e-9
493.000, -1.660e-9
493.250, -1.659e-9
493.500, -1.660e-9
493.750, -1.660e-9
494.000, -1.660e-9
494.250, -1.660e-9
494.500, -1.660e-9
494.750, -1.660e-9
495.000, -1.660e-9
495.250, -1.660e-9
495.500, -1.660e-9
495.750, -1.660e-9
496.000, -1.660e-9
496.250, -1.660e-9
496.500, -1.660e-9
496.750, -1.660e-9
497.000, -1.660e-9
497.250, -1.660e-9
497.500, -1.659e-9
497.750, -1.660e-9
498.000, -1.660e-9
498.250, -1.660e-9
498.500, -1.660e-9
498.750, -1.661e-9
499.000, -1.661e-9
499.250, -1.661e-9
499.500, -1.660e-9
499.750, -1.660e-9
500.000, -1.660e-9
