Distance/um, Current/A

0.500, -1.662e-9
1.000, -1.661e-9
1.500, -1.664e-9
2.000, -1.663e-9
2.500, -1.660e-9
3.000, -1.659e-9
3.500, -1.657e-9
4.000, -1.655e-9
4.500, -1.653e-9
5.000, -1.651e-9
5.500, -1.647e-9
6.000, -1.647e-9
6.500, -1.642e-9
7.000, -1.639e-9
7.500, -1.637e-9
8.000, -1.633e-9
8.500, -1.631e-9
9.000, -1.627e-9
9.500, -1.624e-9
10.000, -1.620e-9
10.500, -1.618e-9
11.000, -1.614e-9
11.500, -1.610e-9
12.000, -1.606e-9
12.500, -1.602e-9
13.000, -1.599e-9
13.500, -1.596e-9
14.000, -1.594e-9
14.500, -1.590e-9
15.000, -1.587e-9
15.500, -1.585e-9
16.000, -1.581e-9
16.500, -1.577e-9
17.000, -1.576e-9
17.500, -1.570e-9
18.000, -1.568e-9
18.500, -1.565e-9
19.000, -1.562e-9
19.500, -1.558e-9
20.000, -1.558e-9
20.500, -1.554e-9
21.000, -1.551e-9
21.500, -1.549e-9
22.000, -1.547e-9
22.500, -1.543e-9
23.000, -1.542e-9
23.500, -1.539e-9
24.000, -1.538e-9
24.500, -1.536e-9
25.000, -1.534e-9
25.500, -1.532e-9
26.000, -1.531e-9
26.500, -1.530e-9
27.000, -1.528e-9
27.500, -1.528e-9
28.000, -1.525e-9
28.500, -1.524e-9
29.000, -1.523e-9
29.500, -1.522e-9
30.000, -1.521e-9
30.500, -1.519e-9
31.000, -1.520e-9
31.500, -1.520e-9
32.000, -1.521e-9
32.500, -1.519e-9
33.000, -1.520e-9
33.500, -1.520e-9
34.000, -1.520e-9
34.500, -1.521e-9
35.000, -1.521e-9
35.500, -1.522e-9
36.000, -1.520e-9
36.500, -1.525e-9
37.000, -1.525e-9
37.500, -1.525e-9
38.000, -1.526e-9
38.500, -1.527e-9
39.000, -1.529e-9
39.500, -1.531e-9
40.000, -1.533e-9
40.500, -1.534e-9
41.000, -1.536e-9
41.500, -1.539e-9
42.000, -1.542e-9
42.500, -1.543e-9
43.000, -1.546e-9
43.500, -1.549e-9
44.000, -1.553e-9
44.500, -1.559e-9
45.000, -1.562e-9
45.500, -1.566e-9
46.000, -1.567e-9
46.500, -1.575e-9
47.000, -1.580e-9
47.500, -1.586e-9
48.000, -1.589e-9
48.500, -1.595e-9
49.000, -1.600e-9
49.500, -1.606e-9
50.000, -1.612e-9
50.500, -1.619e-9
51.000, -1.626e-9
51.500, -1.634e-9
52.000, -1.644e-9
52.500, -1.650e-9
53.000, -1.660e-9
53.500, -1.669e-9
54.000, -1.681e-9
54.500, -1.695e-9
55.000, -1.706e-9
55.500, -1.716e-9
56.000, -1.730e-9
56.500, -1.744e-9
57.000, -1.760e-9
57.500, -1.776e-9
58.000, -1.790e-9
58.500, -1.807e-9
59.000, -1.825e-9
59.500, -1.848e-9
60.000, -1.868e-9
60.500, -1.890e-9
61.000, -1.913e-9
61.500, -1.942e-9
62.000, -1.973e-9
62.500, -2.000e-9
63.000, -2.026e-9
63.500, -2.057e-9
64.000, -2.090e-9
64.500, -2.127e-9
65.000, -2.159e-9
65.500, -2.188e-9
66.000, -2.224e-9
66.500, -2.266e-9
67.000, -2.312e-9
67.500, -2.356e-9
68.000, -2.396e-9
68.500, -2.439e-9
69.000, -2.492e-9
69.500, -2.548e-9
70.000, -2.595e-9
70.500, -2.640e-9
71.000, -2.684e-9
71.500, -2.735e-9
72.000, -2.793e-9
72.500, -2.842e-9
73.000, -2.887e-9
73.500, -2.934e-9
74.000, -2.987e-9
74.500, -3.043e-9
75.000, -3.091e-9
75.500, -3.135e-9
76.000, -3.182e-9
76.500, -3.238e-9
77.000, -3.296e-9
77.500, -3.349e-9
78.000, -3.391e-9
78.500, -3.435e-9
79.000, -3.481e-9
79.500, -3.527e-9
80.000, -3.572e-9
80.500, -3.608e-9
81.000, -3.652e-9
81.500, -3.695e-9
82.000, -3.744e-9
82.500, -3.781e-9
83.000, -3.821e-9
83.500, -3.856e-9
84.000, -3.900e-9
84.500, -3.945e-9
85.000, -3.986e-9
85.500, -4.026e-9
86.000, -4.062e-9
86.500, -4.099e-9
87.000, -4.135e-9
87.500, -4.169e-9
88.000, -4.197e-9
88.500, -4.228e-9
89.000, -4.259e-9
89.500, -4.290e-9
90.000, -4.315e-9
90.500, -4.344e-9
91.000, -4.368e-9
91.500, -4.396e-9
92.000, -4.423e-9
92.500, -4.451e-9
93.000, -4.471e-9
93.500, -4.495e-9
94.000, -4.517e-9
94.500, -4.544e-9
95.000, -4.564e-9
95.500, -4.586e-9
96.000, -4.606e-9
96.500, -4.628e-9
97.000, -4.650e-9
97.500, -4.671e-9
98.000, -4.687e-9
98.500, -4.704e-9
99.000, -4.722e-9
99.500, -4.737e-9
100.000, -4.753e-9
100.500, -4.766e-9
101.000, -4.777e-9
101.500, -4.793e-9
102.000, -4.805e-9
102.500, -4.814e-9
103.000, -4.825e-9
103.500, -4.831e-9
104.000, -4.839e-9
104.500, -4.846e-9
105.000, -4.851e-9
105.500, -4.855e-9
106.000, -4.862e-9
106.500, -4.866e-9
107.000, -4.871e-9
107.500, -4.877e-9
108.000, -4.879e-9
108.500, -4.882e-9
109.000, -4.887e-9
109.500, -4.889e-9
110.000, -4.892e-9
110.500, -4.894e-9
111.000, -4.896e-9
111.500, -4.898e-9
112.000, -4.899e-9
112.500, -4.900e-9
113.000, -4.904e-9
113.500, -4.904e-9
114.000, -4.906e-9
114.500, -4.908e-9
115.000, -4.909e-9
115.500, -4.911e-9
116.000, -4.914e-9
116.500, -4.916e-9
117.000, -4.918e-9
117.500, -4.921e-9
118.000, -4.923e-9
118.500, -4.926e-9
119.000, -4.930e-9
119.500, -4.934e-9
120.000, -4.936e-9
120.500, -4.940e-9
121.000, -4.943e-9
121.500, -4.947e-9
122.000, -4.952e-9
122.500, -4.956e-9
123.000, -4.961e-9
123.500, -4.966e-9
124.000, -4.969e-9
124.500, -4.976e-9
125.000, -4.981e-9
125.500, -4.984e-9
126.000, -4.991e-9
126.500, -4.995e-9
127.000, -5.002e-9
127.500, -5.008e-9
128.000, -5.012e-9
128.500, -5.019e-9
129.000, -5.025e-9
129.500, -5.032e-9
130.000, -5.039e-9
130.500, -5.046e-9
131.000, -5.051e-9
131.500, -5.059e-9
132.000, -5.067e-9
132.500, -5.073e-9
133.000, -5.078e-9
133.500, -5.082e-9
134.000, -5.088e-9
134.500, -5.092e-9
135.000, -5.096e-9
135.500, -5.100e-9
136.000, -5.102e-9
136.500, -5.104e-9
137.000, -5.107e-9
137.500, -5.106e-9
138.000, -5.107e-9
138.500, -5.108e-9
139.000, -5.107e-9
139.500, -5.108e-9
140.000, -5.105e-9
140.500, -5.105e-9
141.000, -5.104e-9
141.500, -5.100e-9
142.000, -5.098e-9
142.500, -5.096e-9
143.000, -5.093e-9
143.500, -5.092e-9
144.000, -5.089e-9
144.500, -5.085e-9
145.000, -5.082e-9
145.500, -5.079e-9
146.000, -5.077e-9
146.500, -5.075e-9
147.000, -5.072e-9
147.500, -5.069e-9
148.000, -5.068e-9
148.500, -5.065e-9
149.000, -5.063e-9
149.500, -5.061e-9
150.000, -5.059e-9
150.500, -5.057e-9
151.000, -5.057e-9
151.500, -5.053e-9
152.000, -5.051e-9
152.500, -5.051e-9
153.000, -5.048e-9
153.500, -5.048e-9
154.000, -5.047e-9
154.500, -5.044e-9
155.000, -5.043e-9
155.500, -5.042e-9
156.000, -5.040e-9
156.500, -5.041e-9
157.000, -5.040e-9
157.500, -5.037e-9
158.000, -5.038e-9
158.500, -5.036e-9
159.000, -5.036e-9
159.500, -5.036e-9
160.000, -5.033e-9
160.500, -5.031e-9
161.000, -5.031e-9
161.500, -5.029e-9
162.000, -5.027e-9
162.500, -5.025e-9
163.000, -5.023e-9
163.500, -5.021e-9
164.000, -5.019e-9
164.500, -5.016e-9
165.000, -5.013e-9
165.500, -5.010e-9
166.000, -5.006e-9
166.500, -5.004e-9
167.000, -4.999e-9
167.500, -4.995e-9
168.000, -4.993e-9
168.500, -4.988e-9
169.000, -4.985e-9
169.500, -4.981e-9
170.000, -4.976e-9
170.500, -4.973e-9
171.000, -4.968e-9
171.500, -4.964e-9
172.000, -4.959e-9
172.500, -4.953e-9
173.000, -4.950e-9
173.500, -4.947e-9
174.000, -4.942e-9
174.500, -4.939e-9
175.000, -4.938e-9
175.500, -4.936e-9
176.000, -4.935e-9
176.500, -4.935e-9
177.000, -4.933e-9
177.500, -4.930e-9
178.000, -4.926e-9
178.500, -4.922e-9
179.000, -4.919e-9
179.500, -4.915e-9
180.000, -4.909e-9
180.500, -4.904e-9
181.000, -4.901e-9
181.500, -4.895e-9
182.000, -4.890e-9
182.500, -4.884e-9
183.000, -4.881e-9
183.500, -4.876e-9
184.000, -4.872e-9
184.500, -4.867e-9
185.000, -4.863e-9
185.500, -4.859e-9
186.000, -4.856e-9
186.500, -4.853e-9
187.000, -4.849e-9
187.500, -4.846e-9
188.000, -4.844e-9
188.500, -4.843e-9
189.000, -4.840e-9
189.500, -4.839e-9
190.000, -4.838e-9
190.500, -4.837e-9
191.000, -4.836e-9
191.500, -4.836e-9
192.000, -4.834e-9
192.500, -4.834e-9
193.000, -4.834e-9
193.500, -4.833e-9
194.000, -4.834e-9
194.500, -4.833e-9
195.000, -4.833e-9
195.500, -4.833e-9
196.000, -4.833e-9
196.500, -4.833e-9
197.000, -4.833e-9
197.500, -4.832e-9
198.000, -4.831e-9
198.500, -4.831e-9
199.000, -4.830e-9
199.500, -4.830e-9
200.000, -4.829e-9
200.500, -4.827e-9
201.000, -4.826e-9
201.500, -4.826e-9
202.000, -4.824e-9
202.500, -4.823e-9
203.000, -4.821e-9
203.500, -4.819e-9
204.000, -4.818e-9
204.500, -4.816e-9
205.000, -4.813e-9
205.500, -4.811e-9
206.000, -4.808e-9
206.500, -4.806e-9
207.000, -4.802e-9
207.500, -4.799e-9
208.000, -4.796e-9
208.500, -4.791e-9
209.000, -4.788e-9
209.500, -4.782e-9
210.000, -4.776e-9
210.500, -4.771e-9
211.000, -4.765e-9
211.500, -4.756e-9
212.000, -4.748e-9
212.500, -4.737e-9
213.000, -4.726e-9
213.500, -4.717e-9
214.000, -4.704e-9
214.500, -4.689e-9
215.000, -4.675e-9
215.500, -4.659e-9
216.000, -4.644e-9
216.500, -4.627e-9
217.000, -4.606e-9
217.500, -4.585e-9
218.000, -4.564e-9
218.500, -4.543e-9
219.000, -4.520e-9
219.500, -4.494e-9
220.000, -4.467e-9
220.500, -4.441e-9
221.000, -4.415e-9
221.500, -4.386e-9
222.000, -4.354e-9
222.500, -4.321e-9
223.000, -4.289e-9
223.500, -4.258e-9
224.000, -4.222e-9
224.500, -4.183e-9
225.000, -4.145e-9
225.500, -4.110e-9
226.000, -4.075e-9
226.500, -4.038e-9
227.000, -4.001e-9
227.500, -3.965e-9
228.000, -3.932e-9
228.500, -3.901e-9
229.000, -3.868e-9
229.500, -3.833e-9
230.000, -3.802e-9
230.500, -3.774e-9
231.000, -3.747e-9
231.500, -3.718e-9
232.000, -3.690e-9
232.500, -3.664e-9
233.000, -3.644e-9
233.500, -3.623e-9
234.000, -3.603e-9
234.500, -3.585e-9
235.000, -3.568e-9
235.500, -3.556e-9
236.000, -3.544e-9
236.500, -3.533e-9
237.000, -3.524e-9
237.500, -3.515e-9
238.000, -3.508e-9
238.500, -3.504e-9
239.000, -3.500e-9
239.500, -3.496e-9
240.000, -3.495e-9
240.500, -3.493e-9
241.000, -3.492e-9
241.500, -3.491e-9
242.000, -3.494e-9
242.500, -3.494e-9
243.000, -3.494e-9
243.500, -3.495e-9
244.000, -3.496e-9
244.500, -3.498e-9
245.000, -3.499e-9
245.500, -3.500e-9
246.000, -3.502e-9
246.500, -3.503e-9
247.000, -3.504e-9
247.500, -3.505e-9
248.000, -3.507e-9
248.500, -3.507e-9
249.000, -3.509e-9
249.500, -3.510e-9
250.000, -3.510e-9
250.500, -3.511e-9
251.000, -3.511e-9
251.500, -3.511e-9
252.000, -3.514e-9
252.500, -3.512e-9
253.000, -3.511e-9
253.500, -3.513e-9
254.000, -3.512e-9
254.500, -3.512e-9
255.000, -3.513e-9
255.500, -3.511e-9
256.000, -3.512e-9
256.500, -3.514e-9
257.000, -3.514e-9
257.500, -3.516e-9
258.000, -3.519e-9
258.500, -3.522e-9
259.000, -3.526e-9
259.500, -3.533e-9
260.000, -3.539e-9
260.500, -3.547e-9
261.000, -3.557e-9
261.500, -3.569e-9
262.000, -3.584e-9
262.500, -3.598e-9
263.000, -3.609e-9
263.500, -3.620e-9
264.000, -3.634e-9
264.500, -3.650e-9
265.000, -3.663e-9
265.500, -3.672e-9
266.000, -3.678e-9
266.500, -3.682e-9
267.000, -3.688e-9
267.500, -3.693e-9
268.000, -3.691e-9
268.500, -3.687e-9
269.000, -3.680e-9
269.500, -3.670e-9
270.000, -3.656e-9
270.500, -3.641e-9
271.000, -3.619e-9
271.500, -3.591e-9
272.000, -3.555e-9
272.500, -3.516e-9
273.000, -3.480e-9
273.500, -3.447e-9
274.000, -3.411e-9
274.500, -3.372e-9
275.000, -3.331e-9
275.500, -3.292e-9
276.000, -3.252e-9
276.500, -3.207e-9
277.000, -3.156e-9
277.500, -3.103e-9
278.000, -3.051e-9
278.500, -3.000e-9
279.000, -2.945e-9
279.500, -2.883e-9
280.000, -2.824e-9
280.500, -2.769e-9
281.000, -2.710e-9
281.500, -2.647e-9
282.000, -2.578e-9
282.500, -2.513e-9
283.000, -2.455e-9
283.500, -2.400e-9
284.000, -2.341e-9
284.500, -2.277e-9
285.000, -2.220e-9
285.500, -2.166e-9
286.000, -2.113e-9
286.500, -2.057e-9
287.000, -1.997e-9
287.500, -1.946e-9
288.000, -1.902e-9
288.500, -1.857e-9
289.000, -1.818e-9
289.500, -1.780e-9
290.000, -1.747e-9
290.500, -1.722e-9
291.000, -1.694e-9
291.500, -1.668e-9
292.000, -1.646e-9
292.500, -1.625e-9
293.000, -1.603e-9
293.500, -1.585e-9
294.000, -1.566e-9
294.500, -1.546e-9
295.000, -1.531e-9
295.500, -1.515e-9
296.000, -1.500e-9
296.500, -1.484e-9
297.000, -1.473e-9
297.500, -1.459e-9
298.000, -1.448e-9
298.500, -1.438e-9
299.000, -1.426e-9
299.500, -1.416e-9
300.000, -1.408e-9
300.500, -1.398e-9
301.000, -1.391e-9
301.500, -1.382e-9
302.000, -1.374e-9
302.500, -1.366e-9
303.000, -1.361e-9
303.500, -1.352e-9
304.000, -1.348e-9
304.500, -1.340e-9
305.000, -1.335e-9
305.500, -1.330e-9
306.000, -1.325e-9
306.500, -1.318e-9
307.000, -1.316e-9
307.500, -1.308e-9
308.000, -1.305e-9
308.500, -1.302e-9
309.000, -1.294e-9
309.500, -1.292e-9
310.000, -1.288e-9
310.500, -1.283e-9
311.000, -1.280e-9
311.500, -1.275e-9
312.000, -1.272e-9
312.500, -1.269e-9
313.000, -1.264e-9
313.500, -1.260e-9
314.000, -1.259e-9
314.500, -1.254e-9
315.000, -1.252e-9
315.500, -1.251e-9
316.000, -1.245e-9
316.500, -1.244e-9
317.000, -1.241e-9
317.500, -1.238e-9
318.000, -1.236e-9
318.500, -1.235e-9
319.000, -1.229e-9
319.500, -1.229e-9
320.000, -1.227e-9
320.500, -1.223e-9
321.000, -1.223e-9
321.500, -1.221e-9
322.000, -1.218e-9
322.500, -1.218e-9
323.000, -1.214e-9
323.500, -1.212e-9
324.000, -1.211e-9
324.500, -1.210e-9
325.000, -1.208e-9
325.500, -1.207e-9
326.000, -1.206e-9
326.500, -1.202e-9
327.000, -1.203e-9
327.500, -1.202e-9
328.000, -1.198e-9
328.500, -1.198e-9
329.000, -1.196e-9
329.500, -1.195e-9
330.000, -1.197e-9
330.500, -1.192e-9
331.000, -1.191e-9
331.500, -1.193e-9
332.000, -1.191e-9
332.500, -1.189e-9
333.000, -1.188e-9
333.500, -1.187e-9
334.000, -1.185e-9
334.500, -1.188e-9
335.000, -1.185e-9
335.500, -1.185e-9
336.000, -1.183e-9
336.500, -1.181e-9
337.000, -1.183e-9
337.500, -1.182e-9
338.000, -1.182e-9
338.500, -1.179e-9
339.000, -1.179e-9
339.500, -1.178e-9
340.000, -1.178e-9
340.500, -1.178e-9
341.000, -1.177e-9
341.500, -1.176e-9
342.000, -1.176e-9
342.500, -1.175e-9
343.000, -1.174e-9
343.500, -1.173e-9
344.000, -1.172e-9
344.500, -1.173e-9
345.000, -1.173e-9
345.500, -1.171e-9
346.000, -1.171e-9
346.500, -1.171e-9
347.000, -1.170e-9
347.500, -1.172e-9
348.000, -1.170e-9
348.500, -1.171e-9
349.000, -1.168e-9
349.500, -1.170e-9
350.000, -1.169e-9
350.500, -1.169e-9
351.000, -1.168e-9
351.500, -1.169e-9
352.000, -1.170e-9
352.500, -1.169e-9
353.000, -1.168e-9
353.500, -1.167e-9
354.000, -1.169e-9
354.500, -1.169e-9
355.000, -1.170e-9
355.500, -1.168e-9
356.000, -1.169e-9
356.500, -1.170e-9
357.000, -1.169e-9
357.500, -1.173e-9
358.000, -1.171e-9
358.500, -1.170e-9
359.000, -1.171e-9
359.500, -1.171e-9
360.000, -1.171e-9
360.500, -1.171e-9
361.000, -1.171e-9
361.500, -1.173e-9
362.000, -1.174e-9
362.500, -1.173e-9
363.000, -1.173e-9
363.500, -1.173e-9
364.000, -1.171e-9
364.500, -1.174e-9
365.000, -1.174e-9
365.500, -1.172e-9
366.000, -1.173e-9
366.500, -1.173e-9
367.000, -1.173e-9
367.500, -1.175e-9
368.000, -1.172e-9
368.500, -1.174e-9
369.000, -1.173e-9
369.500, -1.173e-9
370.000, -1.175e-9
370.500, -1.173e-9
371.000, -1.173e-9
371.500, -1.175e-9
372.000, -1.173e-9
372.500, -1.174e-9
373.000, -1.174e-9
373.500, -1.173e-9
374.000, -1.171e-9
374.500, -1.175e-9
375.000, -1.173e-9
375.500, -1.172e-9
376.000, -1.173e-9
376.500, -1.173e-9
377.000, -1.173e-9
377.500, -1.176e-9
378.000, -1.173e-9
378.500, -1.173e-9
379.000, -1.173e-9
379.500, -1.174e-9
380.000, -1.173e-9
380.500, -1.172e-9
381.000, -1.173e-9
381.500, -1.174e-9
382.000, -1.173e-9
382.500, -1.173e-9
383.000, -1.172e-9
383.500, -1.172e-9
384.000, -1.173e-9
384.500, -1.173e-9
385.000, -1.172e-9
385.500, -1.173e-9
386.000, -1.171e-9
386.500, -1.174e-9
387.000, -1.172e-9
387.500, -1.172e-9
388.000, -1.174e-9
388.500, -1.172e-9
389.000, -1.172e-9
389.500, -1.174e-9
390.000, -1.172e-9
390.500, -1.172e-9
391.000, -1.173e-9
391.500, -1.171e-9
392.000, -1.176e-9
392.500, -1.174e-9
393.000, -1.175e-9
393.500, -1.175e-9
394.000, -1.175e-9
394.500, -1.176e-9
395.000, -1.178e-9
395.500, -1.175e-9
396.000, -1.179e-9
396.500, -1.179e-9
397.000, -1.180e-9
397.500, -1.181e-9
398.000, -1.181e-9
398.500, -1.179e-9
399.000, -1.184e-9
399.500, -1.182e-9
400.000, -1.185e-9
400.500, -1.184e-9
401.000, -1.185e-9
401.500, -1.186e-9
402.000, -1.189e-9
402.500, -1.188e-9
403.000, -1.190e-9
403.500, -1.192e-9
404.000, -1.193e-9
404.500, -1.193e-9
405.000, -1.197e-9
405.500, -1.195e-9
406.000, -1.198e-9
406.500, -1.196e-9
407.000, -1.203e-9
407.500, -1.201e-9
408.000, -1.202e-9
408.500, -1.203e-9
409.000, -1.205e-9
409.500, -1.206e-9
410.000, -1.209e-9
410.500, -1.209e-9
411.000, -1.211e-9
411.500, -1.211e-9
412.000, -1.213e-9
412.500, -1.214e-9
413.000, -1.215e-9
413.500, -1.214e-9
414.000, -1.216e-9
414.500, -1.218e-9
415.000, -1.217e-9
415.500, -1.220e-9
416.000, -1.218e-9
416.500, -1.219e-9
417.000, -1.224e-9
417.500, -1.223e-9
418.000, -1.221e-9
418.500, -1.224e-9
419.000, -1.223e-9
419.500, -1.225e-9
420.000, -1.228e-9
420.500, -1.224e-9
421.000, -1.225e-9
421.500, -1.228e-9
422.000, -1.227e-9
422.500, -1.228e-9
423.000, -1.228e-9
423.500, -1.226e-9
424.000, -1.228e-9
424.500, -1.229e-9
425.000, -1.227e-9
425.500, -1.228e-9
426.000, -1.225e-9
426.500, -1.226e-9
427.000, -1.227e-9
427.500, -1.225e-9
428.000, -1.224e-9
428.500, -1.225e-9
429.000, -1.223e-9
429.500, -1.223e-9
430.000, -1.225e-9
430.500, -1.222e-9
431.000, -1.224e-9
431.500, -1.222e-9
432.000, -1.222e-9
432.500, -1.223e-9
433.000, -1.222e-9
433.500, -1.222e-9
434.000, -1.221e-9
434.500, -1.222e-9
435.000, -1.220e-9
435.500, -1.220e-9
436.000, -1.219e-9
436.500, -1.219e-9
437.000, -1.220e-9
437.500, -1.219e-9
438.000, -1.217e-9
438.500, -1.218e-9
439.000, -1.217e-9
439.500, -1.217e-9
440.000, -1.218e-9
440.500, -1.216e-9
441.000, -1.216e-9
441.500, -1.216e-9
442.000, -1.216e-9
442.500, -1.215e-9
443.000, -1.215e-9
443.500, -1.213e-9
444.000, -1.214e-9
444.500, -1.215e-9
445.000, -1.213e-9
445.500, -1.213e-9
446.000, -1.214e-9
446.500, -1.212e-9
447.000, -1.214e-9
447.500, -1.212e-9
448.000, -1.214e-9
448.500, -1.212e-9
449.000, -1.211e-9
449.500, -1.212e-9
450.000, -1.214e-9
450.500, -1.210e-9
451.000, -1.211e-9
451.500, -1.212e-9
452.000, -1.211e-9
452.500, -1.211e-9
453.000, -1.211e-9
453.500, -1.209e-9
454.000, -1.209e-9
454.500, -1.211e-9
455.000, -1.210e-9
455.500, -1.211e-9
456.000, -1.209e-9
456.500, -1.210e-9
457.000, -1.211e-9
457.500, -1.211e-9
458.000, -1.209e-9
458.500, -1.211e-9
459.000, -1.209e-9
459.500, -1.211e-9
460.000, -1.211e-9
460.500, -1.209e-9
461.000, -1.210e-9
461.500, -1.211e-9
462.000, -1.211e-9
462.500, -1.211e-9
463.000, -1.211e-9
463.500, -1.209e-9
464.000, -1.212e-9
464.500, -1.210e-9
465.000, -1.212e-9
465.500, -1.211e-9
466.000, -1.210e-9
466.500, -1.210e-9
467.000, -1.212e-9
467.500, -1.213e-9
468.000, -1.211e-9
468.500, -1.211e-9
469.000, -1.212e-9
469.500, -1.212e-9
470.000, -1.213e-9
470.500, -1.214e-9
471.000, -1.214e-9
471.500, -1.215e-9
472.000, -1.215e-9
472.500, -1.216e-9
473.000, -1.217e-9
473.500, -1.215e-9
474.000, -1.218e-9
474.500, -1.218e-9
475.000, -1.219e-9
475.500, -1.219e-9
476.000, -1.218e-9
476.500, -1.218e-9
477.000, -1.223e-9
477.500, -1.221e-9
478.000, -1.222e-9
478.500, -1.222e-9
479.000, -1.224e-9
479.500, -1.224e-9
480.000, -1.226e-9
480.500, -1.224e-9
481.000, -1.226e-9
481.500, -1.228e-9
482.000, -1.228e-9
482.500, -1.229e-9
483.000, -1.229e-9
483.500, -1.230e-9
484.000, -1.230e-9
484.500, -1.232e-9
485.000, -1.232e-9
485.500, -1.234e-9
486.000, -1.232e-9
486.500, -1.234e-9
487.000, -1.236e-9
487.500, -1.236e-9
488.000, -1.237e-9
488.500, -1.236e-9
489.000, -1.237e-9
489.500, -1.240e-9
490.000, -1.240e-9
490.500, -1.241e-9
491.000, -1.241e-9
491.500, -1.242e-9
492.000, -1.245e-9
492.500, -1.246e-9
493.000, -1.244e-9
493.500, -1.246e-9
494.000, -1.248e-9
494.500, -1.248e-9
495.000, -1.250e-9
495.500, -1.251e-9
496.000, -1.251e-9
496.500, -1.252e-9
497.000, -1.255e-9
497.500, -1.255e-9
498.000, -1.256e-9
498.500, -1.257e-9
499.000, -1.257e-9
499.500, -1.261e-9
500.000, -1.261e-9
