Distance/um, Current/A

0.250, -2.459e-9
0.500, -2.458e-9
0.750, -2.459e-9
1.000, -2.458e-9
1.250, -2.458e-9
1.500, -2.457e-9
1.750, -2.456e-9
2.000, -2.455e-9
2.250, -2.453e-9
2.500, -2.452e-9
2.750, -2.451e-9
3.000, -2.450e-9
3.250, -2.449e-9
3.500, -2.448e-9
3.750, -2.446e-9
4.000, -2.445e-9
4.250, -2.445e-9
4.500, -2.443e-9
4.750, -2.442e-9
5.000, -2.440e-9
5.250, -2.439e-9
5.500, -2.438e-9
5.750, -2.438e-9
6.000, -2.437e-9
6.250, -2.436e-9
6.500, -2.436e-9
6.750, -2.437e-9
7.000, -2.437e-9
7.250, -2.437e-9
7.500, -2.438e-9
7.750, -2.437e-9
8.000, -2.438e-9
8.250, -2.439e-9
8.500, -2.439e-9
8.750, -2.439e-9
9.000, -2.441e-9
9.250, -2.441e-9
9.500, -2.441e-9
9.750, -2.442e-9
10.000, -2.443e-9
10.250, -2.443e-9
10.500, -2.444e-9
10.750, -2.444e-9
11.000, -2.445e-9
11.250, -2.446e-9
11.500, -2.447e-9
11.750, -2.448e-9
12.000, -2.449e-9
12.250, -2.449e-9
12.500, -2.450e-9
12.750, -2.451e-9
13.000, -2.451e-9
13.250, -2.452e-9
13.500, -2.452e-9
13.750, -2.453e-9
14.000, -2.454e-9
14.250, -2.455e-9
14.500, -2.456e-9
14.750, -2.457e-9
15.000, -2.458e-9
15.250, -2.458e-9
15.500, -2.459e-9
15.750, -2.460e-9
16.000, -2.461e-9
16.250, -2.463e-9
16.500, -2.464e-9
16.750, -2.465e-9
17.000, -2.466e-9
17.250, -2.467e-9
17.500, -2.468e-9
17.750, -2.469e-9
18.000, -2.470e-9
18.250, -2.471e-9
18.500, -2.471e-9
18.750, -2.472e-9
19.000, -2.474e-9
19.250, -2.475e-9
19.500, -2.478e-9
19.750, -2.480e-9
20.000, -2.480e-9
20.250, -2.481e-9
20.500, -2.482e-9
20.750, -2.483e-9
21.000, -2.484e-9
21.250, -2.485e-9
21.500, -2.488e-9
21.750, -2.490e-9
22.000, -2.491e-9
22.250, -2.493e-9
22.500, -2.493e-9
22.750, -2.494e-9
23.000, -2.496e-9
23.250, -2.497e-9
23.500, -2.499e-9
23.750, -2.501e-9
24.000, -2.503e-9
24.250, -2.505e-9
24.500, -2.507e-9
24.750, -2.509e-9
25.000, -2.510e-9
25.250, -2.511e-9
25.500, -2.512e-9
25.750, -2.514e-9
26.000, -2.516e-9
26.250, -2.518e-9
26.500, -2.520e-9
26.750, -2.522e-9
27.000, -2.525e-9
27.250, -2.527e-9
27.500, -2.528e-9
27.750, -2.530e-9
28.000, -2.532e-9
28.250, -2.534e-9
28.500, -2.537e-9
28.750, -2.539e-9
29.000, -2.542e-9
29.250, -2.544e-9
29.500, -2.547e-9
29.750, -2.548e-9
30.000, -2.550e-9
30.250, -2.553e-9
30.500, -2.554e-9
30.750, -2.556e-9
31.000, -2.558e-9
31.250, -2.561e-9
31.500, -2.564e-9
31.750, -2.567e-9
32.000, -2.571e-9
32.250, -2.572e-9
32.500, -2.575e-9
32.750, -2.577e-9
33.000, -2.580e-9
33.250, -2.582e-9
33.500, -2.585e-9
33.750, -2.588e-9
34.000, -2.591e-9
34.250, -2.594e-9
34.500, -2.598e-9
34.750, -2.600e-9
35.000, -2.603e-9
35.250, -2.605e-9
35.500, -2.607e-9
35.750, -2.610e-9
36.000, -2.614e-9
36.250, -2.618e-9
36.500, -2.621e-9
36.750, -2.626e-9
37.000, -2.630e-9
37.250, -2.633e-9
37.500, -2.635e-9
37.750, -2.639e-9
38.000, -2.642e-9
38.250, -2.645e-9
38.500, -2.648e-9
38.750, -2.651e-9
39.000, -2.656e-9
39.250, -2.660e-9
39.500, -2.664e-9
39.750, -2.667e-9
40.000, -2.671e-9
40.250, -2.675e-9
40.500, -2.679e-9
40.750, -2.683e-9
41.000, -2.687e-9
41.250, -2.692e-9
41.500, -2.697e-9
41.750, -2.702e-9
42.000, -2.707e-9
42.250, -2.713e-9
42.500, -2.716e-9
42.750, -2.720e-9
43.000, -2.724e-9
43.250, -2.729e-9
43.500, -2.734e-9
43.750, -2.738e-9
44.000, -2.743e-9
44.250, -2.749e-9
44.500, -2.754e-9
44.750, -2.758e-9
45.000, -2.763e-9
45.250, -2.767e-9
45.500, -2.771e-9
45.750, -2.777e-9
46.000, -2.782e-9
46.250, -2.788e-9
46.500, -2.795e-9
46.750, -2.803e-9
47.000, -2.810e-9
47.250, -2.817e-9
47.500, -2.822e-9
47.750, -2.827e-9
48.000, -2.834e-9
48.250, -2.841e-9
48.500, -2.847e-9
48.750, -2.854e-9
49.000, -2.861e-9
49.250, -2.870e-9
49.500, -2.879e-9
49.750, -2.886e-9
50.000, -2.894e-9
50.250, -2.902e-9
50.500, -2.908e-9
50.750, -2.914e-9
51.000, -2.924e-9
51.250, -2.931e-9
51.500, -2.940e-9
51.750, -2.952e-9
52.000, -2.963e-9
52.250, -2.974e-9
52.500, -2.983e-9
52.750, -2.991e-9
53.000, -3.001e-9
53.250, -3.011e-9
53.500, -3.020e-9
53.750, -3.032e-9
54.000, -3.044e-9
54.250, -3.056e-9
54.500, -3.069e-9
54.750, -3.081e-9
55.000, -3.092e-9
55.250, -3.102e-9
55.500, -3.113e-9
55.750, -3.125e-9
56.000, -3.136e-9
56.250, -3.148e-9
56.500, -3.161e-9
56.750, -3.175e-9
57.000, -3.187e-9
57.250, -3.199e-9
57.500, -3.211e-9
57.750, -3.222e-9
58.000, -3.232e-9
58.250, -3.244e-9
58.500, -3.256e-9
58.750, -3.269e-9
59.000, -3.282e-9
59.250, -3.296e-9
59.500, -3.311e-9
59.750, -3.326e-9
60.000, -3.339e-9
60.250, -3.352e-9
60.500, -3.364e-9
60.750, -3.377e-9
61.000, -3.393e-9
61.250, -3.407e-9
61.500, -3.423e-9
61.750, -3.441e-9
62.000, -3.458e-9
62.250, -3.473e-9
62.500, -3.488e-9
62.750, -3.502e-9
63.000, -3.515e-9
63.250, -3.529e-9
63.500, -3.544e-9
63.750, -3.559e-9
64.000, -3.576e-9
64.250, -3.593e-9
64.500, -3.609e-9
64.750, -3.625e-9
65.000, -3.640e-9
65.250, -3.651e-9
65.500, -3.664e-9
65.750, -3.676e-9
66.000, -3.690e-9
66.250, -3.704e-9
66.500, -3.720e-9
66.750, -3.736e-9
67.000, -3.752e-9
67.250, -3.768e-9
67.500, -3.782e-9
67.750, -3.796e-9
68.000, -3.809e-9
68.250, -3.823e-9
68.500, -3.839e-9
68.750, -3.854e-9
69.000, -3.871e-9
69.250, -3.888e-9
69.500, -3.906e-9
69.750, -3.920e-9
70.000, -3.934e-9
70.250, -3.948e-9
70.500, -3.961e-9
70.750, -3.973e-9
71.000, -3.986e-9
71.250, -4.001e-9
71.500, -4.018e-9
71.750, -4.035e-9
72.000, -4.050e-9
72.250, -4.065e-9
72.500, -4.078e-9
72.750, -4.091e-9
73.000, -4.103e-9
73.250, -4.114e-9
73.500, -4.127e-9
73.750, -4.140e-9
74.000, -4.152e-9
74.250, -4.166e-9
74.500, -4.179e-9
74.750, -4.191e-9
75.000, -4.202e-9
75.250, -4.213e-9
75.500, -4.222e-9
75.750, -4.232e-9
76.000, -4.242e-9
76.250, -4.253e-9
76.500, -4.264e-9
76.750, -4.277e-9
77.000, -4.289e-9
77.250, -4.300e-9
77.500, -4.312e-9
77.750, -4.322e-9
78.000, -4.332e-9
78.250, -4.342e-9
78.500, -4.351e-9
78.750, -4.361e-9
79.000, -4.372e-9
79.250, -4.383e-9
79.500, -4.394e-9
79.750, -4.404e-9
80.000, -4.413e-9
80.250, -4.422e-9
80.500, -4.430e-9
80.750, -4.438e-9
81.000, -4.447e-9
81.250, -4.456e-9
81.500, -4.464e-9
81.750, -4.473e-9
82.000, -4.482e-9
82.250, -4.490e-9
82.500, -4.497e-9
82.750, -4.503e-9
83.000, -4.510e-9
83.250, -4.515e-9
83.500, -4.521e-9
83.750, -4.526e-9
84.000, -4.532e-9
84.250, -4.539e-9
84.500, -4.545e-9
84.750, -4.550e-9
85.000, -4.555e-9
85.250, -4.559e-9
85.500, -4.563e-9
85.750, -4.567e-9
86.000, -4.570e-9
86.250, -4.574e-9
86.500, -4.578e-9
86.750, -4.581e-9
87.000, -4.585e-9
87.250, -4.588e-9
87.500, -4.591e-9
87.750, -4.593e-9
88.000, -4.596e-9
88.250, -4.598e-9
88.500, -4.601e-9
88.750, -4.603e-9
89.000, -4.605e-9
89.250, -4.608e-9
89.500, -4.610e-9
89.750, -4.612e-9
90.000, -4.614e-9
90.250, -4.615e-9
90.500, -4.616e-9
90.750, -4.618e-9
91.000, -4.618e-9
91.250, -4.620e-9
91.500, -4.621e-9
91.750, -4.622e-9
92.000, -4.623e-9
92.250, -4.623e-9
92.500, -4.624e-9
92.750, -4.624e-9
93.000, -4.625e-9
93.250, -4.625e-9
93.500, -4.625e-9
93.750, -4.625e-9
94.000, -4.625e-9
94.250, -4.626e-9
94.500, -4.625e-9
94.750, -4.624e-9
95.000, -4.624e-9
95.250, -4.624e-9
95.500, -4.623e-9
95.750, -4.623e-9
96.000, -4.623e-9
96.250, -4.623e-9
96.500, -4.622e-9
96.750, -4.622e-9
97.000, -4.621e-9
97.250, -4.620e-9
97.500, -4.620e-9
97.750, -4.619e-9
98.000, -4.619e-9
98.250, -4.618e-9
98.500, -4.617e-9
98.750, -4.618e-9
99.000, -4.616e-9
99.250, -4.616e-9
99.500, -4.615e-9
99.750, -4.614e-9
100.000, -4.613e-9
100.250, -4.612e-9
100.500, -4.611e-9
100.750, -4.611e-9
101.000, -4.610e-9
101.250, -4.609e-9
101.500, -4.609e-9
101.750, -4.608e-9
102.000, -4.608e-9
102.250, -4.607e-9
102.500, -4.606e-9
102.750, -4.606e-9
103.000, -4.605e-9
103.250, -4.604e-9
103.500, -4.604e-9
103.750, -4.603e-9
104.000, -4.603e-9
104.250, -4.603e-9
104.500, -4.603e-9
104.750, -4.602e-9
105.000, -4.602e-9
105.250, -4.601e-9
105.500, -4.601e-9
105.750, -4.601e-9
106.000, -4.600e-9
106.250, -4.601e-9
106.500, -4.600e-9
106.750, -4.600e-9
107.000, -4.600e-9
107.250, -4.600e-9
107.500, -4.600e-9
107.750, -4.601e-9
108.000, -4.600e-9
108.250, -4.600e-9
108.500, -4.601e-9
108.750, -4.601e-9
109.000, -4.601e-9
109.250, -4.602e-9
109.500, -4.602e-9
109.750, -4.603e-9
110.000, -4.603e-9
110.250, -4.603e-9
110.500, -4.603e-9
110.750, -4.604e-9
111.000, -4.605e-9
111.250, -4.606e-9
111.500, -4.606e-9
111.750, -4.607e-9
112.000, -4.608e-9
112.250, -4.609e-9
112.500, -4.608e-9
112.750, -4.610e-9
113.000, -4.611e-9
113.250, -4.611e-9
113.500, -4.612e-9
113.750, -4.613e-9
114.000, -4.614e-9
114.250, -4.615e-9
114.500, -4.616e-9
114.750, -4.617e-9
115.000, -4.619e-9
115.250, -4.619e-9
115.500, -4.621e-9
115.750, -4.621e-9
116.000, -4.622e-9
116.250, -4.623e-9
116.500, -4.625e-9
116.750, -4.626e-9
117.000, -4.628e-9
117.250, -4.629e-9
117.500, -4.630e-9
117.750, -4.631e-9
118.000, -4.633e-9
118.250, -4.634e-9
118.500, -4.635e-9
118.750, -4.637e-9
119.000, -4.637e-9
119.250, -4.639e-9
119.500, -4.641e-9
119.750, -4.643e-9
120.000, -4.644e-9
120.250, -4.646e-9
120.500, -4.647e-9
120.750, -4.648e-9
121.000, -4.649e-9
121.250, -4.650e-9
121.500, -4.652e-9
121.750, -4.653e-9
122.000, -4.656e-9
122.250, -4.657e-9
122.500, -4.658e-9
122.750, -4.659e-9
123.000, -4.660e-9
123.250, -4.662e-9
123.500, -4.664e-9
123.750, -4.664e-9
124.000, -4.665e-9
124.250, -4.667e-9
124.500, -4.668e-9
124.750, -4.669e-9
125.000, -4.670e-9
125.250, -4.671e-9
125.500, -4.672e-9
125.750, -4.673e-9
126.000, -4.674e-9
126.250, -4.676e-9
126.500, -4.677e-9
126.750, -4.678e-9
127.000, -4.680e-9
127.250, -4.681e-9
127.500, -4.683e-9
127.750, -4.684e-9
128.000, -4.684e-9
128.250, -4.685e-9
128.500, -4.687e-9
128.750, -4.688e-9
129.000, -4.688e-9
129.250, -4.689e-9
129.500, -4.690e-9
129.750, -4.691e-9
130.000, -4.692e-9
130.250, -4.693e-9
130.500, -4.693e-9
130.750, -4.693e-9
131.000, -4.695e-9
131.250, -4.696e-9
131.500, -4.697e-9
131.750, -4.698e-9
132.000, -4.698e-9
132.250, -4.699e-9
132.500, -4.700e-9
132.750, -4.700e-9
133.000, -4.700e-9
133.250, -4.701e-9
133.500, -4.702e-9
133.750, -4.702e-9
134.000, -4.703e-9
134.250, -4.704e-9
134.500, -4.704e-9
134.750, -4.705e-9
135.000, -4.705e-9
135.250, -4.706e-9
135.500, -4.707e-9
135.750, -4.707e-9
136.000, -4.708e-9
136.250, -4.709e-9
136.500, -4.709e-9
136.750, -4.710e-9
137.000, -4.710e-9
137.250, -4.711e-9
137.500, -4.712e-9
137.750, -4.712e-9
138.000, -4.712e-9
138.250, -4.712e-9
138.500, -4.713e-9
138.750, -4.713e-9
139.000, -4.714e-9
139.250, -4.715e-9
139.500, -4.715e-9
139.750, -4.716e-9
140.000, -4.716e-9
140.250, -4.716e-9
140.500, -4.716e-9
140.750, -4.717e-9
141.000, -4.717e-9
141.250, -4.717e-9
141.500, -4.718e-9
141.750, -4.719e-9
142.000, -4.719e-9
142.250, -4.719e-9
142.500, -4.719e-9
142.750, -4.719e-9
143.000, -4.720e-9
143.250, -4.720e-9
143.500, -4.720e-9
143.750, -4.720e-9
144.000, -4.720e-9
144.250, -4.720e-9
144.500, -4.721e-9
144.750, -4.721e-9
145.000, -4.721e-9
145.250, -4.721e-9
145.500, -4.721e-9
145.750, -4.721e-9
146.000, -4.721e-9
146.250, -4.722e-9
146.500, -4.722e-9
146.750, -4.722e-9
147.000, -4.722e-9
147.250, -4.722e-9
147.500, -4.722e-9
147.750, -4.722e-9
148.000, -4.722e-9
148.250, -4.722e-9
148.500, -4.723e-9
148.750, -4.723e-9
149.000, -4.723e-9
149.250, -4.723e-9
149.500, -4.723e-9
149.750, -4.724e-9
150.000, -4.724e-9
150.250, -4.724e-9
150.500, -4.724e-9
150.750, -4.724e-9
151.000, -4.724e-9
151.250, -4.725e-9
151.500, -4.725e-9
151.750, -4.725e-9
152.000, -4.725e-9
152.250, -4.725e-9
152.500, -4.725e-9
152.750, -4.725e-9
153.000, -4.725e-9
153.250, -4.725e-9
153.500, -4.725e-9
153.750, -4.726e-9
154.000, -4.725e-9
154.250, -4.726e-9
154.500, -4.726e-9
154.750, -4.726e-9
155.000, -4.727e-9
155.250, -4.726e-9
155.500, -4.726e-9
155.750, -4.727e-9
156.000, -4.727e-9
156.250, -4.727e-9
156.500, -4.727e-9
156.750, -4.727e-9
157.000, -4.728e-9
157.250, -4.728e-9
157.500, -4.728e-9
157.750, -4.728e-9
158.000, -4.728e-9
158.250, -4.728e-9
158.500, -4.728e-9
158.750, -4.728e-9
159.000, -4.728e-9
159.250, -4.729e-9
159.500, -4.729e-9
159.750, -4.729e-9
160.000, -4.729e-9
160.250, -4.729e-9
160.500, -4.729e-9
160.750, -4.729e-9
161.000, -4.729e-9
161.250, -4.729e-9
161.500, -4.729e-9
161.750, -4.729e-9
162.000, -4.729e-9
162.250, -4.729e-9
162.500, -4.729e-9
162.750, -4.729e-9
163.000, -4.728e-9
163.250, -4.729e-9
163.500, -4.729e-9
163.750, -4.729e-9
164.000, -4.729e-9
164.250, -4.728e-9
164.500, -4.729e-9
164.750, -4.728e-9
165.000, -4.728e-9
165.250, -4.728e-9
165.500, -4.728e-9
165.750, -4.728e-9
166.000, -4.728e-9
166.250, -4.728e-9
166.500, -4.727e-9
166.750, -4.728e-9
167.000, -4.728e-9
167.250, -4.727e-9
167.500, -4.727e-9
167.750, -4.727e-9
168.000, -4.727e-9
168.250, -4.728e-9
168.500, -4.727e-9
168.750, -4.727e-9
169.000, -4.727e-9
169.250, -4.727e-9
169.500, -4.726e-9
169.750, -4.726e-9
170.000, -4.727e-9
170.250, -4.726e-9
170.500, -4.726e-9
170.750, -4.726e-9
171.000, -4.726e-9
171.250, -4.725e-9
171.500, -4.725e-9
171.750, -4.725e-9
172.000, -4.725e-9
172.250, -4.725e-9
172.500, -4.724e-9
172.750, -4.724e-9
173.000, -4.724e-9
173.250, -4.724e-9
173.500, -4.724e-9
173.750, -4.724e-9
174.000, -4.722e-9
174.250, -4.724e-9
174.500, -4.723e-9
174.750, -4.723e-9
175.000, -4.723e-9
175.250, -4.723e-9
175.500, -4.723e-9
175.750, -4.723e-9
176.000, -4.723e-9
176.250, -4.722e-9
176.500, -4.723e-9
176.750, -4.722e-9
177.000, -4.723e-9
177.250, -4.722e-9
177.500, -4.723e-9
177.750, -4.723e-9
178.000, -4.722e-9
178.250, -4.722e-9
178.500, -4.722e-9
178.750, -4.722e-9
179.000, -4.722e-9
179.250, -4.722e-9
179.500, -4.721e-9
179.750, -4.722e-9
180.000, -4.722e-9
180.250, -4.722e-9
180.500, -4.722e-9
180.750, -4.721e-9
181.000, -4.721e-9
181.250, -4.721e-9
181.500, -4.720e-9
181.750, -4.721e-9
182.000, -4.721e-9
182.250, -4.721e-9
182.500, -4.721e-9
182.750, -4.720e-9
183.000, -4.719e-9
183.250, -4.720e-9
183.500, -4.719e-9
183.750, -4.719e-9
184.000, -4.719e-9
184.250, -4.719e-9
184.500, -4.718e-9
184.750, -4.719e-9
185.000, -4.718e-9
185.250, -4.717e-9
185.500, -4.717e-9
185.750, -4.717e-9
186.000, -4.717e-9
186.250, -4.717e-9
186.500, -4.716e-9
186.750, -4.717e-9
187.000, -4.716e-9
187.250, -4.716e-9
187.500, -4.716e-9
187.750, -4.716e-9
188.000, -4.715e-9
188.250, -4.715e-9
188.500, -4.715e-9
188.750, -4.714e-9
189.000, -4.714e-9
189.250, -4.714e-9
189.500, -4.714e-9
189.750, -4.714e-9
190.000, -4.714e-9
190.250, -4.713e-9
190.500, -4.713e-9
190.750, -4.714e-9
191.000, -4.713e-9
191.250, -4.713e-9
191.500, -4.714e-9
191.750, -4.714e-9
192.000, -4.714e-9
192.250, -4.714e-9
192.500, -4.714e-9
192.750, -4.714e-9
193.000, -4.714e-9
193.250, -4.715e-9
193.500, -4.714e-9
193.750, -4.714e-9
194.000, -4.714e-9
194.250, -4.715e-9
194.500, -4.715e-9
194.750, -4.715e-9
195.000, -4.716e-9
195.250, -4.715e-9
195.500, -4.716e-9
195.750, -4.716e-9
196.000, -4.716e-9
196.250, -4.716e-9
196.500, -4.716e-9
196.750, -4.716e-9
197.000, -4.717e-9
197.250, -4.717e-9
197.500, -4.717e-9
197.750, -4.717e-9
198.000, -4.716e-9
198.250, -4.717e-9
198.500, -4.717e-9
198.750, -4.717e-9
199.000, -4.718e-9
199.250, -4.718e-9
199.500, -4.718e-9
199.750, -4.719e-9
200.000, -4.718e-9
200.250, -4.719e-9
200.500, -4.718e-9
200.750, -4.718e-9
201.000, -4.719e-9
201.250, -4.718e-9
201.500, -4.719e-9
201.750, -4.720e-9
202.000, -4.720e-9
202.250, -4.720e-9
202.500, -4.719e-9
202.750, -4.720e-9
203.000, -4.720e-9
203.250, -4.720e-9
203.500, -4.720e-9
203.750, -4.721e-9
204.000, -4.720e-9
204.250, -4.720e-9
204.500, -4.721e-9
204.750, -4.721e-9
205.000, -4.721e-9
205.250, -4.721e-9
205.500, -4.721e-9
205.750, -4.722e-9
206.000, -4.722e-9
206.250, -4.722e-9
206.500, -4.722e-9
206.750, -4.722e-9
207.000, -4.722e-9
207.250, -4.722e-9
207.500, -4.722e-9
207.750, -4.723e-9
208.000, -4.723e-9
208.250, -4.723e-9
208.500, -4.723e-9
208.750, -4.723e-9
209.000, -4.723e-9
209.250, -4.724e-9
209.500, -4.724e-9
209.750, -4.724e-9
210.000, -4.725e-9
210.250, -4.724e-9
210.500, -4.724e-9
210.750, -4.724e-9
211.000, -4.725e-9
211.250, -4.725e-9
211.500, -4.725e-9
211.750, -4.725e-9
212.000, -4.725e-9
212.250, -4.725e-9
212.500, -4.725e-9
212.750, -4.726e-9
213.000, -4.726e-9
213.250, -4.726e-9
213.500, -4.726e-9
213.750, -4.726e-9
214.000, -4.726e-9
214.250, -4.727e-9
214.500, -4.727e-9
214.750, -4.727e-9
215.000, -4.727e-9
215.250, -4.727e-9
215.500, -4.727e-9
215.750, -4.727e-9
216.000, -4.728e-9
216.250, -4.728e-9
216.500, -4.728e-9
216.750, -4.728e-9
217.000, -4.729e-9
217.250, -4.729e-9
217.500, -4.729e-9
217.750, -4.729e-9
218.000, -4.729e-9
218.250, -4.729e-9
218.500, -4.729e-9
218.750, -4.729e-9
219.000, -4.729e-9
219.250, -4.730e-9
219.500, -4.729e-9
219.750, -4.730e-9
220.000, -4.730e-9
220.250, -4.730e-9
220.500, -4.730e-9
220.750, -4.730e-9
221.000, -4.730e-9
221.250, -4.731e-9
221.500, -4.731e-9
221.750, -4.731e-9
222.000, -4.731e-9
222.250, -4.731e-9
222.500, -4.731e-9
222.750, -4.731e-9
223.000, -4.732e-9
223.250, -4.731e-9
223.500, -4.732e-9
223.750, -4.732e-9
224.000, -4.732e-9
224.250, -4.732e-9
224.500, -4.732e-9
224.750, -4.732e-9
225.000, -4.732e-9
225.250, -4.732e-9
225.500, -4.732e-9
225.750, -4.732e-9
226.000, -4.733e-9
226.250, -4.732e-9
226.500, -4.733e-9
226.750, -4.733e-9
227.000, -4.733e-9
227.250, -4.733e-9
227.500, -4.733e-9
227.750, -4.733e-9
228.000, -4.733e-9
228.250, -4.733e-9
228.500, -4.734e-9
228.750, -4.733e-9
229.000, -4.733e-9
229.250, -4.734e-9
229.500, -4.734e-9
229.750, -4.733e-9
230.000, -4.734e-9
230.250, -4.734e-9
230.500, -4.734e-9
230.750, -4.734e-9
231.000, -4.735e-9
231.250, -4.734e-9
231.500, -4.734e-9
231.750, -4.734e-9
232.000, -4.734e-9
232.250, -4.735e-9
232.500, -4.734e-9
232.750, -4.734e-9
233.000, -4.735e-9
233.250, -4.734e-9
233.500, -4.735e-9
233.750, -4.734e-9
234.000, -4.735e-9
234.250, -4.734e-9
234.500, -4.735e-9
234.750, -4.735e-9
235.000, -4.735e-9
235.250, -4.734e-9
235.500, -4.734e-9
235.750, -4.734e-9
236.000, -4.735e-9
236.250, -4.734e-9
236.500, -4.735e-9
236.750, -4.735e-9
237.000, -4.734e-9
237.250, -4.735e-9
237.500, -4.735e-9
237.750, -4.734e-9
238.000, -4.735e-9
238.250, -4.734e-9
238.500, -4.734e-9
238.750, -4.735e-9
239.000, -4.735e-9
239.250, -4.734e-9
239.500, -4.735e-9
239.750, -4.735e-9
240.000, -4.734e-9
240.250, -4.734e-9
240.500, -4.734e-9
240.750, -4.734e-9
241.000, -4.735e-9
241.250, -4.734e-9
241.500, -4.735e-9
241.750, -4.734e-9
242.000, -4.735e-9
242.250, -4.735e-9
242.500, -4.734e-9
242.750, -4.734e-9
243.000, -4.734e-9
243.250, -4.734e-9
243.500, -4.734e-9
243.750, -4.734e-9
244.000, -4.734e-9
244.250, -4.735e-9
244.500, -4.735e-9
244.750, -4.734e-9
245.000, -4.735e-9
245.250, -4.734e-9
245.500, -4.734e-9
245.750, -4.734e-9
246.000, -4.734e-9
246.250, -4.734e-9
246.500, -4.734e-9
246.750, -4.735e-9
247.000, -4.734e-9
247.250, -4.735e-9
247.500, -4.734e-9
247.750, -4.734e-9
248.000, -4.734e-9
248.250, -4.734e-9
248.500, -4.734e-9
248.750, -4.734e-9
249.000, -4.734e-9
249.250, -4.734e-9
249.500, -4.734e-9
249.750, -4.734e-9
250.000, -4.734e-9
250.250, -4.734e-9
250.500, -4.734e-9
250.750, -4.734e-9
251.000, -4.734e-9
251.250, -4.733e-9
251.500, -4.733e-9
251.750, -4.733e-9
252.000, -4.733e-9
252.250, -4.734e-9
252.500, -4.733e-9
252.750, -4.733e-9
253.000, -4.732e-9
253.250, -4.733e-9
253.500, -4.732e-9
253.750, -4.732e-9
254.000, -4.732e-9
254.250, -4.732e-9
254.500, -4.732e-9
254.750, -4.732e-9
255.000, -4.731e-9
255.250, -4.731e-9
255.500, -4.731e-9
255.750, -4.731e-9
256.000, -4.730e-9
256.250, -4.730e-9
256.500, -4.730e-9
256.750, -4.730e-9
257.000, -4.730e-9
257.250, -4.730e-9
257.500, -4.729e-9
257.750, -4.729e-9
258.000, -4.728e-9
258.250, -4.728e-9
258.500, -4.727e-9
258.750, -4.727e-9
259.000, -4.727e-9
259.250, -4.727e-9
259.500, -4.726e-9
259.750, -4.725e-9
260.000, -4.725e-9
260.250, -4.725e-9
260.500, -4.724e-9
260.750, -4.723e-9
261.000, -4.723e-9
261.250, -4.722e-9
261.500, -4.721e-9
261.750, -4.721e-9
262.000, -4.720e-9
262.250, -4.719e-9
262.500, -4.718e-9
262.750, -4.717e-9
263.000, -4.716e-9
263.250, -4.716e-9
263.500, -4.715e-9
263.750, -4.713e-9
264.000, -4.713e-9
264.250, -4.711e-9
264.500, -4.710e-9
264.750, -4.709e-9
265.000, -4.707e-9
265.250, -4.706e-9
265.500, -4.704e-9
265.750, -4.703e-9
266.000, -4.701e-9
266.250, -4.700e-9
266.500, -4.698e-9
266.750, -4.696e-9
267.000, -4.694e-9
267.250, -4.692e-9
267.500, -4.689e-9
267.750, -4.687e-9
268.000, -4.685e-9
268.250, -4.683e-9
268.500, -4.681e-9
268.750, -4.679e-9
269.000, -4.677e-9
269.250, -4.675e-9
269.500, -4.672e-9
269.750, -4.669e-9
270.000, -4.667e-9
270.250, -4.665e-9
270.500, -4.663e-9
270.750, -4.661e-9
271.000, -4.659e-9
271.250, -4.657e-9
271.500, -4.654e-9
271.750, -4.653e-9
272.000, -4.650e-9
272.250, -4.648e-9
272.500, -4.645e-9
272.750, -4.643e-9
273.000, -4.642e-9
273.250, -4.641e-9
273.500, -4.639e-9
273.750, -4.636e-9
274.000, -4.635e-9
274.250, -4.633e-9
274.500, -4.632e-9
274.750, -4.629e-9
275.000, -4.627e-9
275.250, -4.627e-9
275.500, -4.625e-9
275.750, -4.624e-9
276.000, -4.623e-9
276.250, -4.622e-9
276.500, -4.619e-9
276.750, -4.619e-9
277.000, -4.618e-9
277.250, -4.616e-9
277.500, -4.615e-9
277.750, -4.614e-9
278.000, -4.613e-9
278.250, -4.613e-9
278.500, -4.612e-9
278.750, -4.612e-9
279.000, -4.611e-9
279.250, -4.611e-9
279.500, -4.611e-9
279.750, -4.610e-9
280.000, -4.609e-9
280.250, -4.609e-9
280.500, -4.609e-9
280.750, -4.609e-9
281.000, -4.608e-9
281.250, -4.609e-9
281.500, -4.610e-9
281.750, -4.610e-9
282.000, -4.611e-9
282.250, -4.611e-9
282.500, -4.612e-9
282.750, -4.612e-9
283.000, -4.613e-9
283.250, -4.613e-9
283.500, -4.614e-9
283.750, -4.615e-9
284.000, -4.616e-9
284.250, -4.617e-9
284.500, -4.618e-9
284.750, -4.619e-9
285.000, -4.620e-9
285.250, -4.621e-9
285.500, -4.622e-9
285.750, -4.623e-9
286.000, -4.624e-9
286.250, -4.625e-9
286.500, -4.627e-9
286.750, -4.628e-9
287.000, -4.630e-9
287.250, -4.632e-9
287.500, -4.633e-9
287.750, -4.635e-9
288.000, -4.636e-9
288.250, -4.638e-9
288.500, -4.639e-9
288.750, -4.640e-9
289.000, -4.642e-9
289.250, -4.643e-9
289.500, -4.646e-9
289.750, -4.647e-9
290.000, -4.649e-9
290.250, -4.650e-9
290.500, -4.652e-9
290.750, -4.653e-9
291.000, -4.655e-9
291.250, -4.656e-9
291.500, -4.658e-9
291.750, -4.660e-9
292.000, -4.662e-9
292.250, -4.664e-9
292.500, -4.666e-9
292.750, -4.667e-9
293.000, -4.668e-9
293.250, -4.669e-9
293.500, -4.671e-9
293.750, -4.672e-9
294.000, -4.674e-9
294.250, -4.676e-9
294.500, -4.677e-9
294.750, -4.678e-9
295.000, -4.679e-9
295.250, -4.680e-9
295.500, -4.680e-9
295.750, -4.681e-9
296.000, -4.682e-9
296.250, -4.683e-9
296.500, -4.683e-9
296.750, -4.685e-9
297.000, -4.685e-9
297.250, -4.685e-9
297.500, -4.685e-9
297.750, -4.686e-9
298.000, -4.685e-9
298.250, -4.686e-9
298.500, -4.685e-9
298.750, -4.685e-9
299.000, -4.686e-9
299.250, -4.686e-9
299.500, -4.685e-9
299.750, -4.684e-9
300.000, -4.683e-9
300.250, -4.682e-9
300.500, -4.681e-9
300.750, -4.680e-9
301.000, -4.679e-9
301.250, -4.677e-9
301.500, -4.675e-9
301.750, -4.673e-9
302.000, -4.671e-9
302.250, -4.669e-9
302.500, -4.666e-9
302.750, -4.663e-9
303.000, -4.660e-9
303.250, -4.657e-9
303.500, -4.654e-9
303.750, -4.650e-9
304.000, -4.646e-9
304.250, -4.642e-9
304.500, -4.637e-9
304.750, -4.633e-9
305.000, -4.628e-9
305.250, -4.623e-9
305.500, -4.619e-9
305.750, -4.613e-9
306.000, -4.608e-9
306.250, -4.602e-9
306.500, -4.595e-9
306.750, -4.587e-9
307.000, -4.580e-9
307.250, -4.571e-9
307.500, -4.563e-9
307.750, -4.555e-9
308.000, -4.548e-9
308.250, -4.540e-9
308.500, -4.532e-9
308.750, -4.522e-9
309.000, -4.512e-9
309.250, -4.502e-9
309.500, -4.490e-9
309.750, -4.479e-9
310.000, -4.468e-9
310.250, -4.457e-9
310.500, -4.447e-9
310.750, -4.436e-9
311.000, -4.424e-9
311.250, -4.411e-9
311.500, -4.398e-9
311.750, -4.382e-9
312.000, -4.365e-9
312.250, -4.350e-9
312.500, -4.336e-9
312.750, -4.322e-9
313.000, -4.308e-9
313.250, -4.295e-9
313.500, -4.281e-9
313.750, -4.266e-9
314.000, -4.250e-9
314.250, -4.234e-9
314.500, -4.218e-9
314.750, -4.202e-9
315.000, -4.188e-9
315.250, -4.174e-9
315.500, -4.161e-9
315.750, -4.148e-9
316.000, -4.134e-9
316.250, -4.118e-9
316.500, -4.101e-9
316.750, -4.084e-9
317.000, -4.065e-9
317.250, -4.046e-9
317.500, -4.028e-9
317.750, -4.011e-9
318.000, -3.994e-9
318.250, -3.978e-9
318.500, -3.959e-9
318.750, -3.938e-9
319.000, -3.916e-9
319.250, -3.894e-9
319.500, -3.870e-9
319.750, -3.846e-9
320.000, -3.825e-9
320.250, -3.806e-9
320.500, -3.787e-9
320.750, -3.768e-9
321.000, -3.747e-9
321.250, -3.723e-9
321.500, -3.700e-9
321.750, -3.675e-9
322.000, -3.652e-9
322.250, -3.629e-9
322.500, -3.608e-9
322.750, -3.590e-9
323.000, -3.573e-9
323.250, -3.556e-9
323.500, -3.539e-9
323.750, -3.520e-9
324.000, -3.502e-9
324.250, -3.484e-9
324.500, -3.466e-9
324.750, -3.447e-9
325.000, -3.431e-9
325.250, -3.417e-9
325.500, -3.403e-9
325.750, -3.388e-9
326.000, -3.373e-9
326.250, -3.357e-9
326.500, -3.340e-9
326.750, -3.323e-9
327.000, -3.306e-9
327.250, -3.290e-9
327.500, -3.275e-9
327.750, -3.263e-9
328.000, -3.249e-9
328.250, -3.236e-9
328.500, -3.221e-9
328.750, -3.206e-9
329.000, -3.191e-9
329.250, -3.176e-9
329.500, -3.161e-9
329.750, -3.145e-9
330.000, -3.133e-9
330.250, -3.122e-9
330.500, -3.111e-9
330.750, -3.099e-9
331.000, -3.088e-9
331.250, -3.075e-9
331.500, -3.063e-9
331.750, -3.050e-9
332.000, -3.038e-9
332.250, -3.026e-9
332.500, -3.015e-9
332.750, -3.006e-9
333.000, -2.998e-9
333.250, -2.987e-9
333.500, -2.979e-9
333.750, -2.969e-9
334.000, -2.959e-9
334.250, -2.949e-9
334.500, -2.939e-9
334.750, -2.929e-9
335.000, -2.920e-9
335.250, -2.913e-9
335.500, -2.906e-9
335.750, -2.898e-9
336.000, -2.891e-9
336.250, -2.883e-9
336.500, -2.874e-9
336.750, -2.866e-9
337.000, -2.857e-9
337.250, -2.850e-9
337.500, -2.844e-9
337.750, -2.837e-9
338.000, -2.830e-9
338.250, -2.825e-9
338.500, -2.818e-9
338.750, -2.811e-9
339.000, -2.804e-9
339.250, -2.797e-9
339.500, -2.790e-9
339.750, -2.783e-9
340.000, -2.777e-9
340.250, -2.771e-9
340.500, -2.766e-9
340.750, -2.760e-9
341.000, -2.755e-9
341.250, -2.748e-9
341.500, -2.742e-9
341.750, -2.736e-9
342.000, -2.730e-9
342.250, -2.724e-9
342.500, -2.719e-9
342.750, -2.715e-9
343.000, -2.710e-9
343.250, -2.706e-9
343.500, -2.701e-9
343.750, -2.696e-9
344.000, -2.691e-9
344.250, -2.686e-9
344.500, -2.682e-9
344.750, -2.678e-9
345.000, -2.673e-9
345.250, -2.669e-9
345.500, -2.665e-9
345.750, -2.662e-9
346.000, -2.658e-9
346.250, -2.653e-9
346.500, -2.649e-9
346.750, -2.646e-9
347.000, -2.641e-9
347.250, -2.639e-9
347.500, -2.635e-9
347.750, -2.631e-9
348.000, -2.628e-9
348.250, -2.626e-9
348.500, -2.622e-9
348.750, -2.618e-9
349.000, -2.615e-9
349.250, -2.613e-9
349.500, -2.610e-9
349.750, -2.606e-9
350.000, -2.603e-9
350.250, -2.601e-9
350.500, -2.598e-9
350.750, -2.595e-9
351.000, -2.592e-9
351.250, -2.589e-9
351.500, -2.587e-9
351.750, -2.584e-9
352.000, -2.582e-9
352.250, -2.579e-9
352.500, -2.577e-9
352.750, -2.574e-9
353.000, -2.572e-9
353.250, -2.570e-9
353.500, -2.568e-9
353.750, -2.565e-9
354.000, -2.563e-9
354.250, -2.561e-9
354.500, -2.558e-9
354.750, -2.556e-9
355.000, -2.554e-9
355.250, -2.552e-9
355.500, -2.550e-9
355.750, -2.548e-9
356.000, -2.545e-9
356.250, -2.544e-9
356.500, -2.542e-9
356.750, -2.540e-9
357.000, -2.538e-9
357.250, -2.536e-9
357.500, -2.535e-9
357.750, -2.533e-9
358.000, -2.531e-9
358.250, -2.529e-9
358.500, -2.527e-9
358.750, -2.526e-9
359.000, -2.524e-9
359.250, -2.522e-9
359.500, -2.521e-9
359.750, -2.520e-9
360.000, -2.518e-9
360.250, -2.517e-9
360.500, -2.515e-9
360.750, -2.513e-9
361.000, -2.512e-9
361.250, -2.511e-9
361.500, -2.509e-9
361.750, -2.508e-9
362.000, -2.507e-9
362.250, -2.506e-9
362.500, -2.504e-9
362.750, -2.503e-9
363.000, -2.501e-9
363.250, -2.500e-9
363.500, -2.499e-9
363.750, -2.497e-9
364.000, -2.496e-9
364.250, -2.495e-9
364.500, -2.494e-9
364.750, -2.494e-9
365.000, -2.492e-9
365.250, -2.491e-9
365.500, -2.490e-9
365.750, -2.489e-9
366.000, -2.487e-9
366.250, -2.487e-9
366.500, -2.485e-9
366.750, -2.484e-9
367.000, -2.484e-9
367.250, -2.483e-9
367.500, -2.482e-9
367.750, -2.481e-9
368.000, -2.480e-9
368.250, -2.479e-9
368.500, -2.479e-9
368.750, -2.478e-9
369.000, -2.477e-9
369.250, -2.476e-9
369.500, -2.476e-9
369.750, -2.475e-9
370.000, -2.474e-9
370.250, -2.473e-9
370.500, -2.473e-9
370.750, -2.472e-9
371.000, -2.471e-9
371.250, -2.470e-9
371.500, -2.469e-9
371.750, -2.469e-9
372.000, -2.469e-9
372.250, -2.468e-9
372.500, -2.468e-9
372.750, -2.467e-9
373.000, -2.466e-9
373.250, -2.465e-9
373.500, -2.464e-9
373.750, -2.464e-9
374.000, -2.463e-9
374.250, -2.463e-9
374.500, -2.463e-9
374.750, -2.463e-9
375.000, -2.462e-9
375.250, -2.461e-9
375.500, -2.461e-9
375.750, -2.460e-9
376.000, -2.459e-9
376.250, -2.459e-9
376.500, -2.458e-9
376.750, -2.458e-9
377.000, -2.458e-9
377.250, -2.458e-9
377.500, -2.457e-9
377.750, -2.457e-9
378.000, -2.456e-9
378.250, -2.456e-9
378.500, -2.455e-9
378.750, -2.455e-9
379.000, -2.455e-9
379.250, -2.455e-9
379.500, -2.454e-9
379.750, -2.454e-9
380.000, -2.454e-9
380.250, -2.454e-9
380.500, -2.453e-9
380.750, -2.453e-9
381.000, -2.452e-9
381.250, -2.452e-9
381.500, -2.452e-9
381.750, -2.453e-9
382.000, -2.452e-9
382.250, -2.452e-9
382.500, -2.452e-9
382.750, -2.452e-9
383.000, -2.452e-9
383.250, -2.451e-9
383.500, -2.451e-9
383.750, -2.451e-9
384.000, -2.451e-9
384.250, -2.451e-9
384.500, -2.451e-9
384.750, -2.451e-9
385.000, -2.450e-9
385.250, -2.450e-9
385.500, -2.450e-9
385.750, -2.450e-9
386.000, -2.449e-9
386.250, -2.449e-9
386.500, -2.449e-9
386.750, -2.449e-9
387.000, -2.449e-9
387.250, -2.449e-9
387.500, -2.449e-9
387.750, -2.449e-9
388.000, -2.448e-9
388.250, -2.448e-9
388.500, -2.448e-9
388.750, -2.448e-9
389.000, -2.448e-9
389.250, -2.448e-9
389.500, -2.448e-9
389.750, -2.447e-9
390.000, -2.447e-9
390.250, -2.447e-9
390.500, -2.446e-9
390.750, -2.446e-9
391.000, -2.446e-9
391.250, -2.446e-9
391.500, -2.446e-9
391.750, -2.446e-9
392.000, -2.447e-9
392.250, -2.446e-9
392.500, -2.447e-9
392.750, -2.446e-9
393.000, -2.446e-9
393.250, -2.445e-9
393.500, -2.446e-9
393.750, -2.446e-9
394.000, -2.446e-9
394.250, -2.445e-9
394.500, -2.445e-9
394.750, -2.446e-9
395.000, -2.445e-9
395.250, -2.445e-9
395.500, -2.445e-9
395.750, -2.444e-9
396.000, -2.444e-9
396.250, -2.445e-9
396.500, -2.445e-9
396.750, -2.446e-9
397.000, -2.446e-9
397.250, -2.445e-9
397.500, -2.446e-9
397.750, -2.445e-9
398.000, -2.446e-9
398.250, -2.445e-9
398.500, -2.446e-9
398.750, -2.445e-9
399.000, -2.445e-9
399.250, -2.445e-9
399.500, -2.445e-9
399.750, -2.445e-9
400.000, -2.445e-9
400.250, -2.446e-9
400.500, -2.445e-9
400.750, -2.445e-9
401.000, -2.445e-9
401.250, -2.445e-9
401.500, -2.445e-9
401.750, -2.446e-9
402.000, -2.446e-9
402.250, -2.445e-9
402.500, -2.446e-9
402.750, -2.446e-9
403.000, -2.446e-9
403.250, -2.445e-9
403.500, -2.444e-9
403.750, -2.445e-9
404.000, -2.445e-9
404.250, -2.445e-9
404.500, -2.445e-9
404.750, -2.446e-9
405.000, -2.445e-9
405.250, -2.445e-9
405.500, -2.445e-9
405.750, -2.445e-9
406.000, -2.444e-9
406.250, -2.444e-9
406.500, -2.444e-9
406.750, -2.444e-9
407.000, -2.445e-9
407.250, -2.444e-9
407.500, -2.444e-9
407.750, -2.444e-9
408.000, -2.444e-9
408.250, -2.444e-9
408.500, -2.444e-9
408.750, -2.444e-9
409.000, -2.444e-9
409.250, -2.444e-9
409.500, -2.444e-9
409.750, -2.445e-9
410.000, -2.444e-9
410.250, -2.444e-9
410.500, -2.443e-9
410.750, -2.443e-9
411.000, -2.443e-9
411.250, -2.444e-9
411.500, -2.444e-9
411.750, -2.444e-9
412.000, -2.444e-9
412.250, -2.444e-9
412.500, -2.444e-9
412.750, -2.444e-9
413.000, -2.444e-9
413.250, -2.444e-9
413.500, -2.444e-9
413.750, -2.444e-9
414.000, -2.444e-9
414.250, -2.444e-9
414.500, -2.445e-9
414.750, -2.445e-9
415.000, -2.444e-9
415.250, -2.443e-9
415.500, -2.443e-9
415.750, -2.443e-9
416.000, -2.443e-9
416.250, -2.443e-9
416.500, -2.443e-9
416.750, -2.443e-9
417.000, -2.443e-9
417.250, -2.444e-9
417.500, -2.443e-9
417.750, -2.443e-9
418.000, -2.443e-9
418.250, -2.442e-9
418.500, -2.442e-9
418.750, -2.443e-9
419.000, -2.443e-9
419.250, -2.443e-9
419.500, -2.443e-9
419.750, -2.443e-9
420.000, -2.443e-9
420.250, -2.443e-9
420.500, -2.442e-9
420.750, -2.442e-9
421.000, -2.442e-9
421.250, -2.442e-9
421.500, -2.443e-9
421.750, -2.443e-9
422.000, -2.443e-9
422.250, -2.443e-9
422.500, -2.443e-9
422.750, -2.443e-9
423.000, -2.443e-9
423.250, -2.442e-9
423.500, -2.443e-9
423.750, -2.443e-9
424.000, -2.443e-9
424.250, -2.442e-9
424.500, -2.442e-9
424.750, -2.443e-9
425.000, -2.443e-9
425.250, -2.443e-9
425.500, -2.443e-9
425.750, -2.443e-9
426.000, -2.442e-9
426.250, -2.443e-9
426.500, -2.443e-9
426.750, -2.443e-9
427.000, -2.443e-9
427.250, -2.443e-9
427.500, -2.443e-9
427.750, -2.443e-9
428.000, -2.442e-9
428.250, -2.442e-9
428.500, -2.442e-9
428.750, -2.442e-9
429.000, -2.443e-9
429.250, -2.443e-9
429.500, -2.443e-9
429.750, -2.443e-9
430.000, -2.443e-9
430.250, -2.443e-9
430.500, -2.442e-9
430.750, -2.442e-9
431.000, -2.442e-9
431.250, -2.442e-9
431.500, -2.442e-9
431.750, -2.443e-9
432.000, -2.443e-9
432.250, -2.443e-9
432.500, -2.443e-9
432.750, -2.443e-9
433.000, -2.443e-9
433.250, -2.443e-9
433.500, -2.443e-9
433.750, -2.442e-9
434.000, -2.443e-9
434.250, -2.443e-9
434.500, -2.442e-9
434.750, -2.443e-9
435.000, -2.443e-9
435.250, -2.443e-9
435.500, -2.442e-9
435.750, -2.443e-9
436.000, -2.443e-9
436.250, -2.443e-9
436.500, -2.443e-9
436.750, -2.444e-9
437.000, -2.443e-9
437.250, -2.444e-9
437.500, -2.444e-9
437.750, -2.444e-9
438.000, -2.443e-9
438.250, -2.443e-9
438.500, -2.443e-9
438.750, -2.443e-9
439.000, -2.443e-9
439.250, -2.444e-9
439.500, -2.444e-9
439.750, -2.444e-9
440.000, -2.444e-9
440.250, -2.443e-9
440.500, -2.444e-9
440.750, -2.443e-9
441.000, -2.444e-9
441.250, -2.444e-9
441.500, -2.444e-9
441.750, -2.445e-9
442.000, -2.445e-9
442.250, -2.445e-9
442.500, -2.445e-9
442.750, -2.444e-9
443.000, -2.445e-9
443.250, -2.445e-9
443.500, -2.444e-9
443.750, -2.444e-9
444.000, -2.445e-9
444.250, -2.445e-9
444.500, -2.445e-9
444.750, -2.445e-9
445.000, -2.445e-9
445.250, -2.446e-9
445.500, -2.446e-9
445.750, -2.445e-9
446.000, -2.444e-9
446.250, -2.444e-9
446.500, -2.445e-9
446.750, -2.445e-9
447.000, -2.445e-9
447.250, -2.445e-9
447.500, -2.446e-9
447.750, -2.444e-9
448.000, -2.446e-9
448.250, -2.445e-9
448.500, -2.445e-9
448.750, -2.446e-9
449.000, -2.445e-9
449.250, -2.445e-9
449.500, -2.445e-9
449.750, -2.446e-9
450.000, -2.446e-9
450.250, -2.446e-9
450.500, -2.445e-9
450.750, -2.445e-9
451.000, -2.445e-9
451.250, -2.445e-9
451.500, -2.446e-9
451.750, -2.447e-9
452.000, -2.447e-9
452.250, -2.447e-9
452.500, -2.446e-9
452.750, -2.446e-9
453.000, -2.446e-9
453.250, -2.446e-9
453.500, -2.446e-9
453.750, -2.446e-9
454.000, -2.446e-9
454.250, -2.447e-9
454.500, -2.447e-9
454.750, -2.446e-9
455.000, -2.447e-9
455.250, -2.447e-9
455.500, -2.446e-9
455.750, -2.446e-9
456.000, -2.446e-9
456.250, -2.446e-9
456.500, -2.446e-9
456.750, -2.446e-9
457.000, -2.447e-9
457.250, -2.447e-9
457.500, -2.447e-9
457.750, -2.447e-9
458.000, -2.446e-9
458.250, -2.446e-9
458.500, -2.446e-9
458.750, -2.446e-9
459.000, -2.446e-9
459.250, -2.446e-9
459.500, -2.447e-9
459.750, -2.447e-9
460.000, -2.447e-9
460.250, -2.446e-9
460.500, -2.447e-9
460.750, -2.447e-9
461.000, -2.447e-9
461.250, -2.446e-9
461.500, -2.446e-9
461.750, -2.446e-9
462.000, -2.446e-9
462.250, -2.446e-9
462.500, -2.446e-9
462.750, -2.446e-9
463.000, -2.446e-9
463.250, -2.447e-9
463.500, -2.447e-9
463.750, -2.447e-9
464.000, -2.447e-9
464.250, -2.447e-9
464.500, -2.447e-9
464.750, -2.447e-9
465.000, -2.447e-9
465.250, -2.447e-9
465.500, -2.447e-9
465.750, -2.447e-9
466.000, -2.447e-9
466.250, -2.447e-9
466.500, -2.447e-9
466.750, -2.447e-9
467.000, -2.448e-9
467.250, -2.448e-9
467.500, -2.448e-9
467.750, -2.448e-9
468.000, -2.448e-9
468.250, -2.448e-9
468.500, -2.447e-9
468.750, -2.448e-9
469.000, -2.447e-9
469.250, -2.447e-9
469.500, -2.447e-9
469.750, -2.447e-9
470.000, -2.447e-9
470.250, -2.448e-9
470.500, -2.447e-9
470.750, -2.448e-9
471.000, -2.448e-9
471.250, -2.448e-9
471.500, -2.448e-9
471.750, -2.448e-9
472.000, -2.449e-9
472.250, -2.448e-9
472.500, -2.448e-9
472.750, -2.448e-9
473.000, -2.448e-9
473.250, -2.448e-9
473.500, -2.448e-9
473.750, -2.449e-9
474.000, -2.448e-9
474.250, -2.449e-9
474.500, -2.449e-9
474.750, -2.449e-9
475.000, -2.450e-9
475.250, -2.449e-9
475.500, -2.449e-9
475.750, -2.449e-9
476.000, -2.450e-9
476.250, -2.449e-9
476.500, -2.449e-9
476.750, -2.449e-9
477.000, -2.449e-9
477.250, -2.449e-9
477.500, -2.450e-9
477.750, -2.450e-9
478.000, -2.450e-9
478.250, -2.450e-9
478.500, -2.450e-9
478.750, -2.450e-9
479.000, -2.450e-9
479.250, -2.450e-9
479.500, -2.450e-9
479.750, -2.450e-9
480.000, -2.450e-9
480.250, -2.451e-9
480.500, -2.451e-9
480.750, -2.450e-9
481.000, -2.450e-9
481.250, -2.450e-9
481.500, -2.450e-9
481.750, -2.451e-9
482.000, -2.451e-9
482.250, -2.451e-9
482.500, -2.451e-9
482.750, -2.451e-9
483.000, -2.451e-9
483.250, -2.452e-9
483.500, -2.452e-9
483.750, -2.451e-9
484.000, -2.451e-9
484.250, -2.452e-9
484.500, -2.452e-9
484.750, -2.452e-9
485.000, -2.452e-9
485.250, -2.452e-9
485.500, -2.452e-9
485.750, -2.453e-9
486.000, -2.452e-9
486.250, -2.452e-9
486.500, -2.453e-9
486.750, -2.453e-9
487.000, -2.453e-9
487.250, -2.454e-9
487.500, -2.454e-9
487.750, -2.454e-9
488.000, -2.454e-9
488.250, -2.454e-9
488.500, -2.455e-9
488.750, -2.455e-9
489.000, -2.455e-9
489.250, -2.456e-9
489.500, -2.456e-9
489.750, -2.456e-9
490.000, -2.456e-9
490.250, -2.456e-9
490.500, -2.456e-9
490.750, -2.456e-9
491.000, -2.456e-9
491.250, -2.457e-9
491.500, -2.457e-9
491.750, -2.457e-9
492.000, -2.457e-9
492.250, -2.458e-9
492.500, -2.457e-9
492.750, -2.458e-9
493.000, -2.458e-9
493.250, -2.458e-9
493.500, -2.458e-9
493.750, -2.458e-9
494.000, -2.459e-9
494.250, -2.458e-9
494.500, -2.458e-9
494.750, -2.458e-9
495.000, -2.459e-9
495.250, -2.459e-9
495.500, -2.458e-9
495.750, -2.459e-9
496.000, -2.459e-9
496.250, -2.459e-9
496.500, -2.459e-9
496.750, -2.460e-9
497.000, -2.459e-9
497.250, -2.460e-9
497.500, -2.460e-9
497.750, -2.461e-9
498.000, -2.461e-9
498.250, -2.460e-9
498.500, -2.460e-9
498.750, -2.460e-9
499.000, -2.461e-9
499.250, -2.461e-9
499.500, -2.461e-9
499.750, -2.461e-9
500.000, -2.461e-9
