Distance/um, Current/A

0.250, -2.433e-9
0.500, -2.431e-9
0.750, -2.429e-9
1.000, -2.426e-9
1.250, -2.422e-9
1.500, -2.417e-9
1.750, -2.411e-9
2.000, -2.405e-9
2.250, -2.399e-9
2.500, -2.393e-9
2.750, -2.389e-9
3.000, -2.385e-9
3.250, -2.382e-9
3.500, -2.380e-9
3.750, -2.378e-9
4.000, -2.376e-9
4.250, -2.375e-9
4.500, -2.373e-9
4.750, -2.372e-9
5.000, -2.371e-9
5.250, -2.370e-9
5.500, -2.369e-9
5.750, -2.367e-9
6.000, -2.366e-9
6.250, -2.365e-9
6.500, -2.364e-9
6.750, -2.363e-9
7.000, -2.361e-9
7.250, -2.360e-9
7.500, -2.359e-9
7.750, -2.358e-9
8.000, -2.357e-9
8.250, -2.356e-9
8.500, -2.354e-9
8.750, -2.353e-9
9.000, -2.353e-9
9.250, -2.352e-9
9.500, -2.351e-9
9.750, -2.349e-9
10.000, -2.349e-9
10.250, -2.348e-9
10.500, -2.347e-9
10.750, -2.346e-9
11.000, -2.345e-9
11.250, -2.344e-9
11.500, -2.344e-9
11.750, -2.343e-9
12.000, -2.342e-9
12.250, -2.342e-9
12.500, -2.341e-9
12.750, -2.340e-9
13.000, -2.339e-9
13.250, -2.338e-9
13.500, -2.338e-9
13.750, -2.338e-9
14.000, -2.337e-9
14.250, -2.337e-9
14.500, -2.336e-9
14.750, -2.336e-9
15.000, -2.336e-9
15.250, -2.335e-9
15.500, -2.335e-9
15.750, -2.335e-9
16.000, -2.334e-9
16.250, -2.334e-9
16.500, -2.333e-9
16.750, -2.333e-9
17.000, -2.332e-9
17.250, -2.331e-9
17.500, -2.331e-9
17.750, -2.331e-9
18.000, -2.330e-9
18.250, -2.330e-9
18.500, -2.330e-9
18.750, -2.329e-9
19.000, -2.328e-9
19.250, -2.328e-9
19.500, -2.328e-9
19.750, -2.327e-9
20.000, -2.326e-9
20.250, -2.325e-9
20.500, -2.324e-9
20.750, -2.323e-9
21.000, -2.322e-9
21.250, -2.322e-9
21.500, -2.321e-9
21.750, -2.320e-9
22.000, -2.319e-9
22.250, -2.317e-9
22.500, -2.316e-9
22.750, -2.315e-9
23.000, -2.314e-9
23.250, -2.312e-9
23.500, -2.312e-9
23.750, -2.311e-9
24.000, -2.310e-9
24.250, -2.310e-9
24.500, -2.308e-9
24.750, -2.307e-9
25.000, -2.307e-9
25.250, -2.306e-9
25.500, -2.305e-9
25.750, -2.304e-9
26.000, -2.303e-9
26.250, -2.303e-9
26.500, -2.302e-9
26.750, -2.303e-9
27.000, -2.302e-9
27.250, -2.301e-9
27.500, -2.300e-9
27.750, -2.299e-9
28.000, -2.299e-9
28.250, -2.298e-9
28.500, -2.298e-9
28.750, -2.297e-9
29.000, -2.298e-9
29.250, -2.297e-9
29.500, -2.297e-9
29.750, -2.295e-9
30.000, -2.295e-9
30.250, -2.294e-9
30.500, -2.293e-9
30.750, -2.293e-9
31.000, -2.291e-9
31.250, -2.291e-9
31.500, -2.290e-9
31.750, -2.289e-9
32.000, -2.288e-9
32.250, -2.287e-9
32.500, -2.286e-9
32.750, -2.286e-9
33.000, -2.284e-9
33.250, -2.284e-9
33.500, -2.282e-9
33.750, -2.282e-9
34.000, -2.282e-9
34.250, -2.281e-9
34.500, -2.280e-9
34.750, -2.278e-9
35.000, -2.278e-9
35.250, -2.276e-9
35.500, -2.275e-9
35.750, -2.274e-9
36.000, -2.274e-9
36.250, -2.273e-9
36.500, -2.273e-9
36.750, -2.272e-9
37.000, -2.272e-9
37.250, -2.271e-9
37.500, -2.271e-9
37.750, -2.271e-9
38.000, -2.270e-9
38.250, -2.269e-9
38.500, -2.270e-9
38.750, -2.270e-9
39.000, -2.270e-9
39.250, -2.270e-9
39.500, -2.269e-9
39.750, -2.270e-9
40.000, -2.270e-9
40.250, -2.269e-9
40.500, -2.269e-9
40.750, -2.269e-9
41.000, -2.269e-9
41.250, -2.270e-9
41.500, -2.269e-9
41.750, -2.270e-9
42.000, -2.270e-9
42.250, -2.270e-9
42.500, -2.270e-9
42.750, -2.270e-9
43.000, -2.271e-9
43.250, -2.271e-9
43.500, -2.271e-9
43.750, -2.271e-9
44.000, -2.272e-9
44.250, -2.273e-9
44.500, -2.273e-9
44.750, -2.273e-9
45.000, -2.273e-9
45.250, -2.272e-9
45.500, -2.273e-9
45.750, -2.273e-9
46.000, -2.273e-9
46.250, -2.273e-9
46.500, -2.274e-9
46.750, -2.274e-9
47.000, -2.274e-9
47.250, -2.274e-9
47.500, -2.273e-9
47.750, -2.272e-9
48.000, -2.272e-9
48.250, -2.271e-9
48.500, -2.271e-9
48.750, -2.270e-9
49.000, -2.269e-9
49.250, -2.269e-9
49.500, -2.268e-9
49.750, -2.268e-9
50.000, -2.267e-9
50.250, -2.266e-9
50.500, -2.265e-9
50.750, -2.264e-9
51.000, -2.265e-9
51.250, -2.264e-9
51.500, -2.264e-9
51.750, -2.263e-9
52.000, -2.263e-9
52.250, -2.262e-9
52.500, -2.262e-9
52.750, -2.261e-9
53.000, -2.260e-9
53.250, -2.260e-9
53.500, -2.260e-9
53.750, -2.260e-9
54.000, -2.260e-9
54.250, -2.261e-9
54.500, -2.260e-9
54.750, -2.260e-9
55.000, -2.260e-9
55.250, -2.259e-9
55.500, -2.258e-9
55.750, -2.258e-9
56.000, -2.257e-9
56.250, -2.258e-9
56.500, -2.259e-9
56.750, -2.259e-9
57.000, -2.259e-9
57.250, -2.259e-9
57.500, -2.259e-9
57.750, -2.259e-9
58.000, -2.259e-9
58.250, -2.259e-9
58.500, -2.259e-9
58.750, -2.259e-9
59.000, -2.260e-9
59.250, -2.260e-9
59.500, -2.260e-9
59.750, -2.260e-9
60.000, -2.261e-9
60.250, -2.261e-9
60.500, -2.261e-9
60.750, -2.261e-9
61.000, -2.261e-9
61.250, -2.261e-9
61.500, -2.262e-9
61.750, -2.263e-9
62.000, -2.263e-9
62.250, -2.263e-9
62.500, -2.263e-9
62.750, -2.264e-9
63.000, -2.263e-9
63.250, -2.264e-9
63.500, -2.264e-9
63.750, -2.265e-9
64.000, -2.265e-9
64.250, -2.266e-9
64.500, -2.266e-9
64.750, -2.266e-9
65.000, -2.267e-9
65.250, -2.266e-9
65.500, -2.266e-9
65.750, -2.265e-9
66.000, -2.265e-9
66.250, -2.266e-9
66.500, -2.266e-9
66.750, -2.267e-9
67.000, -2.267e-9
67.250, -2.267e-9
67.500, -2.267e-9
67.750, -2.266e-9
68.000, -2.266e-9
68.250, -2.266e-9
68.500, -2.266e-9
68.750, -2.267e-9
69.000, -2.267e-9
69.250, -2.268e-9
69.500, -2.269e-9
69.750, -2.269e-9
70.000, -2.268e-9
70.250, -2.269e-9
70.500, -2.269e-9
70.750, -2.270e-9
71.000, -2.270e-9
71.250, -2.270e-9
71.500, -2.271e-9
71.750, -2.272e-9
72.000, -2.272e-9
72.250, -2.272e-9
72.500, -2.273e-9
72.750, -2.273e-9
73.000, -2.273e-9
73.250, -2.273e-9
73.500, -2.273e-9
73.750, -2.274e-9
74.000, -2.275e-9
74.250, -2.275e-9
74.500, -2.275e-9
74.750, -2.275e-9
75.000, -2.275e-9
75.250, -2.275e-9
75.500, -2.275e-9
75.750, -2.274e-9
76.000, -2.274e-9
76.250, -2.274e-9
76.500, -2.274e-9
76.750, -2.273e-9
77.000, -2.273e-9
77.250, -2.273e-9
77.500, -2.273e-9
77.750, -2.272e-9
78.000, -2.271e-9
78.250, -2.271e-9
78.500, -2.271e-9
78.750, -2.271e-9
79.000, -2.271e-9
79.250, -2.271e-9
79.500, -2.271e-9
79.750, -2.270e-9
80.000, -2.270e-9
80.250, -2.269e-9
80.500, -2.269e-9
80.750, -2.268e-9
81.000, -2.269e-9
81.250, -2.268e-9
81.500, -2.268e-9
81.750, -2.268e-9
82.000, -2.268e-9
82.250, -2.267e-9
82.500, -2.267e-9
82.750, -2.266e-9
83.000, -2.266e-9
83.250, -2.266e-9
83.500, -2.266e-9
83.750, -2.266e-9
84.000, -2.266e-9
84.250, -2.266e-9
84.500, -2.266e-9
84.750, -2.266e-9
85.000, -2.266e-9
85.250, -2.265e-9
85.500, -2.265e-9
85.750, -2.266e-9
86.000, -2.266e-9
86.250, -2.266e-9
86.500, -2.267e-9
86.750, -2.267e-9
87.000, -2.268e-9
87.250, -2.268e-9
87.500, -2.268e-9
87.750, -2.268e-9
88.000, -2.268e-9
88.250, -2.269e-9
88.500, -2.269e-9
88.750, -2.271e-9
89.000, -2.272e-9
89.250, -2.273e-9
89.500, -2.274e-9
89.750, -2.274e-9
90.000, -2.274e-9
90.250, -2.276e-9
90.500, -2.277e-9
90.750, -2.277e-9
91.000, -2.278e-9
91.250, -2.279e-9
91.500, -2.279e-9
91.750, -2.280e-9
92.000, -2.281e-9
92.250, -2.282e-9
92.500, -2.283e-9
92.750, -2.283e-9
93.000, -2.282e-9
93.250, -2.283e-9
93.500, -2.284e-9
93.750, -2.285e-9
94.000, -2.286e-9
94.250, -2.287e-9
94.500, -2.287e-9
94.750, -2.287e-9
95.000, -2.287e-9
95.250, -2.286e-9
95.500, -2.286e-9
95.750, -2.287e-9
96.000, -2.287e-9
96.250, -2.288e-9
96.500, -2.288e-9
96.750, -2.288e-9
97.000, -2.289e-9
97.250, -2.288e-9
97.500, -2.288e-9
97.750, -2.289e-9
98.000, -2.289e-9
98.250, -2.289e-9
98.500, -2.290e-9
98.750, -2.290e-9
99.000, -2.292e-9
99.250, -2.293e-9
99.500, -2.294e-9
99.750, -2.294e-9
100.000, -2.296e-9
100.250, -2.297e-9
100.500, -2.298e-9
100.750, -2.298e-9
101.000, -2.300e-9
101.250, -2.301e-9
101.500, -2.302e-9
101.750, -2.303e-9
102.000, -2.304e-9
102.250, -2.305e-9
102.500, -2.305e-9
102.750, -2.307e-9
103.000, -2.307e-9
103.250, -2.308e-9
103.500, -2.309e-9
103.750, -2.311e-9
104.000, -2.312e-9
104.250, -2.314e-9
104.500, -2.315e-9
104.750, -2.316e-9
105.000, -2.316e-9
105.250, -2.316e-9
105.500, -2.317e-9
105.750, -2.317e-9
106.000, -2.318e-9
106.250, -2.320e-9
106.500, -2.321e-9
106.750, -2.321e-9
107.000, -2.321e-9
107.250, -2.322e-9
107.500, -2.321e-9
107.750, -2.321e-9
108.000, -2.321e-9
108.250, -2.322e-9
108.500, -2.322e-9
108.750, -2.322e-9
109.000, -2.322e-9
109.250, -2.323e-9
109.500, -2.323e-9
109.750, -2.323e-9
110.000, -2.323e-9
110.250, -2.323e-9
110.500, -2.323e-9
110.750, -2.321e-9
111.000, -2.321e-9
111.250, -2.322e-9
111.500, -2.322e-9
111.750, -2.322e-9
112.000, -2.322e-9
112.250, -2.323e-9
112.500, -2.322e-9
112.750, -2.321e-9
113.000, -2.321e-9
113.250, -2.322e-9
113.500, -2.322e-9
113.750, -2.323e-9
114.000, -2.324e-9
114.250, -2.324e-9
114.500, -2.325e-9
114.750, -2.325e-9
115.000, -2.326e-9
115.250, -2.327e-9
115.500, -2.327e-9
115.750, -2.328e-9
116.000, -2.329e-9
116.250, -2.330e-9
116.500, -2.331e-9
116.750, -2.332e-9
117.000, -2.333e-9
117.250, -2.334e-9
117.500, -2.335e-9
117.750, -2.335e-9
118.000, -2.336e-9
118.250, -2.336e-9
118.500, -2.337e-9
118.750, -2.338e-9
119.000, -2.339e-9
119.250, -2.341e-9
119.500, -2.341e-9
119.750, -2.342e-9
120.000, -2.342e-9
120.250, -2.343e-9
120.500, -2.343e-9
120.750, -2.343e-9
121.000, -2.344e-9
121.250, -2.344e-9
121.500, -2.344e-9
121.750, -2.344e-9
122.000, -2.344e-9
122.250, -2.345e-9
122.500, -2.345e-9
122.750, -2.345e-9
123.000, -2.344e-9
123.250, -2.343e-9
123.500, -2.344e-9
123.750, -2.343e-9
124.000, -2.343e-9
124.250, -2.344e-9
124.500, -2.344e-9
124.750, -2.344e-9
125.000, -2.344e-9
125.250, -2.343e-9
125.500, -2.342e-9
125.750, -2.342e-9
126.000, -2.342e-9
126.250, -2.342e-9
126.500, -2.342e-9
126.750, -2.343e-9
127.000, -2.343e-9
127.250, -2.343e-9
127.500, -2.344e-9
127.750, -2.344e-9
128.000, -2.344e-9
128.250, -2.344e-9
128.500, -2.344e-9
128.750, -2.345e-9
129.000, -2.346e-9
129.250, -2.347e-9
129.500, -2.347e-9
129.750, -2.348e-9
130.000, -2.348e-9
130.250, -2.348e-9
130.500, -2.348e-9
130.750, -2.348e-9
131.000, -2.348e-9
131.250, -2.349e-9
131.500, -2.348e-9
131.750, -2.349e-9
132.000, -2.349e-9
132.250, -2.349e-9
132.500, -2.350e-9
132.750, -2.350e-9
133.000, -2.350e-9
133.250, -2.350e-9
133.500, -2.351e-9
133.750, -2.352e-9
134.000, -2.352e-9
134.250, -2.353e-9
134.500, -2.354e-9
134.750, -2.355e-9
135.000, -2.356e-9
135.250, -2.356e-9
135.500, -2.356e-9
135.750, -2.357e-9
136.000, -2.358e-9
136.250, -2.359e-9
136.500, -2.359e-9
136.750, -2.359e-9
137.000, -2.361e-9
137.250, -2.361e-9
137.500, -2.361e-9
137.750, -2.361e-9
138.000, -2.361e-9
138.250, -2.361e-9
138.500, -2.362e-9
138.750, -2.362e-9
139.000, -2.362e-9
139.250, -2.362e-9
139.500, -2.362e-9
139.750, -2.362e-9
140.000, -2.362e-9
140.250, -2.362e-9
140.500, -2.361e-9
140.750, -2.361e-9
141.000, -2.362e-9
141.250, -2.362e-9
141.500, -2.362e-9
141.750, -2.361e-9
142.000, -2.361e-9
142.250, -2.360e-9
142.500, -2.359e-9
142.750, -2.359e-9
143.000, -2.359e-9
143.250, -2.359e-9
143.500, -2.359e-9
143.750, -2.359e-9
144.000, -2.359e-9
144.250, -2.359e-9
144.500, -2.359e-9
144.750, -2.358e-9
145.000, -2.358e-9
145.250, -2.358e-9
145.500, -2.357e-9
145.750, -2.357e-9
146.000, -2.357e-9
146.250, -2.357e-9
146.500, -2.357e-9
146.750, -2.356e-9
147.000, -2.356e-9
147.250, -2.357e-9
147.500, -2.357e-9
147.750, -2.357e-9
148.000, -2.357e-9
148.250, -2.357e-9
148.500, -2.358e-9
148.750, -2.358e-9
149.000, -2.359e-9
149.250, -2.360e-9
149.500, -2.361e-9
149.750, -2.362e-9
150.000, -2.363e-9
150.250, -2.363e-9
150.500, -2.364e-9
150.750, -2.365e-9
151.000, -2.365e-9
151.250, -2.366e-9
151.500, -2.368e-9
151.750, -2.368e-9
152.000, -2.369e-9
152.250, -2.369e-9
152.500, -2.370e-9
152.750, -2.370e-9
153.000, -2.372e-9
153.250, -2.372e-9
153.500, -2.373e-9
153.750, -2.374e-9
154.000, -2.376e-9
154.250, -2.376e-9
154.500, -2.377e-9
154.750, -2.377e-9
155.000, -2.378e-9
155.250, -2.378e-9
155.500, -2.378e-9
155.750, -2.377e-9
156.000, -2.378e-9
156.250, -2.379e-9
156.500, -2.380e-9
156.750, -2.381e-9
157.000, -2.381e-9
157.250, -2.382e-9
157.500, -2.382e-9
157.750, -2.383e-9
158.000, -2.382e-9
158.250, -2.383e-9
158.500, -2.382e-9
158.750, -2.384e-9
159.000, -2.385e-9
159.250, -2.386e-9
159.500, -2.387e-9
159.750, -2.387e-9
160.000, -2.388e-9
160.250, -2.389e-9
160.500, -2.389e-9
160.750, -2.390e-9
161.000, -2.390e-9
161.250, -2.392e-9
161.500, -2.392e-9
161.750, -2.393e-9
162.000, -2.394e-9
162.250, -2.395e-9
162.500, -2.396e-9
162.750, -2.397e-9
163.000, -2.398e-9
163.250, -2.399e-9
163.500, -2.400e-9
163.750, -2.401e-9
164.000, -2.403e-9
164.250, -2.404e-9
164.500, -2.405e-9
164.750, -2.406e-9
165.000, -2.407e-9
165.250, -2.407e-9
165.500, -2.408e-9
165.750, -2.409e-9
166.000, -2.410e-9
166.250, -2.411e-9
166.500, -2.412e-9
166.750, -2.414e-9
167.000, -2.416e-9
167.250, -2.416e-9
167.500, -2.417e-9
167.750, -2.418e-9
168.000, -2.418e-9
168.250, -2.419e-9
168.500, -2.420e-9
168.750, -2.423e-9
169.000, -2.425e-9
169.250, -2.426e-9
169.500, -2.427e-9
169.750, -2.429e-9
170.000, -2.430e-9
170.250, -2.431e-9
170.500, -2.432e-9
170.750, -2.434e-9
171.000, -2.436e-9
171.250, -2.438e-9
171.500, -2.440e-9
171.750, -2.442e-9
172.000, -2.444e-9
172.250, -2.445e-9
172.500, -2.446e-9
172.750, -2.449e-9
173.000, -2.450e-9
173.250, -2.452e-9
173.500, -2.454e-9
173.750, -2.457e-9
174.000, -2.460e-9
174.250, -2.462e-9
174.500, -2.464e-9
174.750, -2.467e-9
175.000, -2.469e-9
175.250, -2.471e-9
175.500, -2.474e-9
175.750, -2.476e-9
176.000, -2.479e-9
176.250, -2.482e-9
176.500, -2.486e-9
176.750, -2.489e-9
177.000, -2.491e-9
177.250, -2.492e-9
177.500, -2.495e-9
177.750, -2.499e-9
178.000, -2.501e-9
178.250, -2.503e-9
178.500, -2.506e-9
178.750, -2.510e-9
179.000, -2.513e-9
179.250, -2.516e-9
179.500, -2.518e-9
179.750, -2.521e-9
180.000, -2.523e-9
180.250, -2.526e-9
180.500, -2.529e-9
180.750, -2.531e-9
181.000, -2.534e-9
181.250, -2.538e-9
181.500, -2.541e-9
181.750, -2.543e-9
182.000, -2.546e-9
182.250, -2.548e-9
182.500, -2.550e-9
182.750, -2.553e-9
183.000, -2.555e-9
183.250, -2.558e-9
183.500, -2.561e-9
183.750, -2.564e-9
184.000, -2.568e-9
184.250, -2.572e-9
184.500, -2.575e-9
184.750, -2.578e-9
185.000, -2.582e-9
185.250, -2.585e-9
185.500, -2.588e-9
185.750, -2.590e-9
186.000, -2.594e-9
186.250, -2.598e-9
186.500, -2.601e-9
186.750, -2.605e-9
187.000, -2.609e-9
187.250, -2.613e-9
187.500, -2.617e-9
187.750, -2.621e-9
188.000, -2.625e-9
188.250, -2.629e-9
188.500, -2.633e-9
188.750, -2.638e-9
189.000, -2.643e-9
189.250, -2.648e-9
189.500, -2.653e-9
189.750, -2.658e-9
190.000, -2.662e-9
190.250, -2.667e-9
190.500, -2.673e-9
190.750, -2.678e-9
191.000, -2.683e-9
191.250, -2.690e-9
191.500, -2.696e-9
191.750, -2.703e-9
192.000, -2.709e-9
192.250, -2.714e-9
192.500, -2.720e-9
192.750, -2.726e-9
193.000, -2.731e-9
193.250, -2.738e-9
193.500, -2.743e-9
193.750, -2.751e-9
194.000, -2.759e-9
194.250, -2.769e-9
194.500, -2.776e-9
194.750, -2.784e-9
195.000, -2.791e-9
195.250, -2.796e-9
195.500, -2.803e-9
195.750, -2.810e-9
196.000, -2.818e-9
196.250, -2.825e-9
196.500, -2.835e-9
196.750, -2.844e-9
197.000, -2.852e-9
197.250, -2.861e-9
197.500, -2.869e-9
197.750, -2.877e-9
198.000, -2.885e-9
198.250, -2.893e-9
198.500, -2.901e-9
198.750, -2.910e-9
199.000, -2.921e-9
199.250, -2.931e-9
199.500, -2.942e-9
199.750, -2.952e-9
200.000, -2.961e-9
200.250, -2.970e-9
200.500, -2.979e-9
200.750, -2.988e-9
201.000, -2.999e-9
201.250, -3.010e-9
201.500, -3.021e-9
201.750, -3.032e-9
202.000, -3.043e-9
202.250, -3.054e-9
202.500, -3.066e-9
202.750, -3.077e-9
203.000, -3.086e-9
203.250, -3.097e-9
203.500, -3.109e-9
203.750, -3.124e-9
204.000, -3.140e-9
204.250, -3.155e-9
204.500, -3.169e-9
204.750, -3.184e-9
205.000, -3.197e-9
205.250, -3.212e-9
205.500, -3.226e-9
205.750, -3.241e-9
206.000, -3.256e-9
206.250, -3.274e-9
206.500, -3.293e-9
206.750, -3.310e-9
207.000, -3.328e-9
207.250, -3.343e-9
207.500, -3.358e-9
207.750, -3.373e-9
208.000, -3.387e-9
208.250, -3.402e-9
208.500, -3.417e-9
208.750, -3.435e-9
209.000, -3.452e-9
209.250, -3.470e-9
209.500, -3.488e-9
209.750, -3.504e-9
210.000, -3.522e-9
210.250, -3.536e-9
210.500, -3.550e-9
210.750, -3.566e-9
211.000, -3.581e-9
211.250, -3.597e-9
211.500, -3.612e-9
211.750, -3.628e-9
212.000, -3.643e-9
212.250, -3.657e-9
212.500, -3.670e-9
212.750, -3.686e-9
213.000, -3.699e-9
213.250, -3.712e-9
213.500, -3.726e-9
213.750, -3.743e-9
214.000, -3.761e-9
214.250, -3.778e-9
214.500, -3.795e-9
214.750, -3.808e-9
215.000, -3.823e-9
215.250, -3.837e-9
215.500, -3.850e-9
215.750, -3.864e-9
216.000, -3.876e-9
216.250, -3.891e-9
216.500, -3.906e-9
216.750, -3.921e-9
217.000, -3.936e-9
217.250, -3.950e-9
217.500, -3.963e-9
217.750, -3.976e-9
218.000, -3.988e-9
218.250, -4.000e-9
218.500, -4.013e-9
218.750, -4.030e-9
219.000, -4.046e-9
219.250, -4.062e-9
219.500, -4.079e-9
219.750, -4.095e-9
220.000, -4.111e-9
220.250, -4.125e-9
220.500, -4.139e-9
220.750, -4.152e-9
221.000, -4.167e-9
221.250, -4.183e-9
221.500, -4.199e-9
221.750, -4.215e-9
222.000, -4.228e-9
222.250, -4.243e-9
222.500, -4.255e-9
222.750, -4.267e-9
223.000, -4.281e-9
223.250, -4.293e-9
223.500, -4.305e-9
223.750, -4.321e-9
224.000, -4.337e-9
224.250, -4.353e-9
224.500, -4.367e-9
224.750, -4.380e-9
225.000, -4.393e-9
225.250, -4.405e-9
225.500, -4.415e-9
225.750, -4.426e-9
226.000, -4.438e-9
226.250, -4.449e-9
226.500, -4.461e-9
226.750, -4.472e-9
227.000, -4.482e-9
227.250, -4.491e-9
227.500, -4.501e-9
227.750, -4.507e-9
228.000, -4.515e-9
228.250, -4.522e-9
228.500, -4.528e-9
228.750, -4.535e-9
229.000, -4.542e-9
229.250, -4.548e-9
229.500, -4.555e-9
229.750, -4.561e-9
230.000, -4.567e-9
230.250, -4.571e-9
230.500, -4.576e-9
230.750, -4.580e-9
231.000, -4.585e-9
231.250, -4.589e-9
231.500, -4.593e-9
231.750, -4.598e-9
232.000, -4.602e-9
232.250, -4.606e-9
232.500, -4.609e-9
232.750, -4.612e-9
233.000, -4.615e-9
233.250, -4.618e-9
233.500, -4.622e-9
233.750, -4.626e-9
234.000, -4.630e-9
234.250, -4.634e-9
234.500, -4.638e-9
234.750, -4.642e-9
235.000, -4.645e-9
235.250, -4.648e-9
235.500, -4.651e-9
235.750, -4.654e-9
236.000, -4.657e-9
236.250, -4.661e-9
236.500, -4.664e-9
236.750, -4.668e-9
237.000, -4.671e-9
237.250, -4.673e-9
237.500, -4.676e-9
237.750, -4.678e-9
238.000, -4.680e-9
238.250, -4.682e-9
238.500, -4.684e-9
238.750, -4.686e-9
239.000, -4.688e-9
239.250, -4.690e-9
239.500, -4.692e-9
239.750, -4.694e-9
240.000, -4.695e-9
240.250, -4.696e-9
240.500, -4.697e-9
240.750, -4.698e-9
241.000, -4.700e-9
241.250, -4.700e-9
241.500, -4.701e-9
241.750, -4.702e-9
242.000, -4.703e-9
242.250, -4.704e-9
242.500, -4.704e-9
242.750, -4.705e-9
243.000, -4.706e-9
243.250, -4.706e-9
243.500, -4.706e-9
243.750, -4.707e-9
244.000, -4.708e-9
244.250, -4.709e-9
244.500, -4.710e-9
244.750, -4.711e-9
245.000, -4.712e-9
245.250, -4.713e-9
245.500, -4.713e-9
245.750, -4.714e-9
246.000, -4.715e-9
246.250, -4.717e-9
246.500, -4.718e-9
246.750, -4.719e-9
247.000, -4.721e-9
247.250, -4.722e-9
247.500, -4.723e-9
247.750, -4.724e-9
248.000, -4.726e-9
248.250, -4.727e-9
248.500, -4.728e-9
248.750, -4.730e-9
249.000, -4.732e-9
249.250, -4.733e-9
249.500, -4.736e-9
249.750, -4.737e-9
250.000, -4.739e-9
250.250, -4.741e-9
250.500, -4.741e-9
250.750, -4.743e-9
251.000, -4.744e-9
251.250, -4.746e-9
251.500, -4.747e-9
251.750, -4.749e-9
252.000, -4.751e-9
252.250, -4.751e-9
252.500, -4.753e-9
252.750, -4.754e-9
253.000, -4.755e-9
253.250, -4.756e-9
253.500, -4.757e-9
253.750, -4.759e-9
254.000, -4.760e-9
254.250, -4.762e-9
254.500, -4.763e-9
254.750, -4.765e-9
255.000, -4.766e-9
255.250, -4.767e-9
255.500, -4.768e-9
255.750, -4.769e-9
256.000, -4.770e-9
256.250, -4.771e-9
256.500, -4.773e-9
256.750, -4.774e-9
257.000, -4.775e-9
257.250, -4.776e-9
257.500, -4.776e-9
257.750, -4.777e-9
258.000, -4.777e-9
258.250, -4.778e-9
258.500, -4.779e-9
258.750, -4.779e-9
259.000, -4.780e-9
259.250, -4.781e-9
259.500, -4.782e-9
259.750, -4.783e-9
260.000, -4.784e-9
260.250, -4.785e-9
260.500, -4.785e-9
260.750, -4.786e-9
261.000, -4.787e-9
261.250, -4.787e-9
261.500, -4.788e-9
261.750, -4.789e-9
262.000, -4.791e-9
262.250, -4.791e-9
262.500, -4.792e-9
262.750, -4.793e-9
263.000, -4.794e-9
263.250, -4.794e-9
263.500, -4.795e-9
263.750, -4.796e-9
264.000, -4.797e-9
264.250, -4.798e-9
264.500, -4.800e-9
264.750, -4.800e-9
265.000, -4.801e-9
265.250, -4.802e-9
265.500, -4.803e-9
265.750, -4.804e-9
266.000, -4.804e-9
266.250, -4.805e-9
266.500, -4.806e-9
266.750, -4.808e-9
267.000, -4.809e-9
267.250, -4.810e-9
267.500, -4.811e-9
267.750, -4.812e-9
268.000, -4.813e-9
268.250, -4.814e-9
268.500, -4.815e-9
268.750, -4.816e-9
269.000, -4.817e-9
269.250, -4.819e-9
269.500, -4.821e-9
269.750, -4.823e-9
270.000, -4.824e-9
270.250, -4.826e-9
270.500, -4.826e-9
270.750, -4.828e-9
271.000, -4.829e-9
271.250, -4.831e-9
271.500, -4.834e-9
271.750, -4.835e-9
272.000, -4.837e-9
272.250, -4.838e-9
272.500, -4.840e-9
272.750, -4.842e-9
273.000, -4.843e-9
273.250, -4.845e-9
273.500, -4.846e-9
273.750, -4.849e-9
274.000, -4.852e-9
274.250, -4.854e-9
274.500, -4.857e-9
274.750, -4.859e-9
275.000, -4.862e-9
275.250, -4.864e-9
275.500, -4.866e-9
275.750, -4.868e-9
276.000, -4.870e-9
276.250, -4.872e-9
276.500, -4.875e-9
276.750, -4.878e-9
277.000, -4.881e-9
277.250, -4.883e-9
277.500, -4.885e-9
277.750, -4.887e-9
278.000, -4.889e-9
278.250, -4.891e-9
278.500, -4.893e-9
278.750, -4.894e-9
279.000, -4.898e-9
279.250, -4.901e-9
279.500, -4.903e-9
279.750, -4.906e-9
280.000, -4.909e-9
280.250, -4.910e-9
280.500, -4.913e-9
280.750, -4.915e-9
281.000, -4.916e-9
281.250, -4.918e-9
281.500, -4.922e-9
281.750, -4.925e-9
282.000, -4.927e-9
282.250, -4.930e-9
282.500, -4.931e-9
282.750, -4.933e-9
283.000, -4.935e-9
283.250, -4.937e-9
283.500, -4.939e-9
283.750, -4.942e-9
284.000, -4.945e-9
284.250, -4.948e-9
284.500, -4.951e-9
284.750, -4.953e-9
285.000, -4.956e-9
285.250, -4.958e-9
285.500, -4.960e-9
285.750, -4.961e-9
286.000, -4.963e-9
286.250, -4.965e-9
286.500, -4.968e-9
286.750, -4.970e-9
287.000, -4.972e-9
287.250, -4.974e-9
287.500, -4.975e-9
287.750, -4.976e-9
288.000, -4.977e-9
288.250, -4.978e-9
288.500, -4.980e-9
288.750, -4.981e-9
289.000, -4.983e-9
289.250, -4.985e-9
289.500, -4.987e-9
289.750, -4.989e-9
290.000, -4.990e-9
290.250, -4.991e-9
290.500, -4.992e-9
290.750, -4.994e-9
291.000, -4.995e-9
291.250, -4.997e-9
291.500, -4.999e-9
291.750, -5.001e-9
292.000, -5.003e-9
292.250, -5.005e-9
292.500, -5.006e-9
292.750, -5.008e-9
293.000, -5.009e-9
293.250, -5.011e-9
293.500, -5.013e-9
293.750, -5.015e-9
294.000, -5.018e-9
294.250, -5.022e-9
294.500, -5.025e-9
294.750, -5.027e-9
295.000, -5.030e-9
295.250, -5.032e-9
295.500, -5.035e-9
295.750, -5.037e-9
296.000, -5.039e-9
296.250, -5.042e-9
296.500, -5.045e-9
296.750, -5.048e-9
297.000, -5.051e-9
297.250, -5.052e-9
297.500, -5.054e-9
297.750, -5.056e-9
298.000, -5.058e-9
298.250, -5.058e-9
298.500, -5.060e-9
298.750, -5.062e-9
299.000, -5.063e-9
299.250, -5.066e-9
299.500, -5.068e-9
299.750, -5.069e-9
300.000, -5.071e-9
300.250, -5.071e-9
300.500, -5.072e-9
300.750, -5.073e-9
301.000, -5.074e-9
301.250, -5.075e-9
301.500, -5.077e-9
301.750, -5.078e-9
302.000, -5.079e-9
302.250, -5.080e-9
302.500, -5.081e-9
302.750, -5.081e-9
303.000, -5.083e-9
303.250, -5.083e-9
303.500, -5.084e-9
303.750, -5.085e-9
304.000, -5.087e-9
304.250, -5.088e-9
304.500, -5.089e-9
304.750, -5.090e-9
305.000, -5.090e-9
305.250, -5.091e-9
305.500, -5.091e-9
305.750, -5.090e-9
306.000, -5.091e-9
306.250, -5.091e-9
306.500, -5.091e-9
306.750, -5.091e-9
307.000, -5.091e-9
307.250, -5.090e-9
307.500, -5.090e-9
307.750, -5.090e-9
308.000, -5.091e-9
308.250, -5.090e-9
308.500, -5.091e-9
308.750, -5.090e-9
309.000, -5.090e-9
309.250, -5.092e-9
309.500, -5.091e-9
309.750, -5.092e-9
310.000, -5.092e-9
310.250, -5.092e-9
310.500, -5.093e-9
310.750, -5.094e-9
311.000, -5.094e-9
311.250, -5.096e-9
311.500, -5.098e-9
311.750, -5.100e-9
312.000, -5.102e-9
312.250, -5.104e-9
312.500, -5.105e-9
312.750, -5.107e-9
313.000, -5.110e-9
313.250, -5.111e-9
313.500, -5.113e-9
313.750, -5.116e-9
314.000, -5.119e-9
314.250, -5.123e-9
314.500, -5.127e-9
314.750, -5.129e-9
315.000, -5.132e-9
315.250, -5.134e-9
315.500, -5.136e-9
315.750, -5.137e-9
316.000, -5.140e-9
316.250, -5.141e-9
316.500, -5.143e-9
316.750, -5.146e-9
317.000, -5.146e-9
317.250, -5.148e-9
317.500, -5.148e-9
317.750, -5.148e-9
318.000, -5.148e-9
318.250, -5.149e-9
318.500, -5.148e-9
318.750, -5.148e-9
319.000, -5.149e-9
319.250, -5.149e-9
319.500, -5.149e-9
319.750, -5.150e-9
320.000, -5.149e-9
320.250, -5.149e-9
320.500, -5.149e-9
320.750, -5.149e-9
321.000, -5.150e-9
321.250, -5.150e-9
321.500, -5.150e-9
321.750, -5.151e-9
322.000, -5.151e-9
322.250, -5.152e-9
322.500, -5.152e-9
322.750, -5.152e-9
323.000, -5.153e-9
323.250, -5.154e-9
323.500, -5.154e-9
323.750, -5.155e-9
324.000, -5.157e-9
324.250, -5.158e-9
324.500, -5.160e-9
324.750, -5.162e-9
325.000, -5.162e-9
325.250, -5.163e-9
325.500, -5.164e-9
325.750, -5.164e-9
326.000, -5.165e-9
326.250, -5.166e-9
326.500, -5.168e-9
326.750, -5.169e-9
327.000, -5.170e-9
327.250, -5.170e-9
327.500, -5.171e-9
327.750, -5.171e-9
328.000, -5.170e-9
328.250, -5.171e-9
328.500, -5.171e-9
328.750, -5.170e-9
329.000, -5.171e-9
329.250, -5.172e-9
329.500, -5.173e-9
329.750, -5.174e-9
330.000, -5.174e-9
330.250, -5.174e-9
330.500, -5.175e-9
330.750, -5.175e-9
331.000, -5.175e-9
331.250, -5.176e-9
331.500, -5.178e-9
331.750, -5.179e-9
332.000, -5.181e-9
332.250, -5.182e-9
332.500, -5.183e-9
332.750, -5.184e-9
333.000, -5.185e-9
333.250, -5.186e-9
333.500, -5.188e-9
333.750, -5.191e-9
334.000, -5.192e-9
334.250, -5.195e-9
334.500, -5.198e-9
334.750, -5.200e-9
335.000, -5.202e-9
335.250, -5.203e-9
335.500, -5.205e-9
335.750, -5.206e-9
336.000, -5.208e-9
336.250, -5.210e-9
336.500, -5.212e-9
336.750, -5.215e-9
337.000, -5.216e-9
337.250, -5.218e-9
337.500, -5.220e-9
337.750, -5.221e-9
338.000, -5.221e-9
338.250, -5.222e-9
338.500, -5.223e-9
338.750, -5.224e-9
339.000, -5.225e-9
339.250, -5.225e-9
339.500, -5.226e-9
339.750, -5.227e-9
340.000, -5.228e-9
340.250, -5.229e-9
340.500, -5.230e-9
340.750, -5.230e-9
341.000, -5.230e-9
341.250, -5.230e-9
341.500, -5.230e-9
341.750, -5.230e-9
342.000, -5.231e-9
342.250, -5.230e-9
342.500, -5.229e-9
342.750, -5.230e-9
343.000, -5.229e-9
343.250, -5.229e-9
343.500, -5.228e-9
343.750, -5.228e-9
344.000, -5.228e-9
344.250, -5.229e-9
344.500, -5.229e-9
344.750, -5.229e-9
345.000, -5.230e-9
345.250, -5.229e-9
345.500, -5.229e-9
345.750, -5.230e-9
346.000, -5.229e-9
346.250, -5.230e-9
346.500, -5.230e-9
346.750, -5.230e-9
347.000, -5.229e-9
347.250, -5.229e-9
347.500, -5.227e-9
347.750, -5.228e-9
348.000, -5.226e-9
348.250, -5.226e-9
348.500, -5.225e-9
348.750, -5.223e-9
349.000, -5.223e-9
349.250, -5.221e-9
349.500, -5.219e-9
349.750, -5.217e-9
350.000, -5.215e-9
350.250, -5.214e-9
350.500, -5.213e-9
350.750, -5.211e-9
351.000, -5.208e-9
351.250, -5.206e-9
351.500, -5.204e-9
351.750, -5.201e-9
352.000, -5.200e-9
352.250, -5.198e-9
352.500, -5.195e-9
352.750, -5.194e-9
353.000, -5.192e-9
353.250, -5.190e-9
353.500, -5.189e-9
353.750, -5.187e-9
354.000, -5.183e-9
354.250, -5.181e-9
354.500, -5.178e-9
354.750, -5.176e-9
355.000, -5.174e-9
355.250, -5.174e-9
355.500, -5.172e-9
355.750, -5.171e-9
356.000, -5.171e-9
356.250, -5.169e-9
356.500, -5.169e-9
356.750, -5.168e-9
357.000, -5.167e-9
357.250, -5.166e-9
357.500, -5.166e-9
357.750, -5.165e-9
358.000, -5.165e-9
358.250, -5.164e-9
358.500, -5.164e-9
358.750, -5.163e-9
359.000, -5.162e-9
359.250, -5.161e-9
359.500, -5.159e-9
359.750, -5.158e-9
360.000, -5.156e-9
360.250, -5.154e-9
360.500, -5.153e-9
360.750, -5.151e-9
361.000, -5.148e-9
361.250, -5.146e-9
361.500, -5.144e-9
361.750, -5.140e-9
362.000, -5.139e-9
362.250, -5.136e-9
362.500, -5.134e-9
362.750, -5.132e-9
363.000, -5.130e-9
363.250, -5.129e-9
363.500, -5.127e-9
363.750, -5.125e-9
364.000, -5.123e-9
364.250, -5.122e-9
364.500, -5.121e-9
364.750, -5.120e-9
365.000, -5.120e-9
365.250, -5.119e-9
365.500, -5.120e-9
365.750, -5.119e-9
366.000, -5.119e-9
366.250, -5.119e-9
366.500, -5.120e-9
366.750, -5.121e-9
367.000, -5.121e-9
367.250, -5.122e-9
367.500, -5.122e-9
367.750, -5.123e-9
368.000, -5.124e-9
368.250, -5.124e-9
368.500, -5.126e-9
368.750, -5.127e-9
369.000, -5.128e-9
369.250, -5.132e-9
369.500, -5.133e-9
369.750, -5.136e-9
370.000, -5.139e-9
370.250, -5.141e-9
370.500, -5.143e-9
370.750, -5.146e-9
371.000, -5.147e-9
371.250, -5.149e-9
371.500, -5.153e-9
371.750, -5.155e-9
372.000, -5.159e-9
372.250, -5.161e-9
372.500, -5.163e-9
372.750, -5.164e-9
373.000, -5.167e-9
373.250, -5.168e-9
373.500, -5.169e-9
373.750, -5.171e-9
374.000, -5.173e-9
374.250, -5.176e-9
374.500, -5.178e-9
374.750, -5.180e-9
375.000, -5.181e-9
375.250, -5.183e-9
375.500, -5.184e-9
375.750, -5.187e-9
376.000, -5.189e-9
376.250, -5.191e-9
376.500, -5.194e-9
376.750, -5.197e-9
377.000, -5.201e-9
377.250, -5.203e-9
377.500, -5.206e-9
377.750, -5.208e-9
378.000, -5.211e-9
378.250, -5.213e-9
378.500, -5.216e-9
378.750, -5.220e-9
379.000, -5.224e-9
379.250, -5.229e-9
379.500, -5.234e-9
379.750, -5.238e-9
380.000, -5.241e-9
380.250, -5.245e-9
380.500, -5.247e-9
380.750, -5.250e-9
381.000, -5.255e-9
381.250, -5.258e-9
381.500, -5.262e-9
381.750, -5.267e-9
382.000, -5.271e-9
382.250, -5.275e-9
382.500, -5.278e-9
382.750, -5.280e-9
383.000, -5.282e-9
383.250, -5.285e-9
383.500, -5.287e-9
383.750, -5.290e-9
384.000, -5.294e-9
384.250, -5.296e-9
384.500, -5.298e-9
384.750, -5.299e-9
385.000, -5.299e-9
385.250, -5.299e-9
385.500, -5.298e-9
385.750, -5.297e-9
386.000, -5.296e-9
386.250, -5.294e-9
386.500, -5.293e-9
386.750, -5.288e-9
387.000, -5.285e-9
387.250, -5.281e-9
387.500, -5.275e-9
387.750, -5.270e-9
388.000, -5.265e-9
388.250, -5.258e-9
388.500, -5.252e-9
388.750, -5.243e-9
389.000, -5.231e-9
389.250, -5.220e-9
389.500, -5.207e-9
389.750, -5.193e-9
390.000, -5.181e-9
390.250, -5.167e-9
390.500, -5.154e-9
390.750, -5.143e-9
391.000, -5.129e-9
391.250, -5.114e-9
391.500, -5.100e-9
391.750, -5.085e-9
392.000, -5.071e-9
392.250, -5.059e-9
392.500, -5.046e-9
392.750, -5.035e-9
393.000, -5.024e-9
393.250, -5.010e-9
393.500, -4.998e-9
393.750, -4.982e-9
394.000, -4.962e-9
394.250, -4.940e-9
394.500, -4.920e-9
394.750, -4.899e-9
395.000, -4.879e-9
395.250, -4.860e-9
395.500, -4.842e-9
395.750, -4.823e-9
396.000, -4.803e-9
396.250, -4.778e-9
396.500, -4.749e-9
396.750, -4.719e-9
397.000, -4.685e-9
397.250, -4.653e-9
397.500, -4.624e-9
397.750, -4.596e-9
398.000, -4.569e-9
398.250, -4.544e-9
398.500, -4.515e-9
398.750, -4.481e-9
399.000, -4.441e-9
399.250, -4.401e-9
399.500, -4.361e-9
399.750, -4.322e-9
400.000, -4.286e-9
400.250, -4.250e-9
400.500, -4.219e-9
400.750, -4.189e-9
401.000, -4.153e-9
401.250, -4.118e-9
401.500, -4.083e-9
401.750, -4.046e-9
402.000, -4.014e-9
402.250, -3.982e-9
402.500, -3.953e-9
402.750, -3.928e-9
403.000, -3.900e-9
403.250, -3.873e-9
403.500, -3.845e-9
403.750, -3.811e-9
404.000, -3.771e-9
404.250, -3.734e-9
404.500, -3.698e-9
404.750, -3.664e-9
405.000, -3.634e-9
405.250, -3.603e-9
405.500, -3.575e-9
405.750, -3.548e-9
406.000, -3.516e-9
406.250, -3.481e-9
406.500, -3.445e-9
406.750, -3.409e-9
407.000, -3.376e-9
407.250, -3.344e-9
407.500, -3.313e-9
407.750, -3.285e-9
408.000, -3.258e-9
408.250, -3.232e-9
408.500, -3.204e-9
408.750, -3.173e-9
409.000, -3.141e-9
409.250, -3.110e-9
409.500, -3.079e-9
409.750, -3.050e-9
410.000, -3.022e-9
410.250, -2.997e-9
410.500, -2.972e-9
410.750, -2.947e-9
411.000, -2.923e-9
411.250, -2.897e-9
411.500, -2.874e-9
411.750, -2.851e-9
412.000, -2.831e-9
412.250, -2.813e-9
412.500, -2.796e-9
412.750, -2.779e-9
413.000, -2.764e-9
413.250, -2.749e-9
413.500, -2.734e-9
413.750, -2.717e-9
414.000, -2.701e-9
414.250, -2.686e-9
414.500, -2.671e-9
414.750, -2.658e-9
415.000, -2.646e-9
415.250, -2.635e-9
415.500, -2.624e-9
415.750, -2.614e-9
416.000, -2.603e-9
416.250, -2.591e-9
416.500, -2.580e-9
416.750, -2.568e-9
417.000, -2.557e-9
417.250, -2.547e-9
417.500, -2.538e-9
417.750, -2.529e-9
418.000, -2.521e-9
418.250, -2.513e-9
418.500, -2.503e-9
418.750, -2.494e-9
419.000, -2.485e-9
419.250, -2.475e-9
419.500, -2.467e-9
419.750, -2.458e-9
420.000, -2.448e-9
420.250, -2.440e-9
420.500, -2.433e-9
420.750, -2.424e-9
421.000, -2.416e-9
421.250, -2.407e-9
421.500, -2.397e-9
421.750, -2.389e-9
422.000, -2.380e-9
422.250, -2.372e-9
422.500, -2.364e-9
422.750, -2.357e-9
423.000, -2.349e-9
423.250, -2.341e-9
423.500, -2.334e-9
423.750, -2.324e-9
424.000, -2.315e-9
424.250, -2.305e-9
424.500, -2.295e-9
424.750, -2.287e-9
425.000, -2.279e-9
425.250, -2.271e-9
425.500, -2.264e-9
425.750, -2.257e-9
426.000, -2.249e-9
426.250, -2.241e-9
426.500, -2.232e-9
426.750, -2.225e-9
427.000, -2.218e-9
427.250, -2.212e-9
427.500, -2.206e-9
427.750, -2.200e-9
428.000, -2.196e-9
428.250, -2.190e-9
428.500, -2.184e-9
428.750, -2.179e-9
429.000, -2.173e-9
429.250, -2.168e-9
429.500, -2.162e-9
429.750, -2.158e-9
430.000, -2.151e-9
430.250, -2.148e-9
430.500, -2.143e-9
430.750, -2.138e-9
431.000, -2.134e-9
431.250, -2.129e-9
431.500, -2.124e-9
431.750, -2.120e-9
432.000, -2.115e-9
432.250, -2.112e-9
432.500, -2.107e-9
432.750, -2.104e-9
433.000, -2.101e-9
433.250, -2.097e-9
433.500, -2.094e-9
433.750, -2.090e-9
434.000, -2.087e-9
434.250, -2.083e-9
434.500, -2.079e-9
434.750, -2.076e-9
435.000, -2.074e-9
435.250, -2.070e-9
435.500, -2.068e-9
435.750, -2.064e-9
436.000, -2.061e-9
436.250, -2.058e-9
436.500, -2.056e-9
436.750, -2.053e-9
437.000, -2.051e-9
437.250, -2.049e-9
437.500, -2.046e-9
437.750, -2.044e-9
438.000, -2.042e-9
438.250, -2.040e-9
438.500, -2.039e-9
438.750, -2.036e-9
439.000, -2.035e-9
439.250, -2.033e-9
439.500, -2.031e-9
439.750, -2.029e-9
440.000, -2.027e-9
440.250, -2.026e-9
440.500, -2.024e-9
440.750, -2.023e-9
441.000, -2.020e-9
441.250, -2.018e-9
441.500, -2.017e-9
441.750, -2.015e-9
442.000, -2.013e-9
442.250, -2.011e-9
442.500, -2.009e-9
442.750, -2.007e-9
443.000, -2.005e-9
443.250, -2.003e-9
443.500, -2.002e-9
443.750, -2.000e-9
444.000, -1.997e-9
444.250, -1.996e-9
444.500, -1.994e-9
444.750, -1.991e-9
445.000, -1.990e-9
445.250, -1.987e-9
445.500, -1.986e-9
445.750, -1.984e-9
446.000, -1.981e-9
446.250, -1.979e-9
446.500, -1.977e-9
446.750, -1.975e-9
447.000, -1.973e-9
447.250, -1.972e-9
447.500, -1.970e-9
447.750, -1.968e-9
448.000, -1.967e-9
448.250, -1.964e-9
448.500, -1.963e-9
448.750, -1.961e-9
449.000, -1.958e-9
449.250, -1.957e-9
449.500, -1.954e-9
449.750, -1.951e-9
450.000, -1.950e-9
450.250, -1.948e-9
450.500, -1.945e-9
450.750, -1.944e-9
451.000, -1.941e-9
451.250, -1.939e-9
451.500, -1.938e-9
451.750, -1.936e-9
452.000, -1.934e-9
452.250, -1.932e-9
452.500, -1.930e-9
452.750, -1.929e-9
453.000, -1.927e-9
453.250, -1.926e-9
453.500, -1.923e-9
453.750, -1.922e-9
454.000, -1.919e-9
454.250, -1.916e-9
454.500, -1.913e-9
454.750, -1.910e-9
455.000, -1.906e-9
455.250, -1.903e-9
455.500, -1.901e-9
455.750, -1.898e-9
456.000, -1.895e-9
456.250, -1.893e-9
456.500, -1.890e-9
456.750, -1.888e-9
457.000, -1.884e-9
457.250, -1.882e-9
457.500, -1.880e-9
457.750, -1.878e-9
458.000, -1.876e-9
458.250, -1.874e-9
458.500, -1.872e-9
458.750, -1.870e-9
459.000, -1.869e-9
459.250, -1.868e-9
459.500, -1.865e-9
459.750, -1.864e-9
460.000, -1.862e-9
460.250, -1.860e-9
460.500, -1.858e-9
460.750, -1.857e-9
461.000, -1.856e-9
461.250, -1.854e-9
461.500, -1.853e-9
461.750, -1.851e-9
462.000, -1.849e-9
462.250, -1.847e-9
462.500, -1.844e-9
462.750, -1.843e-9
463.000, -1.841e-9
463.250, -1.839e-9
463.500, -1.837e-9
463.750, -1.834e-9
464.000, -1.832e-9
464.250, -1.828e-9
464.500, -1.826e-9
464.750, -1.822e-9
465.000, -1.820e-9
465.250, -1.818e-9
465.500, -1.817e-9
465.750, -1.815e-9
466.000, -1.814e-9
466.250, -1.814e-9
466.500, -1.813e-9
466.750, -1.812e-9
467.000, -1.810e-9
467.250, -1.810e-9
467.500, -1.809e-9
467.750, -1.808e-9
468.000, -1.807e-9
468.250, -1.807e-9
468.500, -1.806e-9
468.750, -1.806e-9
469.000, -1.806e-9
469.250, -1.806e-9
469.500, -1.805e-9
469.750, -1.805e-9
470.000, -1.805e-9
470.250, -1.803e-9
470.500, -1.803e-9
470.750, -1.802e-9
471.000, -1.801e-9
471.250, -1.801e-9
471.500, -1.799e-9
471.750, -1.799e-9
472.000, -1.797e-9
472.250, -1.796e-9
472.500, -1.795e-9
472.750, -1.793e-9
473.000, -1.792e-9
473.250, -1.790e-9
473.500, -1.789e-9
473.750, -1.786e-9
474.000, -1.785e-9
474.250, -1.782e-9
474.500, -1.778e-9
474.750, -1.776e-9
475.000, -1.773e-9
475.250, -1.771e-9
475.500, -1.770e-9
475.750, -1.766e-9
476.000, -1.764e-9
476.250, -1.761e-9
476.500, -1.757e-9
476.750, -1.755e-9
477.000, -1.752e-9
477.250, -1.748e-9
477.500, -1.746e-9
477.750, -1.744e-9
478.000, -1.740e-9
478.250, -1.739e-9
478.500, -1.737e-9
478.750, -1.735e-9
479.000, -1.732e-9
479.250, -1.731e-9
479.500, -1.728e-9
479.750, -1.725e-9
480.000, -1.724e-9
480.250, -1.722e-9
480.500, -1.721e-9
480.750, -1.720e-9
481.000, -1.717e-9
481.250, -1.717e-9
481.500, -1.715e-9
481.750, -1.713e-9
482.000, -1.713e-9
482.250, -1.710e-9
482.500, -1.709e-9
482.750, -1.706e-9
483.000, -1.706e-9
483.250, -1.703e-9
483.500, -1.701e-9
483.750, -1.701e-9
484.000, -1.697e-9
484.250, -1.694e-9
484.500, -1.692e-9
484.750, -1.689e-9
485.000, -1.688e-9
485.250, -1.686e-9
485.500, -1.684e-9
485.750, -1.683e-9
486.000, -1.682e-9
486.250, -1.679e-9
486.500, -1.679e-9
486.750, -1.680e-9
487.000, -1.678e-9
487.250, -1.678e-9
487.500, -1.679e-9
487.750, -1.678e-9
488.000, -1.678e-9
488.250, -1.679e-9
488.500, -1.678e-9
488.750, -1.679e-9
489.000, -1.681e-9
489.250, -1.680e-9
489.500, -1.681e-9
489.750, -1.682e-9
490.000, -1.682e-9
490.250, -1.683e-9
490.500, -1.683e-9
490.750, -1.682e-9
491.000, -1.683e-9
491.250, -1.683e-9
491.500, -1.683e-9
491.750, -1.682e-9
492.000, -1.682e-9
492.250, -1.680e-9
492.500, -1.678e-9
492.750, -1.678e-9
493.000, -1.677e-9
493.250, -1.675e-9
493.500, -1.674e-9
493.750, -1.673e-9
494.000, -1.672e-9
494.250, -1.671e-9
494.500, -1.671e-9
494.750, -1.668e-9
495.000, -1.669e-9
495.250, -1.667e-9
495.500, -1.665e-9
495.750, -1.664e-9
496.000, -1.663e-9
496.250, -1.661e-9
496.500, -1.658e-9
496.750, -1.658e-9
497.000, -1.654e-9
497.250, -1.653e-9
497.500, -1.651e-9
497.750, -1.648e-9
498.000, -1.645e-9
498.250, -1.645e-9
498.500, -1.641e-9
498.750, -1.639e-9
499.000, -1.637e-9
499.250, -1.633e-9
499.500, -1.630e-9
499.750, -1.628e-9
500.000, -1.624e-9
