Distance/um, Current/A

0.500, -1.656e-9
1.000, -1.654e-9
1.500, -1.652e-9
2.000, -1.650e-9
2.500, -1.639e-9
3.000, -1.624e-9
3.500, -1.611e-9
4.000, -1.602e-9
4.500, -1.595e-9
5.000, -1.587e-9
5.500, -1.579e-9
6.000, -1.571e-9
6.500, -1.563e-9
7.000, -1.555e-9
7.500, -1.549e-9
8.000, -1.541e-9
8.500, -1.534e-9
9.000, -1.527e-9
9.500, -1.521e-9
10.000, -1.515e-9
10.500, -1.506e-9
11.000, -1.500e-9
11.500, -1.491e-9
12.000, -1.485e-9
12.500, -1.477e-9
13.000, -1.469e-9
13.500, -1.461e-9
14.000, -1.454e-9
14.500, -1.448e-9
15.000, -1.440e-9
15.500, -1.434e-9
16.000, -1.427e-9
16.500, -1.421e-9
17.000, -1.415e-9
17.500, -1.410e-9
18.000, -1.404e-9
18.500, -1.398e-9
19.000, -1.394e-9
19.500, -1.390e-9
20.000, -1.385e-9
20.500, -1.381e-9
21.000, -1.375e-9
21.500, -1.372e-9
22.000, -1.365e-9
22.500, -1.364e-9
23.000, -1.357e-9
23.500, -1.353e-9
24.000, -1.350e-9
24.500, -1.347e-9
25.000, -1.340e-9
25.500, -1.339e-9
26.000, -1.334e-9
26.500, -1.332e-9
27.000, -1.329e-9
27.500, -1.325e-9
28.000, -1.321e-9
28.500, -1.319e-9
29.000, -1.317e-9
29.500, -1.313e-9
30.000, -1.313e-9
30.500, -1.308e-9
31.000, -1.306e-9
31.500, -1.303e-9
32.000, -1.301e-9
32.500, -1.298e-9
33.000, -1.295e-9
33.500, -1.293e-9
34.000, -1.292e-9
34.500, -1.289e-9
35.000, -1.286e-9
35.500, -1.284e-9
36.000, -1.284e-9
36.500, -1.281e-9
37.000, -1.278e-9
37.500, -1.278e-9
38.000, -1.277e-9
38.500, -1.273e-9
39.000, -1.273e-9
39.500, -1.272e-9
40.000, -1.267e-9
40.500, -1.270e-9
41.000, -1.267e-9
41.500, -1.265e-9
42.000, -1.263e-9
42.500, -1.261e-9
43.000, -1.260e-9
43.500, -1.260e-9
44.000, -1.258e-9
44.500, -1.257e-9
45.000, -1.255e-9
45.500, -1.255e-9
46.000, -1.255e-9
46.500, -1.251e-9
47.000, -1.254e-9
47.500, -1.249e-9
48.000, -1.251e-9
48.500, -1.247e-9
49.000, -1.249e-9
49.500, -1.245e-9
50.000, -1.248e-9
50.500, -1.244e-9
51.000, -1.246e-9
51.500, -1.243e-9
52.000, -1.243e-9
52.500, -1.241e-9
53.000, -1.241e-9
53.500, -1.242e-9
54.000, -1.239e-9
54.500, -1.239e-9
55.000, -1.238e-9
55.500, -1.238e-9
56.000, -1.237e-9
56.500, -1.238e-9
57.000, -1.236e-9
57.500, -1.236e-9
58.000, -1.234e-9
58.500, -1.234e-9
59.000, -1.234e-9
59.500, -1.233e-9
60.000, -1.231e-9
60.500, -1.230e-9
61.000, -1.231e-9
61.500, -1.229e-9
62.000, -1.229e-9
62.500, -1.231e-9
63.000, -1.230e-9
63.500, -1.229e-9
64.000, -1.229e-9
64.500, -1.227e-9
65.000, -1.225e-9
65.500, -1.225e-9
66.000, -1.225e-9
66.500, -1.226e-9
67.000, -1.227e-9
67.500, -1.225e-9
68.000, -1.225e-9
68.500, -1.225e-9
69.000, -1.224e-9
69.500, -1.222e-9
70.000, -1.224e-9
70.500, -1.222e-9
71.000, -1.221e-9
71.500, -1.221e-9
72.000, -1.220e-9
72.500, -1.218e-9
73.000, -1.219e-9
73.500, -1.219e-9
74.000, -1.218e-9
74.500, -1.218e-9
75.000, -1.218e-9
75.500, -1.216e-9
76.000, -1.218e-9
76.500, -1.216e-9
77.000, -1.215e-9
77.500, -1.214e-9
78.000, -1.215e-9
78.500, -1.215e-9
79.000, -1.213e-9
79.500, -1.213e-9
80.000, -1.212e-9
80.500, -1.212e-9
81.000, -1.213e-9
81.500, -1.212e-9
82.000, -1.210e-9
82.500, -1.211e-9
83.000, -1.211e-9
83.500, -1.210e-9
84.000, -1.209e-9
84.500, -1.209e-9
85.000, -1.208e-9
85.500, -1.209e-9
86.000, -1.208e-9
86.500, -1.208e-9
87.000, -1.207e-9
87.500, -1.208e-9
88.000, -1.207e-9
88.500, -1.206e-9
89.000, -1.207e-9
89.500, -1.207e-9
90.000, -1.206e-9
90.500, -1.206e-9
91.000, -1.207e-9
91.500, -1.205e-9
92.000, -1.204e-9
92.500, -1.206e-9
93.000, -1.205e-9
93.500, -1.204e-9
94.000, -1.205e-9
94.500, -1.204e-9
95.000, -1.203e-9
95.500, -1.206e-9
96.000, -1.207e-9
96.500, -1.204e-9
97.000, -1.206e-9
97.500, -1.204e-9
98.000, -1.203e-9
98.500, -1.206e-9
99.000, -1.205e-9
99.500, -1.204e-9
100.000, -1.204e-9
100.500, -1.206e-9
101.000, -1.206e-9
101.500, -1.206e-9
102.000, -1.206e-9
102.500, -1.205e-9
103.000, -1.206e-9
103.500, -1.207e-9
104.000, -1.207e-9
104.500, -1.207e-9
105.000, -1.208e-9
105.500, -1.207e-9
106.000, -1.209e-9
106.500, -1.208e-9
107.000, -1.210e-9
107.500, -1.208e-9
108.000, -1.210e-9
108.500, -1.209e-9
109.000, -1.209e-9
109.500, -1.210e-9
110.000, -1.210e-9
110.500, -1.211e-9
111.000, -1.212e-9
111.500, -1.212e-9
112.000, -1.211e-9
112.500, -1.212e-9
113.000, -1.212e-9
113.500, -1.212e-9
114.000, -1.213e-9
114.500, -1.212e-9
115.000, -1.212e-9
115.500, -1.213e-9
116.000, -1.215e-9
116.500, -1.212e-9
117.000, -1.215e-9
117.500, -1.214e-9
118.000, -1.213e-9
118.500, -1.215e-9
119.000, -1.214e-9
119.500, -1.214e-9
120.000, -1.214e-9
120.500, -1.215e-9
121.000, -1.215e-9
121.500, -1.215e-9
122.000, -1.214e-9
122.500, -1.213e-9
123.000, -1.215e-9
123.500, -1.215e-9
124.000, -1.214e-9
124.500, -1.214e-9
125.000, -1.214e-9
125.500, -1.213e-9
126.000, -1.214e-9
126.500, -1.214e-9
127.000, -1.213e-9
127.500, -1.213e-9
128.000, -1.214e-9
128.500, -1.213e-9
129.000, -1.212e-9
129.500, -1.213e-9
130.000, -1.211e-9
130.500, -1.211e-9
131.000, -1.212e-9
131.500, -1.211e-9
132.000, -1.210e-9
132.500, -1.210e-9
133.000, -1.210e-9
133.500, -1.209e-9
134.000, -1.209e-9
134.500, -1.208e-9
135.000, -1.209e-9
135.500, -1.207e-9
136.000, -1.208e-9
136.500, -1.207e-9
137.000, -1.207e-9
137.500, -1.207e-9
138.000, -1.206e-9
138.500, -1.207e-9
139.000, -1.204e-9
139.500, -1.205e-9
140.000, -1.204e-9
140.500, -1.203e-9
141.000, -1.205e-9
141.500, -1.204e-9
142.000, -1.202e-9
142.500, -1.202e-9
143.000, -1.202e-9
143.500, -1.202e-9
144.000, -1.200e-9
144.500, -1.202e-9
145.000, -1.200e-9
145.500, -1.200e-9
146.000, -1.200e-9
146.500, -1.199e-9
147.000, -1.199e-9
147.500, -1.200e-9
148.000, -1.198e-9
148.500, -1.199e-9
149.000, -1.198e-9
149.500, -1.198e-9
150.000, -1.199e-9
150.500, -1.197e-9
151.000, -1.200e-9
151.500, -1.198e-9
152.000, -1.198e-9
152.500, -1.197e-9
153.000, -1.198e-9
153.500, -1.195e-9
154.000, -1.199e-9
154.500, -1.198e-9
155.000, -1.198e-9
155.500, -1.198e-9
156.000, -1.197e-9
156.500, -1.198e-9
157.000, -1.197e-9
157.500, -1.198e-9
158.000, -1.198e-9
158.500, -1.199e-9
159.000, -1.198e-9
159.500, -1.198e-9
160.000, -1.199e-9
160.500, -1.198e-9
161.000, -1.200e-9
161.500, -1.200e-9
162.000, -1.200e-9
162.500, -1.200e-9
163.000, -1.202e-9
163.500, -1.202e-9
164.000, -1.202e-9
164.500, -1.204e-9
165.000, -1.204e-9
165.500, -1.205e-9
166.000, -1.208e-9
166.500, -1.206e-9
167.000, -1.208e-9
167.500, -1.209e-9
168.000, -1.211e-9
168.500, -1.211e-9
169.000, -1.216e-9
169.500, -1.215e-9
170.000, -1.216e-9
170.500, -1.219e-9
171.000, -1.222e-9
171.500, -1.222e-9
172.000, -1.225e-9
172.500, -1.228e-9
173.000, -1.229e-9
173.500, -1.231e-9
174.000, -1.234e-9
174.500, -1.237e-9
175.000, -1.239e-9
175.500, -1.244e-9
176.000, -1.245e-9
176.500, -1.249e-9
177.000, -1.253e-9
177.500, -1.256e-9
178.000, -1.261e-9
178.500, -1.266e-9
179.000, -1.270e-9
179.500, -1.273e-9
180.000, -1.278e-9
180.500, -1.283e-9
181.000, -1.288e-9
181.500, -1.293e-9
182.000, -1.295e-9
182.500, -1.300e-9
183.000, -1.306e-9
183.500, -1.310e-9
184.000, -1.317e-9
184.500, -1.322e-9
185.000, -1.326e-9
185.500, -1.329e-9
186.000, -1.334e-9
186.500, -1.339e-9
187.000, -1.344e-9
187.500, -1.349e-9
188.000, -1.353e-9
188.500, -1.353e-9
189.000, -1.356e-9
189.500, -1.358e-9
190.000, -1.359e-9
190.500, -1.359e-9
191.000, -1.358e-9
191.500, -1.356e-9
192.000, -1.358e-9
192.500, -1.355e-9
193.000, -1.356e-9
193.500, -1.358e-9
194.000, -1.357e-9
194.500, -1.358e-9
195.000, -1.357e-9
195.500, -1.357e-9
196.000, -1.356e-9
196.500, -1.359e-9
197.000, -1.358e-9
197.500, -1.358e-9
198.000, -1.358e-9
198.500, -1.356e-9
199.000, -1.356e-9
199.500, -1.356e-9
200.000, -1.357e-9
200.500, -1.356e-9
201.000, -1.356e-9
201.500, -1.353e-9
202.000, -1.354e-9
202.500, -1.353e-9
203.000, -1.352e-9
203.500, -1.352e-9
204.000, -1.351e-9
204.500, -1.352e-9
205.000, -1.351e-9
205.500, -1.350e-9
206.000, -1.349e-9
206.500, -1.350e-9
207.000, -1.355e-9
207.500, -1.358e-9
208.000, -1.363e-9
208.500, -1.369e-9
209.000, -1.376e-9
209.500, -1.383e-9
210.000, -1.395e-9
210.500, -1.406e-9
211.000, -1.419e-9
211.500, -1.433e-9
212.000, -1.444e-9
212.500, -1.458e-9
213.000, -1.478e-9
213.500, -1.497e-9
214.000, -1.512e-9
214.500, -1.532e-9
215.000, -1.553e-9
215.500, -1.580e-9
216.000, -1.611e-9
216.500, -1.643e-9
217.000, -1.671e-9
217.500, -1.708e-9
218.000, -1.748e-9
218.500, -1.796e-9
219.000, -1.840e-9
219.500, -1.882e-9
220.000, -1.931e-9
220.500, -1.988e-9
221.000, -2.050e-9
221.500, -2.102e-9
222.000, -2.149e-9
222.500, -2.205e-9
223.000, -2.259e-9
223.500, -2.329e-9
224.000, -2.387e-9
224.500, -2.442e-9
225.000, -2.497e-9
225.500, -2.566e-9
226.000, -2.632e-9
226.500, -2.695e-9
227.000, -2.754e-9
227.500, -2.810e-9
228.000, -2.877e-9
228.500, -2.949e-9
229.000, -3.019e-9
229.500, -3.075e-9
230.000, -3.142e-9
230.500, -3.212e-9
231.000, -3.271e-9
231.500, -3.321e-9
232.000, -3.369e-9
232.500, -3.412e-9
233.000, -3.450e-9
233.500, -3.499e-9
234.000, -3.542e-9
234.500, -3.587e-9
235.000, -3.625e-9
235.500, -3.667e-9
236.000, -3.703e-9
236.500, -3.746e-9
237.000, -3.786e-9
237.500, -3.824e-9
238.000, -3.862e-9
238.500, -3.904e-9
239.000, -3.936e-9
239.500, -3.974e-9
240.000, -4.002e-9
240.500, -4.034e-9
241.000, -4.064e-9
241.500, -4.095e-9
242.000, -4.120e-9
242.500, -4.145e-9
243.000, -4.170e-9
243.500, -4.186e-9
244.000, -4.206e-9
244.500, -4.229e-9
245.000, -4.243e-9
245.500, -4.268e-9
246.000, -4.289e-9
246.500, -4.310e-9
247.000, -4.331e-9
247.500, -4.353e-9
248.000, -4.371e-9
248.500, -4.394e-9
249.000, -4.418e-9
249.500, -4.440e-9
250.000, -4.457e-9
250.500, -4.484e-9
251.000, -4.499e-9
251.500, -4.516e-9
252.000, -4.535e-9
252.500, -4.547e-9
253.000, -4.563e-9
253.500, -4.578e-9
254.000, -4.595e-9
254.500, -4.604e-9
255.000, -4.620e-9
255.500, -4.633e-9
256.000, -4.644e-9
256.500, -4.656e-9
257.000, -4.667e-9
257.500, -4.677e-9
258.000, -4.687e-9
258.500, -4.699e-9
259.000, -4.710e-9
259.500, -4.718e-9
260.000, -4.727e-9
260.500, -4.737e-9
261.000, -4.747e-9
261.500, -4.756e-9
262.000, -4.765e-9
262.500, -4.774e-9
263.000, -4.784e-9
263.500, -4.790e-9
264.000, -4.800e-9
264.500, -4.807e-9
265.000, -4.815e-9
265.500, -4.824e-9
266.000, -4.829e-9
266.500, -4.841e-9
267.000, -4.843e-9
267.500, -4.854e-9
268.000, -4.859e-9
268.500, -4.866e-9
269.000, -4.876e-9
269.500, -4.880e-9
270.000, -4.890e-9
270.500, -4.895e-9
271.000, -4.903e-9
271.500, -4.909e-9
272.000, -4.916e-9
272.500, -4.922e-9
273.000, -4.929e-9
273.500, -4.935e-9
274.000, -4.940e-9
274.500, -4.947e-9
275.000, -4.953e-9
275.500, -4.960e-9
276.000, -4.964e-9
276.500, -4.969e-9
277.000, -4.977e-9
277.500, -4.979e-9
278.000, -4.986e-9
278.500, -4.992e-9
279.000, -4.997e-9
279.500, -5.003e-9
280.000, -5.008e-9
280.500, -5.012e-9
281.000, -5.017e-9
281.500, -5.023e-9
282.000, -5.028e-9
282.500, -5.033e-9
283.000, -5.038e-9
283.500, -5.040e-9
284.000, -5.045e-9
284.500, -5.049e-9
285.000, -5.054e-9
285.500, -5.058e-9
286.000, -5.064e-9
286.500, -5.065e-9
287.000, -5.069e-9
287.500, -5.073e-9
288.000, -5.078e-9
288.500, -5.080e-9
289.000, -5.087e-9
289.500, -5.088e-9
290.000, -5.091e-9
290.500, -5.095e-9
291.000, -5.099e-9
291.500, -5.103e-9
292.000, -5.107e-9
292.500, -5.112e-9
293.000, -5.112e-9
293.500, -5.118e-9
294.000, -5.120e-9
294.500, -5.124e-9
295.000, -5.129e-9
295.500, -5.131e-9
296.000, -5.133e-9
296.500, -5.137e-9
297.000, -5.141e-9
297.500, -5.143e-9
298.000, -5.147e-9
298.500, -5.151e-9
299.000, -5.154e-9
299.500, -5.156e-9
300.000, -5.159e-9
300.500, -5.163e-9
301.000, -5.163e-9
301.500, -5.170e-9
302.000, -5.171e-9
302.500, -5.175e-9
303.000, -5.179e-9
303.500, -5.181e-9
304.000, -5.184e-9
304.500, -5.188e-9
305.000, -5.193e-9
305.500, -5.196e-9
306.000, -5.201e-9
306.500, -5.204e-9
307.000, -5.208e-9
307.500, -5.211e-9
308.000, -5.212e-9
308.500, -5.216e-9
309.000, -5.220e-9
309.500, -5.223e-9
310.000, -5.225e-9
310.500, -5.228e-9
311.000, -5.233e-9
311.500, -5.235e-9
312.000, -5.239e-9
312.500, -5.240e-9
313.000, -5.240e-9
313.500, -5.245e-9
314.000, -5.249e-9
314.500, -5.251e-9
315.000, -5.253e-9
315.500, -5.257e-9
316.000, -5.259e-9
316.500, -5.261e-9
317.000, -5.264e-9
317.500, -5.267e-9
318.000, -5.270e-9
318.500, -5.271e-9
319.000, -5.278e-9
319.500, -5.280e-9
320.000, -5.281e-9
320.500, -5.285e-9
321.000, -5.287e-9
321.500, -5.289e-9
322.000, -5.290e-9
322.500, -5.295e-9
323.000, -5.295e-9
323.500, -5.298e-9
324.000, -5.299e-9
324.500, -5.302e-9
325.000, -5.302e-9
325.500, -5.308e-9
326.000, -5.308e-9
326.500, -5.310e-9
327.000, -5.311e-9
327.500, -5.314e-9
328.000, -5.315e-9
328.500, -5.321e-9
329.000, -5.320e-9
329.500, -5.324e-9
330.000, -5.325e-9
330.500, -5.328e-9
331.000, -5.331e-9
331.500, -5.336e-9
332.000, -5.338e-9
332.500, -5.341e-9
333.000, -5.342e-9
333.500, -5.350e-9
334.000, -5.347e-9
334.500, -5.353e-9
335.000, -5.354e-9
335.500, -5.357e-9
336.000, -5.357e-9
336.500, -5.361e-9
337.000, -5.364e-9
337.500, -5.362e-9
338.000, -5.370e-9
338.500, -5.368e-9
339.000, -5.373e-9
339.500, -5.372e-9
340.000, -5.376e-9
340.500, -5.377e-9
341.000, -5.381e-9
341.500, -5.383e-9
342.000, -5.384e-9
342.500, -5.388e-9
343.000, -5.387e-9
343.500, -5.390e-9
344.000, -5.393e-9
344.500, -5.395e-9
345.000, -5.396e-9
345.500, -5.398e-9
346.000, -5.400e-9
346.500, -5.401e-9
347.000, -5.404e-9
347.500, -5.406e-9
348.000, -5.407e-9
348.500, -5.410e-9
349.000, -5.411e-9
349.500, -5.414e-9
350.000, -5.415e-9
350.500, -5.420e-9
351.000, -5.420e-9
351.500, -5.424e-9
352.000, -5.424e-9
352.500, -5.426e-9
353.000, -5.428e-9
353.500, -5.431e-9
354.000, -5.431e-9
354.500, -5.434e-9
355.000, -5.434e-9
355.500, -5.437e-9
356.000, -5.437e-9
356.500, -5.440e-9
357.000, -5.440e-9
357.500, -5.441e-9
358.000, -5.441e-9
358.500, -5.443e-9
359.000, -5.443e-9
359.500, -5.446e-9
360.000, -5.446e-9
360.500, -5.447e-9
361.000, -5.450e-9
361.500, -5.450e-9
362.000, -5.452e-9
362.500, -5.453e-9
363.000, -5.453e-9
363.500, -5.454e-9
364.000, -5.457e-9
364.500, -5.458e-9
365.000, -5.458e-9
365.500, -5.460e-9
366.000, -5.460e-9
366.500, -5.460e-9
367.000, -5.461e-9
367.500, -5.464e-9
368.000, -5.464e-9
368.500, -5.464e-9
369.000, -5.465e-9
369.500, -5.467e-9
370.000, -5.465e-9
370.500, -5.468e-9
371.000, -5.466e-9
371.500, -5.470e-9
372.000, -5.468e-9
372.500, -5.470e-9
373.000, -5.470e-9
373.500, -5.472e-9
374.000, -5.471e-9
374.500, -5.474e-9
375.000, -5.473e-9
375.500, -5.475e-9
376.000, -5.474e-9
376.500, -5.476e-9
377.000, -5.475e-9
377.500, -5.481e-9
378.000, -5.477e-9
378.500, -5.481e-9
379.000, -5.481e-9
379.500, -5.480e-9
380.000, -5.482e-9
380.500, -5.483e-9
381.000, -5.485e-9
381.500, -5.484e-9
382.000, -5.488e-9
382.500, -5.485e-9
383.000, -5.487e-9
383.500, -5.488e-9
384.000, -5.489e-9
384.500, -5.489e-9
385.000, -5.491e-9
385.500, -5.492e-9
386.000, -5.489e-9
386.500, -5.493e-9
387.000, -5.492e-9
387.500, -5.492e-9
388.000, -5.492e-9
388.500, -5.497e-9
389.000, -5.494e-9
389.500, -5.498e-9
390.000, -5.496e-9
390.500, -5.496e-9
391.000, -5.494e-9
391.500, -5.500e-9
392.000, -5.496e-9
392.500, -5.499e-9
393.000, -5.499e-9
393.500, -5.498e-9
394.000, -5.496e-9
394.500, -5.499e-9
395.000, -5.499e-9
395.500, -5.498e-9
396.000, -5.502e-9
396.500, -5.500e-9
397.000, -5.500e-9
397.500, -5.501e-9
398.000, -5.502e-9
398.500, -5.502e-9
399.000, -5.503e-9
399.500, -5.504e-9
400.000, -5.503e-9
400.500, -5.502e-9
401.000, -5.504e-9
401.500, -5.505e-9
402.000, -5.503e-9
402.500, -5.504e-9
403.000, -5.505e-9
403.500, -5.505e-9
404.000, -5.505e-9
404.500, -5.504e-9
405.000, -5.506e-9
405.500, -5.505e-9
406.000, -5.506e-9
406.500, -5.504e-9
407.000, -5.506e-9
407.500, -5.504e-9
408.000, -5.505e-9
408.500, -5.506e-9
409.000, -5.505e-9
409.500, -5.505e-9
410.000, -5.505e-9
410.500, -5.504e-9
411.000, -5.506e-9
411.500, -5.505e-9
412.000, -5.507e-9
412.500, -5.505e-9
413.000, -5.506e-9
413.500, -5.507e-9
414.000, -5.506e-9
414.500, -5.507e-9
415.000, -5.505e-9
415.500, -5.507e-9
416.000, -5.507e-9
416.500, -5.507e-9
417.000, -5.504e-9
417.500, -5.507e-9
418.000, -5.506e-9
418.500, -5.505e-9
419.000, -5.507e-9
419.500, -5.506e-9
420.000, -5.506e-9
420.500, -5.506e-9
421.000, -5.508e-9
421.500, -5.503e-9
422.000, -5.505e-9
422.500, -5.506e-9
423.000, -5.504e-9
423.500, -5.503e-9
424.000, -5.505e-9
424.500, -5.503e-9
425.000, -5.501e-9
425.500, -5.504e-9
426.000, -5.503e-9
426.500, -5.501e-9
427.000, -5.502e-9
427.500, -5.500e-9
428.000, -5.500e-9
428.500, -5.501e-9
429.000, -5.499e-9
429.500, -5.498e-9
430.000, -5.497e-9
430.500, -5.496e-9
431.000, -5.496e-9
431.500, -5.496e-9
432.000, -5.495e-9
432.500, -5.494e-9
433.000, -5.492e-9
433.500, -5.491e-9
434.000, -5.490e-9
434.500, -5.490e-9
435.000, -5.489e-9
435.500, -5.487e-9
436.000, -5.487e-9
436.500, -5.483e-9
437.000, -5.483e-9
437.500, -5.483e-9
438.000, -5.482e-9
438.500, -5.481e-9
439.000, -5.481e-9
439.500, -5.479e-9
440.000, -5.478e-9
440.500, -5.480e-9
441.000, -5.476e-9
441.500, -5.475e-9
442.000, -5.475e-9
442.500, -5.473e-9
443.000, -5.471e-9
443.500, -5.472e-9
444.000, -5.469e-9
444.500, -5.469e-9
445.000, -5.469e-9
445.500, -5.468e-9
446.000, -5.466e-9
446.500, -5.465e-9
447.000, -5.465e-9
447.500, -5.466e-9
448.000, -5.464e-9
448.500, -5.464e-9
449.000, -5.462e-9
449.500, -5.463e-9
450.000, -5.461e-9
450.500, -5.461e-9
451.000, -5.460e-9
451.500, -5.460e-9
452.000, -5.461e-9
452.500, -5.460e-9
453.000, -5.458e-9
453.500, -5.456e-9
454.000, -5.459e-9
454.500, -5.455e-9
455.000, -5.458e-9
455.500, -5.454e-9
456.000, -5.455e-9
456.500, -5.451e-9
457.000, -5.455e-9
457.500, -5.451e-9
458.000, -5.453e-9
458.500, -5.449e-9
459.000, -5.450e-9
459.500, -5.448e-9
460.000, -5.448e-9
460.500, -5.449e-9
461.000, -5.447e-9
461.500, -5.449e-9
462.000, -5.446e-9
462.500, -5.448e-9
463.000, -5.445e-9
463.500, -5.450e-9
464.000, -5.444e-9
464.500, -5.447e-9
465.000, -5.444e-9
465.500, -5.446e-9
466.000, -5.442e-9
466.500, -5.446e-9
467.000, -5.442e-9
467.500, -5.445e-9
468.000, -5.444e-9
468.500, -5.443e-9
469.000, -5.444e-9
469.500, -5.445e-9
470.000, -5.442e-9
470.500, -5.444e-9
471.000, -5.446e-9
471.500, -5.445e-9
472.000, -5.445e-9
472.500, -5.444e-9
473.000, -5.443e-9
473.500, -5.445e-9
474.000, -5.444e-9
474.500, -5.444e-9
475.000, -5.444e-9
475.500, -5.446e-9
476.000, -5.443e-9
476.500, -5.445e-9
477.000, -5.445e-9
477.500, -5.446e-9
478.000, -5.445e-9
478.500, -5.447e-9
479.000, -5.446e-9
479.500, -5.447e-9
480.000, -5.447e-9
480.500, -5.447e-9
481.000, -5.446e-9
481.500, -5.447e-9
482.000, -5.447e-9
482.500, -5.449e-9
483.000, -5.448e-9
483.500, -5.449e-9
484.000, -5.451e-9
484.500, -5.452e-9
485.000, -5.452e-9
485.500, -5.452e-9
486.000, -5.452e-9
486.500, -5.452e-9
487.000, -5.452e-9
487.500, -5.452e-9
488.000, -5.454e-9
488.500, -5.455e-9
489.000, -5.453e-9
489.500, -5.454e-9
490.000, -5.454e-9
490.500, -5.454e-9
491.000, -5.456e-9
491.500, -5.458e-9
492.000, -5.457e-9
492.500, -5.455e-9
493.000, -5.458e-9
493.500, -5.458e-9
494.000, -5.458e-9
494.500, -5.460e-9
495.000, -5.461e-9
495.500, -5.461e-9
496.000, -5.463e-9
496.500, -5.464e-9
497.000, -5.464e-9
497.500, -5.465e-9
498.000, -5.467e-9
498.500, -5.467e-9
499.000, -5.467e-9
499.500, -5.472e-9
500.000, -5.476e-9
