Distance/um, Current/A

0.250, -1.498e-9
0.500, -1.497e-9
0.750, -1.492e-9
1.000, -1.489e-9
1.250, -1.486e-9
1.500, -1.480e-9
1.750, -1.470e-9
2.000, -1.459e-9
2.250, -1.447e-9
2.500, -1.435e-9
2.750, -1.423e-9
3.000, -1.411e-9
3.250, -1.403e-9
3.500, -1.397e-9
3.750, -1.395e-9
4.000, -1.395e-9
4.250, -1.394e-9
4.500, -1.395e-9
4.750, -1.395e-9
5.000, -1.395e-9
5.250, -1.395e-9
5.500, -1.395e-9
5.750, -1.396e-9
6.000, -1.397e-9
6.250, -1.396e-9
6.500, -1.396e-9
6.750, -1.396e-9
7.000, -1.395e-9
7.250, -1.394e-9
7.500, -1.393e-9
7.750, -1.393e-9
8.000, -1.392e-9
8.250, -1.390e-9
8.500, -1.390e-9
8.750, -1.388e-9
9.000, -1.387e-9
9.250, -1.385e-9
9.500, -1.383e-9
9.750, -1.381e-9
10.000, -1.379e-9
10.250, -1.377e-9
10.500, -1.375e-9
10.750, -1.375e-9
11.000, -1.372e-9
11.250, -1.371e-9
11.500, -1.369e-9
11.750, -1.364e-9
12.000, -1.361e-9
12.250, -1.358e-9
12.500, -1.356e-9
12.750, -1.353e-9
13.000, -1.352e-9
13.250, -1.350e-9
13.500, -1.348e-9
13.750, -1.346e-9
14.000, -1.345e-9
14.250, -1.343e-9
14.500, -1.342e-9
14.750, -1.339e-9
15.000, -1.339e-9
15.250, -1.337e-9
15.500, -1.336e-9
15.750, -1.336e-9
16.000, -1.336e-9
16.250, -1.334e-9
16.500, -1.333e-9
16.750, -1.333e-9
17.000, -1.330e-9
17.250, -1.330e-9
17.500, -1.329e-9
17.750, -1.328e-9
18.000, -1.326e-9
18.250, -1.325e-9
18.500, -1.325e-9
18.750, -1.325e-9
19.000, -1.323e-9
19.250, -1.322e-9
19.500, -1.320e-9
19.750, -1.318e-9
20.000, -1.316e-9
20.250, -1.314e-9
20.500, -1.312e-9
20.750, -1.310e-9
21.000, -1.308e-9
21.250, -1.306e-9
21.500, -1.302e-9
21.750, -1.300e-9
22.000, -1.295e-9
22.250, -1.292e-9
22.500, -1.288e-9
22.750, -1.284e-9
23.000, -1.282e-9
23.250, -1.278e-9
23.500, -1.276e-9
23.750, -1.273e-9
24.000, -1.269e-9
24.250, -1.265e-9
24.500, -1.261e-9
24.750, -1.258e-9
25.000, -1.254e-9
25.250, -1.252e-9
25.500, -1.250e-9
25.750, -1.250e-9
26.000, -1.248e-9
26.250, -1.246e-9
26.500, -1.244e-9
26.750, -1.241e-9
27.000, -1.240e-9
27.250, -1.239e-9
27.500, -1.238e-9
27.750, -1.237e-9
28.000, -1.236e-9
28.250, -1.236e-9
28.500, -1.234e-9
28.750, -1.234e-9
29.000, -1.233e-9
29.250, -1.233e-9
29.500, -1.233e-9
29.750, -1.232e-9
30.000, -1.233e-9
30.250, -1.231e-9
30.500, -1.232e-9
30.750, -1.232e-9
31.000, -1.232e-9
31.250, -1.231e-9
31.500, -1.230e-9
31.750, -1.229e-9
32.000, -1.229e-9
32.250, -1.228e-9
32.500, -1.228e-9
32.750, -1.227e-9
33.000, -1.226e-9
33.250, -1.226e-9
33.500, -1.225e-9
33.750, -1.225e-9
34.000, -1.225e-9
34.250, -1.223e-9
34.500, -1.223e-9
34.750, -1.221e-9
35.000, -1.219e-9
35.250, -1.218e-9
35.500, -1.218e-9
35.750, -1.216e-9
36.000, -1.215e-9
36.250, -1.213e-9
36.500, -1.210e-9
36.750, -1.207e-9
37.000, -1.205e-9
37.250, -1.202e-9
37.500, -1.199e-9
37.750, -1.196e-9
38.000, -1.194e-9
38.250, -1.191e-9
38.500, -1.189e-9
38.750, -1.186e-9
39.000, -1.184e-9
39.250, -1.179e-9
39.500, -1.176e-9
39.750, -1.172e-9
40.000, -1.171e-9
40.250, -1.168e-9
40.500, -1.167e-9
40.750, -1.167e-9
41.000, -1.165e-9
41.250, -1.163e-9
41.500, -1.161e-9
41.750, -1.159e-9
42.000, -1.155e-9
42.250, -1.154e-9
42.500, -1.152e-9
42.750, -1.152e-9
43.000, -1.151e-9
43.250, -1.151e-9
43.500, -1.150e-9
43.750, -1.150e-9
44.000, -1.149e-9
44.250, -1.149e-9
44.500, -1.149e-9
44.750, -1.149e-9
45.000, -1.149e-9
45.250, -1.149e-9
45.500, -1.150e-9
45.750, -1.151e-9
46.000, -1.151e-9
46.250, -1.151e-9
46.500, -1.150e-9
46.750, -1.151e-9
47.000, -1.151e-9
47.250, -1.152e-9
47.500, -1.152e-9
47.750, -1.153e-9
48.000, -1.154e-9
48.250, -1.154e-9
48.500, -1.155e-9
48.750, -1.155e-9
49.000, -1.155e-9
49.250, -1.155e-9
49.500, -1.156e-9
49.750, -1.156e-9
50.000, -1.156e-9
50.250, -1.155e-9
50.500, -1.156e-9
50.750, -1.155e-9
51.000, -1.156e-9
51.250, -1.156e-9
51.500, -1.157e-9
51.750, -1.157e-9
52.000, -1.159e-9
52.250, -1.158e-9
52.500, -1.159e-9
52.750, -1.158e-9
53.000, -1.161e-9
53.250, -1.159e-9
53.500, -1.160e-9
53.750, -1.159e-9
54.000, -1.160e-9
54.250, -1.159e-9
54.500, -1.161e-9
54.750, -1.161e-9
55.000, -1.163e-9
55.250, -1.162e-9
55.500, -1.165e-9
55.750, -1.164e-9
56.000, -1.165e-9
56.250, -1.165e-9
56.500, -1.166e-9
56.750, -1.167e-9
57.000, -1.168e-9
57.250, -1.168e-9
57.500, -1.171e-9
57.750, -1.172e-9
58.000, -1.176e-9
58.250, -1.175e-9
58.500, -1.178e-9
58.750, -1.178e-9
59.000, -1.180e-9
59.250, -1.183e-9
59.500, -1.185e-9
59.750, -1.187e-9
60.000, -1.189e-9
60.250, -1.189e-9
60.500, -1.191e-9
60.750, -1.190e-9
61.000, -1.194e-9
61.250, -1.193e-9
61.500, -1.196e-9
61.750, -1.195e-9
62.000, -1.196e-9
62.250, -1.196e-9
62.500, -1.196e-9
62.750, -1.195e-9
63.000, -1.195e-9
63.250, -1.193e-9
63.500, -1.192e-9
63.750, -1.191e-9
64.000, -1.189e-9
64.250, -1.187e-9
64.500, -1.185e-9
64.750, -1.183e-9
65.000, -1.180e-9
65.250, -1.178e-9
65.500, -1.176e-9
65.750, -1.175e-9
66.000, -1.175e-9
66.250, -1.173e-9
66.500, -1.170e-9
66.750, -1.168e-9
67.000, -1.162e-9
67.250, -1.161e-9
67.500, -1.158e-9
67.750, -1.156e-9
68.000, -1.154e-9
68.250, -1.152e-9
68.500, -1.152e-9
68.750, -1.147e-9
69.000, -1.146e-9
69.250, -1.141e-9
69.500, -1.140e-9
69.750, -1.137e-9
70.000, -1.136e-9
70.250, -1.135e-9
70.500, -1.133e-9
70.750, -1.133e-9
71.000, -1.131e-9
71.250, -1.130e-9
71.500, -1.129e-9
71.750, -1.127e-9
72.000, -1.124e-9
72.250, -1.123e-9
72.500, -1.121e-9
72.750, -1.121e-9
73.000, -1.121e-9
73.250, -1.119e-9
73.500, -1.119e-9
73.750, -1.119e-9
74.000, -1.118e-9
74.250, -1.117e-9
74.500, -1.117e-9
74.750, -1.117e-9
75.000, -1.115e-9
75.250, -1.115e-9
75.500, -1.114e-9
75.750, -1.114e-9
76.000, -1.114e-9
76.250, -1.113e-9
76.500, -1.112e-9
76.750, -1.112e-9
77.000, -1.109e-9
77.250, -1.109e-9
77.500, -1.108e-9
77.750, -1.106e-9
78.000, -1.105e-9
78.250, -1.103e-9
78.500, -1.101e-9
78.750, -1.100e-9
79.000, -1.096e-9
79.250, -1.093e-9
79.500, -1.089e-9
79.750, -1.087e-9
80.000, -1.082e-9
80.250, -1.080e-9
80.500, -1.077e-9
80.750, -1.076e-9
81.000, -1.072e-9
81.250, -1.070e-9
81.500, -1.065e-9
81.750, -1.059e-9
82.000, -1.052e-9
82.250, -1.048e-9
82.500, -1.043e-9
82.750, -1.039e-9
83.000, -1.037e-9
83.250, -1.034e-9
83.500, -1.031e-9
83.750, -1.029e-9
84.000, -1.025e-9
84.250, -1.021e-9
84.500, -1.015e-9
84.750, -1.013e-9
85.000, -1.010e-9
85.250, -1.008e-9
85.500, -1.008e-9
85.750, -1.006e-9
86.000, -1.007e-9
86.250, -1.004e-9
86.500, -1.005e-9
86.750, -9.999e-10
87.000, -1.002e-9
87.250, -9.990e-10
87.500, -9.994e-10
87.750, -9.978e-10
88.000, -9.974e-10
88.250, -9.954e-10
88.500, -9.948e-10
88.750, -9.944e-10
89.000, -9.921e-10
89.250, -9.892e-10
89.500, -9.890e-10
89.750, -9.861e-10
90.000, -9.857e-10
90.250, -9.844e-10
90.500, -9.837e-10
90.750, -9.830e-10
91.000, -9.803e-10
91.250, -9.803e-10
91.500, -9.770e-10
91.750, -9.754e-10
92.000, -9.722e-10
92.250, -9.715e-10
92.500, -9.678e-10
92.750, -9.675e-10
93.000, -9.657e-10
93.250, -9.650e-10
93.500, -9.627e-10
93.750, -9.625e-10
94.000, -9.588e-10
94.250, -9.576e-10
94.500, -9.525e-10
94.750, -9.543e-10
95.000, -9.519e-10
95.250, -9.519e-10
95.500, -9.511e-10
95.750, -9.500e-10
96.000, -9.494e-10
96.250, -9.479e-10
96.500, -9.464e-10
96.750, -9.468e-10
97.000, -9.449e-10
97.250, -9.455e-10
97.500, -9.441e-10
97.750, -9.447e-10
98.000, -9.444e-10
98.250, -9.453e-10
98.500, -9.452e-10
98.750, -9.451e-10
99.000, -9.446e-10
99.250, -9.442e-10
99.500, -9.447e-10
99.750, -9.437e-10
100.000, -9.424e-10
100.250, -9.432e-10
100.500, -9.412e-10
100.750, -9.406e-10
101.000, -9.391e-10
101.250, -9.387e-10
101.500, -9.356e-10
101.750, -9.344e-10
102.000, -9.314e-10
102.250, -9.280e-10
102.500, -9.265e-10
102.750, -9.245e-10
103.000, -9.245e-10
103.250, -9.212e-10
103.500, -9.206e-10
103.750, -9.180e-10
104.000, -9.162e-10
104.250, -9.120e-10
104.500, -9.121e-10
104.750, -9.102e-10
105.000, -9.088e-10
105.250, -9.085e-10
105.500, -9.055e-10
105.750, -9.064e-10
106.000, -9.035e-10
106.250, -9.043e-10
106.500, -9.026e-10
106.750, -9.001e-10
107.000, -8.979e-10
107.250, -8.966e-10
107.500, -8.965e-10
107.750, -8.951e-10
108.000, -8.946e-10
108.250, -8.954e-10
108.500, -8.926e-10
108.750, -8.930e-10
109.000, -8.886e-10
109.250, -8.899e-10
109.500, -8.859e-10
109.750, -8.870e-10
110.000, -8.844e-10
110.250, -8.850e-10
110.500, -8.827e-10
110.750, -8.831e-10
111.000, -8.809e-10
111.250, -8.816e-10
111.500, -8.789e-10
111.750, -8.772e-10
112.000, -8.748e-10
112.250, -8.740e-10
112.500, -8.712e-10
112.750, -8.724e-10
113.000, -8.695e-10
113.250, -8.705e-10
113.500, -8.691e-10
113.750, -8.696e-10
114.000, -8.682e-10
114.250, -8.688e-10
114.500, -8.688e-10
114.750, -8.681e-10
115.000, -8.701e-10
115.250, -8.703e-10
115.500, -8.705e-10
115.750, -8.698e-10
116.000, -8.712e-10
116.250, -8.710e-10
116.500, -8.710e-10
116.750, -8.710e-10
117.000, -8.727e-10
117.250, -8.719e-10
117.500, -8.735e-10
117.750, -8.724e-10
118.000, -8.757e-10
118.250, -8.729e-10
118.500, -8.751e-10
118.750, -8.745e-10
119.000, -8.745e-10
119.250, -8.754e-10
119.500, -8.723e-10
119.750, -8.717e-10
120.000, -8.709e-10
120.250, -8.679e-10
120.500, -8.663e-10
120.750, -8.644e-10
121.000, -8.639e-10
121.250, -8.613e-10
121.500, -8.572e-10
121.750, -8.532e-10
122.000, -8.471e-10
122.250, -8.432e-10
122.500, -8.397e-10
122.750, -8.376e-10
123.000, -8.337e-10
123.250, -8.323e-10
123.500, -8.277e-10
123.750, -8.266e-10
124.000, -8.214e-10
124.250, -8.194e-10
124.500, -8.147e-10
124.750, -8.121e-10
125.000, -8.114e-10
125.250, -8.105e-10
125.500, -8.101e-10
125.750, -8.107e-10
126.000, -8.106e-10
126.250, -8.099e-10
126.500, -8.084e-10
126.750, -8.078e-10
127.000, -8.082e-10
127.250, -8.083e-10
127.500, -8.098e-10
127.750, -8.107e-10
128.000, -8.104e-10
128.250, -8.103e-10
128.500, -8.116e-10
128.750, -8.119e-10
129.000, -8.145e-10
129.250, -8.146e-10
129.500, -8.170e-10
129.750, -8.156e-10
130.000, -8.152e-10
130.250, -8.163e-10
130.500, -8.145e-10
130.750, -8.153e-10
131.000, -8.151e-10
131.250, -8.144e-10
131.500, -8.124e-10
131.750, -8.095e-10
132.000, -8.116e-10
132.250, -8.091e-10
132.500, -8.094e-10
132.750, -8.078e-10
133.000, -8.041e-10
133.250, -8.044e-10
133.500, -8.008e-10
133.750, -8.032e-10
134.000, -7.998e-10
134.250, -7.981e-10
134.500, -7.952e-10
134.750, -7.934e-10
135.000, -7.894e-10
135.250, -7.878e-10
135.500, -7.872e-10
135.750, -7.875e-10
136.000, -7.851e-10
136.250, -7.838e-10
136.500, -7.808e-10
136.750, -7.792e-10
137.000, -7.772e-10
137.250, -7.779e-10
137.500, -7.775e-10
137.750, -7.805e-10
138.000, -7.771e-10
138.250, -7.784e-10
138.500, -7.790e-10
138.750, -7.796e-10
139.000, -7.811e-10
139.250, -7.812e-10
139.500, -7.842e-10
139.750, -7.823e-10
140.000, -7.844e-10
140.250, -7.852e-10
140.500, -7.834e-10
140.750, -7.854e-10
141.000, -7.864e-10
141.250, -7.877e-10
141.500, -7.875e-10
141.750, -7.897e-10
142.000, -7.914e-10
142.250, -7.925e-10
142.500, -7.921e-10
142.750, -7.937e-10
143.000, -7.932e-10
143.250, -7.923e-10
143.500, -7.939e-10
143.750, -7.926e-10
144.000, -7.929e-10
144.250, -7.912e-10
144.500, -7.938e-10
144.750, -7.900e-10
145.000, -7.927e-10
145.250, -7.893e-10
145.500, -7.913e-10
145.750, -7.901e-10
146.000, -7.901e-10
146.250, -7.891e-10
146.500, -7.868e-10
146.750, -7.864e-10
147.000, -7.865e-10
147.250, -7.868e-10
147.500, -7.851e-10
147.750, -7.846e-10
148.000, -7.855e-10
148.250, -7.846e-10
148.500, -7.861e-10
148.750, -7.847e-10
149.000, -7.855e-10
149.250, -7.874e-10
149.500, -7.873e-10
149.750, -7.857e-10
150.000, -7.888e-10
150.250, -7.883e-10
150.500, -7.919e-10
150.750, -7.898e-10
151.000, -7.929e-10
151.250, -7.930e-10
151.500, -7.936e-10
151.750, -7.955e-10
152.000, -7.975e-10
152.250, -7.958e-10
152.500, -7.966e-10
152.750, -7.952e-10
153.000, -7.969e-10
153.250, -7.950e-10
153.500, -7.961e-10
153.750, -7.944e-10
154.000, -7.939e-10
154.250, -7.906e-10
154.500, -7.929e-10
154.750, -7.878e-10
155.000, -7.891e-10
155.250, -7.872e-10
155.500, -7.861e-10
155.750, -7.872e-10
156.000, -7.839e-10
156.250, -7.870e-10
156.500, -7.841e-10
156.750, -7.839e-10
157.000, -7.851e-10
157.250, -7.834e-10
157.500, -7.835e-10
157.750, -7.848e-10
158.000, -7.841e-10
158.250, -7.849e-10
158.500, -7.853e-10
158.750, -7.864e-10
159.000, -7.860e-10
159.250, -7.902e-10
159.500, -7.889e-10
159.750, -7.928e-10
160.000, -7.917e-10
160.250, -7.945e-10
160.500, -7.953e-10
160.750, -7.944e-10
161.000, -7.965e-10
161.250, -7.944e-10
161.500, -7.976e-10
161.750, -7.971e-10
162.000, -7.995e-10
162.250, -8.011e-10
162.500, -8.018e-10
162.750, -8.022e-10
163.000, -8.010e-10
163.250, -8.033e-10
163.500, -8.020e-10
163.750, -8.050e-10
164.000, -8.023e-10
164.250, -8.075e-10
164.500, -8.050e-10
164.750, -8.061e-10
165.000, -8.057e-10
165.250, -8.075e-10
165.500, -8.073e-10
165.750, -8.062e-10
166.000, -8.079e-10
166.250, -8.067e-10
166.500, -8.075e-10
166.750, -8.083e-10
167.000, -8.082e-10
167.250, -8.093e-10
167.500, -8.081e-10
167.750, -8.084e-10
168.000, -8.082e-10
168.250, -8.076e-10
168.500, -8.100e-10
168.750, -8.107e-10
169.000, -8.121e-10
169.250, -8.133e-10
169.500, -8.126e-10
169.750, -8.163e-10
170.000, -8.161e-10
170.250, -8.187e-10
170.500, -8.191e-10
170.750, -8.197e-10
171.000, -8.195e-10
171.250, -8.222e-10
171.500, -8.212e-10
171.750, -8.259e-10
172.000, -8.240e-10
172.250, -8.272e-10
172.500, -8.288e-10
172.750, -8.261e-10
173.000, -8.308e-10
173.250, -8.285e-10
173.500, -8.312e-10
173.750, -8.310e-10
174.000, -8.325e-10
174.250, -8.325e-10
174.500, -8.354e-10
174.750, -8.353e-10
175.000, -8.398e-10
175.250, -8.378e-10
175.500, -8.392e-10
175.750, -8.388e-10
176.000, -8.407e-10
176.250, -8.389e-10
176.500, -8.406e-10
176.750, -8.392e-10
177.000, -8.406e-10
177.250, -8.389e-10
177.500, -8.402e-10
177.750, -8.392e-10
178.000, -8.376e-10
178.250, -8.391e-10
178.500, -8.381e-10
178.750, -8.369e-10
179.000, -8.362e-10
179.250, -8.360e-10
179.500, -8.338e-10
179.750, -8.332e-10
180.000, -8.315e-10
180.250, -8.315e-10
180.500, -8.293e-10
180.750, -8.295e-10
181.000, -8.281e-10
181.250, -8.269e-10
181.500, -8.257e-10
181.750, -8.235e-10
182.000, -8.227e-10
182.250, -8.196e-10
182.500, -8.186e-10
182.750, -8.177e-10
183.000, -8.177e-10
183.250, -8.148e-10
183.500, -8.162e-10
183.750, -8.155e-10
184.000, -8.130e-10
184.250, -8.122e-10
184.500, -8.103e-10
184.750, -8.098e-10
185.000, -8.083e-10
185.250, -8.090e-10
185.500, -8.067e-10
185.750, -8.066e-10
186.000, -8.055e-10
186.250, -8.053e-10
186.500, -8.052e-10
186.750, -8.051e-10
187.000, -8.034e-10
187.250, -8.048e-10
187.500, -8.040e-10
187.750, -8.044e-10
188.000, -8.045e-10
188.250, -8.050e-10
188.500, -8.059e-10
188.750, -8.032e-10
189.000, -8.061e-10
189.250, -8.082e-10
189.500, -8.076e-10
189.750, -8.004e-10
190.000, -7.922e-10
190.250, -7.965e-10
190.500, -8.074e-10
190.750, -8.143e-10
191.000, -8.204e-10
191.250, -8.280e-10
191.500, -8.342e-10
191.750, -8.532e-10
192.000, -8.531e-10
192.250, -8.528e-10
192.500, -8.529e-10
192.750, -8.575e-10
193.000, -8.553e-10
193.250, -8.550e-10
193.500, -8.554e-10
193.750, -8.524e-10
194.000, -8.519e-10
194.250, -8.505e-10
194.500, -8.500e-10
194.750, -8.486e-10
195.000, -8.492e-10
195.250, -8.507e-10
195.500, -8.545e-10
195.750, -8.588e-10
196.000, -8.598e-10
196.250, -8.650e-10
196.500, -8.627e-10
196.750, -8.682e-10
197.000, -8.656e-10
197.250, -8.689e-10
197.500, -8.650e-10
197.750, -8.634e-10
198.000, -8.605e-10
198.250, -8.583e-10
198.500, -8.556e-10
198.750, -8.558e-10
199.000, -8.539e-10
199.250, -8.530e-10
199.500, -8.497e-10
199.750, -8.481e-10
200.000, -8.437e-10
200.250, -8.465e-10
200.500, -8.438e-10
200.750, -8.443e-10
201.000, -8.443e-10
201.250, -8.394e-10
201.500, -8.365e-10
201.750, -8.327e-10
202.000, -8.288e-10
202.250, -8.263e-10
202.500, -8.262e-10
202.750, -8.223e-10
203.000, -8.218e-10
203.250, -8.191e-10
203.500, -8.208e-10
203.750, -8.201e-10
204.000, -8.231e-10
204.250, -8.212e-10
204.500, -8.235e-10
204.750, -8.210e-10
205.000, -8.235e-10
205.250, -8.257e-10
205.500, -8.252e-10
205.750, -8.276e-10
206.000, -8.264e-10
206.250, -8.246e-10
206.500, -8.272e-10
206.750, -8.268e-10
207.000, -8.315e-10
207.250, -8.313e-10
207.500, -8.331e-10
207.750, -8.339e-10
208.000, -8.343e-10
208.250, -8.337e-10
208.500, -8.393e-10
208.750, -8.366e-10
209.000, -8.442e-10
209.250, -8.416e-10
209.500, -8.451e-10
209.750, -8.441e-10
210.000, -8.475e-10
210.250, -8.462e-10
210.500, -8.492e-10
210.750, -8.501e-10
211.000, -8.494e-10
211.250, -8.511e-10
211.500, -8.542e-10
211.750, -8.560e-10
212.000, -8.594e-10
212.250, -8.625e-10
212.500, -8.625e-10
212.750, -8.645e-10
213.000, -8.637e-10
213.250, -8.650e-10
213.500, -8.670e-10
213.750, -8.661e-10
214.000, -8.710e-10
214.250, -8.725e-10
214.500, -8.728e-10
214.750, -8.753e-10
215.000, -8.758e-10
215.250, -8.767e-10
215.500, -8.788e-10
215.750, -8.785e-10
216.000, -8.816e-10
216.250, -8.778e-10
216.500, -8.830e-10
216.750, -8.812e-10
217.000, -8.859e-10
217.250, -8.870e-10
217.500, -8.905e-10
217.750, -8.910e-10
218.000, -8.918e-10
218.250, -8.926e-10
218.500, -8.950e-10
218.750, -8.969e-10
219.000, -8.977e-10
219.250, -9.004e-10
219.500, -8.981e-10
219.750, -9.006e-10
220.000, -8.987e-10
220.250, -9.011e-10
220.500, -9.004e-10
220.750, -9.037e-10
221.000, -9.000e-10
221.250, -9.050e-10
221.500, -9.032e-10
221.750, -9.057e-10
222.000, -9.083e-10
222.250, -9.064e-10
222.500, -9.085e-10
222.750, -9.056e-10
223.000, -9.064e-10
223.250, -9.070e-10
223.500, -9.070e-10
223.750, -9.093e-10
224.000, -9.086e-10
224.250, -9.094e-10
224.500, -9.097e-10
224.750, -9.109e-10
225.000, -9.146e-10
225.250, -9.147e-10
225.500, -9.173e-10
225.750, -9.198e-10
226.000, -9.185e-10
226.250, -9.229e-10
226.500, -9.222e-10
226.750, -9.274e-10
227.000, -9.269e-10
227.250, -9.303e-10
227.500, -9.318e-10
227.750, -9.340e-10
228.000, -9.361e-10
228.250, -9.394e-10
228.500, -9.408e-10
228.750, -9.422e-10
229.000, -9.456e-10
229.250, -9.488e-10
229.500, -9.502e-10
229.750, -9.524e-10
230.000, -9.527e-10
230.250, -9.571e-10
230.500, -9.561e-10
230.750, -9.591e-10
231.000, -9.615e-10
231.250, -9.610e-10
231.500, -9.663e-10
231.750, -9.649e-10
232.000, -9.685e-10
232.250, -9.689e-10
232.500, -9.716e-10
232.750, -9.735e-10
233.000, -9.748e-10
233.250, -9.772e-10
233.500, -9.784e-10
233.750, -9.805e-10
234.000, -9.824e-10
234.250, -9.860e-10
234.500, -9.860e-10
234.750, -9.896e-10
235.000, -9.904e-10
235.250, -9.946e-10
235.500, -9.960e-10
235.750, -1.001e-9
236.000, -9.996e-10
236.250, -1.007e-9
236.500, -1.006e-9
236.750, -1.014e-9
237.000, -1.015e-9
237.250, -1.024e-9
237.500, -1.026e-9
237.750, -1.034e-9
238.000, -1.037e-9
238.250, -1.042e-9
238.500, -1.047e-9
238.750, -1.051e-9
239.000, -1.057e-9
239.250, -1.063e-9
239.500, -1.068e-9
239.750, -1.076e-9
240.000, -1.079e-9
240.250, -1.084e-9
240.500, -1.090e-9
240.750, -1.091e-9
241.000, -1.099e-9
241.250, -1.098e-9
241.500, -1.107e-9
241.750, -1.111e-9
242.000, -1.115e-9
242.250, -1.120e-9
242.500, -1.124e-9
242.750, -1.127e-9
243.000, -1.133e-9
243.250, -1.135e-9
243.500, -1.140e-9
243.750, -1.146e-9
244.000, -1.148e-9
244.250, -1.153e-9
244.500, -1.160e-9
244.750, -1.162e-9
245.000, -1.172e-9
245.250, -1.176e-9
245.500, -1.181e-9
245.750, -1.187e-9
246.000, -1.193e-9
246.250, -1.196e-9
246.500, -1.208e-9
246.750, -1.213e-9
247.000, -1.224e-9
247.250, -1.234e-9
247.500, -1.247e-9
247.750, -1.257e-9
248.000, -1.273e-9
248.250, -1.281e-9
248.500, -1.292e-9
248.750, -1.307e-9
249.000, -1.316e-9
249.250, -1.331e-9
249.500, -1.346e-9
249.750, -1.359e-9
250.000, -1.373e-9
250.250, -1.386e-9
250.500, -1.397e-9
250.750, -1.412e-9
251.000, -1.423e-9
251.250, -1.433e-9
251.500, -1.452e-9
251.750, -1.463e-9
252.000, -1.484e-9
252.250, -1.500e-9
252.500, -1.519e-9
252.750, -1.533e-9
253.000, -1.549e-9
253.250, -1.565e-9
253.500, -1.579e-9
253.750, -1.593e-9
254.000, -1.613e-9
254.250, -1.635e-9
254.500, -1.658e-9
254.750, -1.681e-9
255.000, -1.708e-9
255.250, -1.724e-9
255.500, -1.748e-9
255.750, -1.766e-9
256.000, -1.784e-9
256.250, -1.801e-9
256.500, -1.823e-9
256.750, -1.851e-9
257.000, -1.878e-9
257.250, -1.906e-9
257.500, -1.935e-9
257.750, -1.966e-9
258.000, -1.993e-9
258.250, -2.019e-9
258.500, -2.045e-9
258.750, -2.070e-9
259.000, -2.100e-9
259.250, -2.134e-9
259.500, -2.166e-9
259.750, -2.197e-9
260.000, -2.230e-9
260.250, -2.254e-9
260.500, -2.281e-9
260.750, -2.306e-9
261.000, -2.335e-9
261.250, -2.360e-9
261.500, -2.390e-9
261.750, -2.430e-9
262.000, -2.467e-9
262.250, -2.510e-9
262.500, -2.548e-9
262.750, -2.584e-9
263.000, -2.620e-9
263.250, -2.655e-9
263.500, -2.685e-9
263.750, -2.716e-9
264.000, -2.753e-9
264.250, -2.797e-9
264.500, -2.840e-9
264.750, -2.883e-9
265.000, -2.921e-9
265.250, -2.959e-9
265.500, -2.992e-9
265.750, -3.026e-9
266.000, -3.053e-9
266.250, -3.083e-9
266.500, -3.115e-9
266.750, -3.154e-9
267.000, -3.196e-9
267.250, -3.235e-9
267.500, -3.274e-9
267.750, -3.311e-9
268.000, -3.343e-9
268.250, -3.375e-9
268.500, -3.406e-9
268.750, -3.434e-9
269.000, -3.466e-9
269.250, -3.503e-9
269.500, -3.536e-9
269.750, -3.569e-9
270.000, -3.600e-9
270.250, -3.630e-9
270.500, -3.660e-9
270.750, -3.691e-9
271.000, -3.718e-9
271.250, -3.746e-9
271.500, -3.776e-9
271.750, -3.817e-9
272.000, -3.858e-9
272.250, -3.899e-9
272.500, -3.934e-9
272.750, -3.970e-9
273.000, -4.004e-9
273.250, -4.036e-9
273.500, -4.066e-9
273.750, -4.097e-9
274.000, -4.130e-9
274.250, -4.169e-9
274.500, -4.209e-9
274.750, -4.242e-9
275.000, -4.279e-9
275.250, -4.305e-9
275.500, -4.338e-9
275.750, -4.360e-9
276.000, -4.386e-9
276.250, -4.407e-9
276.500, -4.437e-9
276.750, -4.468e-9
277.000, -4.503e-9
277.250, -4.535e-9
277.500, -4.566e-9
277.750, -4.596e-9
278.000, -4.624e-9
278.250, -4.654e-9
278.500, -4.674e-9
278.750, -4.702e-9
279.000, -4.722e-9
279.250, -4.753e-9
279.500, -4.776e-9
279.750, -4.803e-9
280.000, -4.824e-9
280.250, -4.848e-9
280.500, -4.866e-9
280.750, -4.892e-9
281.000, -4.908e-9
281.250, -4.931e-9
281.500, -4.952e-9
281.750, -4.981e-9
282.000, -5.011e-9
282.250, -5.039e-9
282.500, -5.066e-9
282.750, -5.091e-9
283.000, -5.114e-9
283.250, -5.138e-9
283.500, -5.157e-9
283.750, -5.179e-9
284.000, -5.199e-9
284.250, -5.228e-9
284.500, -5.253e-9
284.750, -5.280e-9
285.000, -5.302e-9
285.250, -5.325e-9
285.500, -5.342e-9
285.750, -5.362e-9
286.000, -5.376e-9
286.250, -5.394e-9
286.500, -5.413e-9
286.750, -5.434e-9
287.000, -5.457e-9
287.250, -5.476e-9
287.500, -5.496e-9
287.750, -5.512e-9
288.000, -5.531e-9
288.250, -5.544e-9
288.500, -5.559e-9
288.750, -5.570e-9
289.000, -5.586e-9
289.250, -5.601e-9
289.500, -5.618e-9
289.750, -5.635e-9
290.000, -5.650e-9
290.250, -5.665e-9
290.500, -5.677e-9
290.750, -5.692e-9
291.000, -5.704e-9
291.250, -5.721e-9
291.500, -5.735e-9
291.750, -5.760e-9
292.000, -5.781e-9
292.250, -5.803e-9
292.500, -5.822e-9
292.750, -5.841e-9
293.000, -5.855e-9
293.250, -5.871e-9
293.500, -5.883e-9
293.750, -5.894e-9
294.000, -5.909e-9
294.250, -5.924e-9
294.500, -5.939e-9
294.750, -5.952e-9
295.000, -5.961e-9
295.250, -5.968e-9
295.500, -5.975e-9
295.750, -5.980e-9
296.000, -5.985e-9
296.250, -5.990e-9
296.500, -5.996e-9
296.750, -5.998e-9
297.000, -6.003e-9
297.250, -6.006e-9
297.500, -6.009e-9
297.750, -6.012e-9
298.000, -6.015e-9
298.250, -6.014e-9
298.500, -6.015e-9
298.750, -6.014e-9
299.000, -6.015e-9
299.250, -6.017e-9
299.500, -6.019e-9
299.750, -6.021e-9
300.000, -6.023e-9
300.250, -6.024e-9
300.500, -6.025e-9
300.750, -6.026e-9
301.000, -6.028e-9
301.250, -6.030e-9
301.500, -6.031e-9
301.750, -6.035e-9
302.000, -6.034e-9
302.250, -6.035e-9
302.500, -6.036e-9
302.750, -6.035e-9
303.000, -6.036e-9
303.250, -6.034e-9
303.500, -6.033e-9
303.750, -6.034e-9
304.000, -6.030e-9
304.250, -6.033e-9
304.500, -6.027e-9
304.750, -6.025e-9
305.000, -6.023e-9
305.250, -6.017e-9
305.500, -6.015e-9
305.750, -6.013e-9
306.000, -6.008e-9
306.250, -6.007e-9
306.500, -6.000e-9
306.750, -5.995e-9
307.000, -5.989e-9
307.250, -5.980e-9
307.500, -5.975e-9
307.750, -5.968e-9
308.000, -5.960e-9
308.250, -5.953e-9
308.500, -5.945e-9
308.750, -5.938e-9
309.000, -5.929e-9
309.250, -5.917e-9
309.500, -5.913e-9
309.750, -5.901e-9
310.000, -5.893e-9
310.250, -5.886e-9
310.500, -5.878e-9
310.750, -5.874e-9
311.000, -5.868e-9
311.250, -5.864e-9
311.500, -5.855e-9
311.750, -5.848e-9
312.000, -5.840e-9
312.250, -5.835e-9
312.500, -5.831e-9
312.750, -5.827e-9
313.000, -5.825e-9
313.250, -5.824e-9
313.500, -5.824e-9
313.750, -5.823e-9
314.000, -5.829e-9
314.250, -5.831e-9
314.500, -5.838e-9
314.750, -5.846e-9
315.000, -5.853e-9
315.250, -5.862e-9
315.500, -5.870e-9
315.750, -5.877e-9
316.000, -5.886e-9
316.250, -5.890e-9
316.500, -5.903e-9
316.750, -5.915e-9
317.000, -5.933e-9
317.250, -5.947e-9
317.500, -5.966e-9
317.750, -5.976e-9
318.000, -5.994e-9
318.250, -6.005e-9
318.500, -6.019e-9
318.750, -6.032e-9
319.000, -6.048e-9
319.250, -6.067e-9
319.500, -6.084e-9
319.750, -6.100e-9
320.000, -6.115e-9
320.250, -6.132e-9
320.500, -6.144e-9
320.750, -6.161e-9
321.000, -6.173e-9
321.250, -6.186e-9
321.500, -6.199e-9
321.750, -6.224e-9
322.000, -6.243e-9
322.250, -6.269e-9
322.500, -6.288e-9
322.750, -6.308e-9
323.000, -6.327e-9
323.250, -6.343e-9
323.500, -6.357e-9
323.750, -6.375e-9
324.000, -6.394e-9
324.250, -6.416e-9
324.500, -6.443e-9
324.750, -6.466e-9
325.000, -6.486e-9
325.250, -6.496e-9
325.500, -6.512e-9
325.750, -6.520e-9
326.000, -6.532e-9
326.250, -6.542e-9
326.500, -6.551e-9
326.750, -6.559e-9
327.000, -6.572e-9
327.250, -6.575e-9
327.500, -6.585e-9
327.750, -6.587e-9
328.000, -6.594e-9
328.250, -6.596e-9
328.500, -6.597e-9
328.750, -6.597e-9
329.000, -6.597e-9
329.250, -6.599e-9
329.500, -6.601e-9
329.750, -6.599e-9
330.000, -6.599e-9
330.250, -6.597e-9
330.500, -6.597e-9
330.750, -6.596e-9
331.000, -6.595e-9
331.250, -6.592e-9
331.500, -6.592e-9
331.750, -6.587e-9
332.000, -6.588e-9
332.250, -6.583e-9
332.500, -6.583e-9
332.750, -6.579e-9
333.000, -6.576e-9
333.250, -6.573e-9
333.500, -6.569e-9
333.750, -6.569e-9
334.000, -6.565e-9
334.250, -6.560e-9
334.500, -6.554e-9
334.750, -6.548e-9
335.000, -6.546e-9
335.250, -6.541e-9
335.500, -6.528e-9
335.750, -6.524e-9
336.000, -6.525e-9
336.250, -6.528e-9
336.500, -6.531e-9
336.750, -6.535e-9
337.000, -6.538e-9
337.250, -6.541e-9
337.500, -6.544e-9
337.750, -6.547e-9
338.000, -6.549e-9
338.250, -6.551e-9
338.500, -6.552e-9
338.750, -6.554e-9
339.000, -6.548e-9
339.250, -6.464e-9
339.500, -6.422e-9
339.750, -6.409e-9
340.000, -6.406e-9
340.250, -6.406e-9
340.500, -6.406e-9
340.750, -6.407e-9
341.000, -6.408e-9
341.250, -6.409e-9
341.500, -6.410e-9
341.750, -6.411e-9
342.000, -6.414e-9
342.250, -6.416e-9
342.500, -6.417e-9
342.750, -6.418e-9
343.000, -6.419e-9
343.250, -6.421e-9
343.500, -6.360e-9
343.750, -6.291e-9
344.000, -6.271e-9
344.250, -6.264e-9
344.500, -6.262e-9
344.750, -6.262e-9
345.000, -6.262e-9
345.250, -6.263e-9
345.500, -6.263e-9
345.750, -6.264e-9
346.000, -6.264e-9
346.250, -6.265e-9
346.500, -6.265e-9
346.750, -6.267e-9
347.000, -6.268e-9
347.250, -6.269e-9
347.500, -6.270e-9
347.750, -6.271e-9
348.000, -6.272e-9
348.250, -6.273e-9
348.500, -6.273e-9
348.750, -6.274e-9
349.000, -6.275e-9
349.250, -6.282e-9
349.500, -6.218e-9
349.750, -6.186e-9
350.000, -6.175e-9
350.250, -6.171e-9
350.500, -6.170e-9
350.750, -6.169e-9
351.000, -6.169e-9
351.250, -6.169e-9
351.500, -6.170e-9
351.750, -6.171e-9
352.000, -6.172e-9
352.250, -6.173e-9
352.500, -6.174e-9
352.750, -6.175e-9
353.000, -6.176e-9
353.250, -6.176e-9
353.500, -6.177e-9
353.750, -6.178e-9
354.000, -6.179e-9
354.250, -6.179e-9
354.500, -6.181e-9
354.750, -6.182e-9
355.000, -6.183e-9
355.250, -6.184e-9
355.500, -6.185e-9
355.750, -6.186e-9
356.000, -6.192e-9
356.250, -6.333e-9
356.500, -6.426e-9
356.750, -6.452e-9
357.000, -6.459e-9
357.250, -6.461e-9
357.500, -6.461e-9
357.750, -6.461e-9
358.000, -6.461e-9
358.250, -6.461e-9
358.500, -6.461e-9
358.750, -6.462e-9
359.000, -6.462e-9
359.250, -6.463e-9
359.500, -6.464e-9
359.750, -6.464e-9
360.000, -6.465e-9
360.250, -6.466e-9
360.500, -6.466e-9
360.750, -6.467e-9
361.000, -6.467e-9
361.250, -6.468e-9
361.500, -6.470e-9
361.750, -6.471e-9
362.000, -6.472e-9
362.250, -6.474e-9
362.500, -6.475e-9
362.750, -6.477e-9
363.000, -6.480e-9
363.250, -6.487e-9
363.500, -6.617e-9
363.750, -6.731e-9
364.000, -6.770e-9
364.250, -6.786e-9
364.500, -6.804e-9
364.750, -6.888e-9
365.000, -6.959e-9
365.250, -7.014e-9
365.500, -7.063e-9
365.750, -7.091e-9
366.000, -7.104e-9
366.250, -7.111e-9
366.500, -7.118e-9
366.750, -7.147e-9
367.000, -7.184e-9
367.250, -7.209e-9
367.500, -7.238e-9
367.750, -7.258e-9
368.000, -7.270e-9
368.250, -7.280e-9
368.500, -7.291e-9
368.750, -7.298e-9
369.000, -7.303e-9
369.250, -7.309e-9
369.500, -7.312e-9
369.750, -7.314e-9
370.000, -7.313e-9
370.250, -7.311e-9
370.500, -7.308e-9
370.750, -7.304e-9
371.000, -7.297e-9
371.250, -7.290e-9
371.500, -7.283e-9
371.750, -7.271e-9
372.000, -7.248e-9
372.250, -7.214e-9
372.500, -7.187e-9
372.750, -7.167e-9
373.000, -7.149e-9
373.250, -7.130e-9
373.500, -7.106e-9
373.750, -7.077e-9
374.000, -7.054e-9
374.250, -7.033e-9
374.500, -7.004e-9
374.750, -6.968e-9
375.000, -6.940e-9
375.250, -6.921e-9
375.500, -6.904e-9
375.750, -6.892e-9
376.000, -6.881e-9
376.250, -6.859e-9
376.500, -6.828e-9
376.750, -6.796e-9
377.000, -6.761e-9
377.250, -6.719e-9
377.500, -6.678e-9
377.750, -6.653e-9
378.000, -6.633e-9
378.250, -6.615e-9
378.500, -6.602e-9
378.750, -6.591e-9
379.000, -6.579e-9
379.250, -6.544e-9
379.500, -6.502e-9
379.750, -6.474e-9
380.000, -6.451e-9
380.250, -6.434e-9
380.500, -6.422e-9
380.750, -6.412e-9
381.000, -6.402e-9
381.250, -6.390e-9
381.500, -6.378e-9
381.750, -6.366e-9
382.000, -6.353e-9
382.250, -6.334e-9
382.500, -6.319e-9
382.750, -6.309e-9
383.000, -6.303e-9
383.250, -6.298e-9
383.500, -6.294e-9
383.750, -6.289e-9
384.000, -6.284e-9
384.250, -6.271e-9
384.500, -6.259e-9
384.750, -6.253e-9
385.000, -6.250e-9
385.250, -6.249e-9
385.500, -6.249e-9
385.750, -6.249e-9
386.000, -6.250e-9
386.250, -6.252e-9
386.500, -6.254e-9
386.750, -6.272e-9
387.000, -6.297e-9
387.250, -6.317e-9
387.500, -6.335e-9
387.750, -6.348e-9
388.000, -6.360e-9
388.250, -6.373e-9
388.500, -6.396e-9
388.750, -6.427e-9
389.000, -6.459e-9
389.250, -6.487e-9
389.500, -6.517e-9
389.750, -6.553e-9
390.000, -6.583e-9
390.250, -6.610e-9
390.500, -6.640e-9
390.750, -6.669e-9
391.000, -6.691e-9
391.250, -6.708e-9
391.500, -6.726e-9
391.750, -6.746e-9
392.000, -6.791e-9
392.250, -6.841e-9
392.500, -6.879e-9
392.750, -6.909e-9
393.000, -6.934e-9
393.250, -6.954e-9
393.500, -6.967e-9
393.750, -6.978e-9
394.000, -6.987e-9
394.250, -6.998e-9
394.500, -7.009e-9
394.750, -7.017e-9
395.000, -7.021e-9
395.250, -7.020e-9
395.500, -7.016e-9
395.750, -7.013e-9
396.000, -7.009e-9
396.250, -7.005e-9
396.500, -7.000e-9
396.750, -6.992e-9
397.000, -6.982e-9
397.250, -6.967e-9
397.500, -6.944e-9
397.750, -6.919e-9
398.000, -6.898e-9
398.250, -6.880e-9
398.500, -6.857e-9
398.750, -6.834e-9
399.000, -6.809e-9
399.250, -6.784e-9
399.500, -6.756e-9
399.750, -6.725e-9
400.000, -6.693e-9
400.250, -6.666e-9
400.500, -6.643e-9
400.750, -6.622e-9
401.000, -6.601e-9
401.250, -6.582e-9
401.500, -6.559e-9
401.750, -6.527e-9
402.000, -6.482e-9
402.250, -6.419e-9
402.500, -6.348e-9
402.750, -6.284e-9
403.000, -6.223e-9
403.250, -6.174e-9
403.500, -6.132e-9
403.750, -6.087e-9
404.000, -6.035e-9
404.250, -5.966e-9
404.500, -5.880e-9
404.750, -5.789e-9
405.000, -5.685e-9
405.250, -5.587e-9
405.500, -5.513e-9
405.750, -5.452e-9
406.000, -5.394e-9
406.250, -5.333e-9
406.500, -5.272e-9
406.750, -5.200e-9
407.000, -5.118e-9
407.250, -5.036e-9
407.500, -4.954e-9
407.750, -4.878e-9
408.000, -4.815e-9
408.250, -4.763e-9
408.500, -4.713e-9
408.750, -4.661e-9
409.000, -4.607e-9
409.250, -4.544e-9
409.500, -4.480e-9
409.750, -4.415e-9
410.000, -4.348e-9
410.250, -4.291e-9
410.500, -4.246e-9
410.750, -4.208e-9
411.000, -4.172e-9
411.250, -4.137e-9
411.500, -4.099e-9
411.750, -4.049e-9
412.000, -3.985e-9
412.250, -3.914e-9
412.500, -3.854e-9
412.750, -3.801e-9
413.000, -3.751e-9
413.250, -3.707e-9
413.500, -3.668e-9
413.750, -3.630e-9
414.000, -3.594e-9
414.250, -3.554e-9
414.500, -3.506e-9
414.750, -3.457e-9
415.000, -3.413e-9
415.250, -3.376e-9
415.500, -3.343e-9
415.750, -3.312e-9
416.000, -3.280e-9
416.250, -3.251e-9
416.500, -3.225e-9
416.750, -3.198e-9
417.000, -3.167e-9
417.250, -3.130e-9
417.500, -3.089e-9
417.750, -3.048e-9
418.000, -3.012e-9
418.250, -2.981e-9
418.500, -2.954e-9
418.750, -2.926e-9
419.000, -2.897e-9
419.250, -2.863e-9
419.500, -2.825e-9
419.750, -2.786e-9
420.000, -2.745e-9
420.250, -2.705e-9
420.500, -2.669e-9
420.750, -2.637e-9
421.000, -2.608e-9
421.250, -2.580e-9
421.500, -2.550e-9
421.750, -2.516e-9
422.000, -2.474e-9
422.250, -2.427e-9
422.500, -2.384e-9
422.750, -2.345e-9
423.000, -2.311e-9
423.250, -2.280e-9
423.500, -2.253e-9
423.750, -2.225e-9
424.000, -2.197e-9
424.250, -2.166e-9
424.500, -2.128e-9
424.750, -2.089e-9
425.000, -2.050e-9
425.250, -2.013e-9
425.500, -1.981e-9
425.750, -1.951e-9
426.000, -1.926e-9
426.250, -1.902e-9
426.500, -1.878e-9
426.750, -1.850e-9
427.000, -1.817e-9
427.250, -1.779e-9
427.500, -1.742e-9
427.750, -1.707e-9
428.000, -1.674e-9
428.250, -1.643e-9
428.500, -1.615e-9
428.750, -1.587e-9
429.000, -1.560e-9
429.250, -1.530e-9
429.500, -1.498e-9
429.750, -1.464e-9
430.000, -1.430e-9
430.250, -1.398e-9
430.500, -1.369e-9
430.750, -1.345e-9
431.000, -1.323e-9
431.250, -1.302e-9
431.500, -1.279e-9
431.750, -1.252e-9
432.000, -1.220e-9
432.250, -1.187e-9
432.500, -1.155e-9
432.750, -1.129e-9
433.000, -1.108e-9
433.250, -1.091e-9
433.500, -1.076e-9
433.750, -1.060e-9
434.000, -1.045e-9
434.250, -1.030e-9
434.500, -1.013e-9
434.750, -9.952e-10
435.000, -9.791e-10
435.250, -9.643e-10
435.500, -9.503e-10
435.750, -9.382e-10
436.000, -9.286e-10
436.250, -9.202e-10
436.500, -9.118e-10
436.750, -9.019e-10
437.000, -8.902e-10
437.250, -8.783e-10
437.500, -8.677e-10
437.750, -8.586e-10
438.000, -8.502e-10
438.250, -8.421e-10
438.500, -8.349e-10
438.750, -8.286e-10
439.000, -8.230e-10
439.250, -8.174e-10
439.500, -8.119e-10
439.750, -8.054e-10
440.000, -7.984e-10
440.250, -7.919e-10
440.500, -7.854e-10
440.750, -7.804e-10
441.000, -7.762e-10
441.250, -7.722e-10
441.500, -7.688e-10
441.750, -7.641e-10
442.000, -7.585e-10
442.250, -7.514e-10
442.500, -7.440e-10
442.750, -7.373e-10
443.000, -7.315e-10
443.250, -7.267e-10
443.500, -7.221e-10
443.750, -7.180e-10
444.000, -7.143e-10
444.250, -7.105e-10
444.500, -7.069e-10
444.750, -7.036e-10
445.000, -7.000e-10
445.250, -6.967e-10
445.500, -6.937e-10
445.750, -6.906e-10
446.000, -6.879e-10
446.250, -6.855e-10
446.500, -6.835e-10
446.750, -6.814e-10
447.000, -6.794e-10
447.250, -6.774e-10
447.500, -6.750e-10
447.750, -6.730e-10
448.000, -6.711e-10
448.250, -6.691e-10
448.500, -6.675e-10
448.750, -6.661e-10
449.000, -6.648e-10
449.250, -6.634e-10
449.500, -6.618e-10
449.750, -6.605e-10
450.000, -6.589e-10
450.250, -6.573e-10
450.500, -6.561e-10
450.750, -6.550e-10
451.000, -6.539e-10
451.250, -6.529e-10
451.500, -6.521e-10
451.750, -6.512e-10
452.000, -6.499e-10
452.250, -6.487e-10
452.500, -6.474e-10
452.750, -6.463e-10
453.000, -6.450e-10
453.250, -6.440e-10
453.500, -6.430e-10
453.750, -6.422e-10
454.000, -6.413e-10
454.250, -6.402e-10
454.500, -6.394e-10
454.750, -6.387e-10
455.000, -6.380e-10
455.250, -6.374e-10
455.500, -6.363e-10
455.750, -6.354e-10
456.000, -6.348e-10
456.250, -6.341e-10
456.500, -6.336e-10
456.750, -6.328e-10
457.000, -6.317e-10
457.250, -6.309e-10
457.500, -6.303e-10
457.750, -6.296e-10
458.000, -6.291e-10
458.250, -6.283e-10
458.500, -6.275e-10
458.750, -6.270e-10
459.000, -6.264e-10
459.250, -6.256e-10
459.500, -6.249e-10
459.750, -6.244e-10
460.000, -6.238e-10
460.250, -6.233e-10
460.500, -6.228e-10
460.750, -6.222e-10
461.000, -6.217e-10
461.250, -6.211e-10
461.500, -6.205e-10
461.750, -6.197e-10
462.000, -6.188e-10
462.250, -6.184e-10
462.500, -6.178e-10
462.750, -6.174e-10
463.000, -6.169e-10
463.250, -6.164e-10
463.500, -6.159e-10
463.750, -6.156e-10
464.000, -6.152e-10
464.250, -6.146e-10
464.500, -6.137e-10
464.750, -6.128e-10
465.000, -6.123e-10
465.250, -6.115e-10
465.500, -6.109e-10
465.750, -6.103e-10
466.000, -6.102e-10
466.250, -6.095e-10
466.500, -6.091e-10
466.750, -6.083e-10
467.000, -6.077e-10
467.250, -6.072e-10
467.500, -6.067e-10
467.750, -6.061e-10
468.000, -6.057e-10
468.250, -6.054e-10
468.500, -6.049e-10
468.750, -6.045e-10
469.000, -6.041e-10
469.250, -6.034e-10
469.500, -6.028e-10
469.750, -6.022e-10
470.000, -6.017e-10
470.250, -6.013e-10
470.500, -6.009e-10
470.750, -6.004e-10
471.000, -6.003e-10
471.250, -6.001e-10
471.500, -5.995e-10
471.750, -5.989e-10
472.000, -5.982e-10
472.250, -5.977e-10
472.500, -5.984e-10
472.750, -6.069e-10
473.000, -6.026e-10
473.250, -5.992e-10
473.500, -5.974e-10
473.750, -5.965e-10
474.000, -5.957e-10
474.250, -5.947e-10
474.500, -5.940e-10
474.750, -5.934e-10
475.000, -5.929e-10
475.250, -5.924e-10
475.500, -5.922e-10
475.750, -5.920e-10
476.000, -5.918e-10
476.250, -5.914e-10
476.500, -5.910e-10
476.750, -5.904e-10
477.000, -5.900e-10
477.250, -5.896e-10
477.500, -5.893e-10
477.750, -5.889e-10
478.000, -5.886e-10
478.250, -5.884e-10
478.500, -5.881e-10
478.750, -5.878e-10
479.000, -5.875e-10
479.250, -5.868e-10
479.500, -5.863e-10
479.750, -5.859e-10
480.000, -5.857e-10
480.250, -5.852e-10
480.500, -5.852e-10
480.750, -5.850e-10
481.000, -5.847e-10
481.250, -5.845e-10
481.500, -5.839e-10
481.750, -5.837e-10
482.000, -5.829e-10
482.250, -5.826e-10
482.500, -5.821e-10
482.750, -5.818e-10
483.000, -5.816e-10
483.250, -5.815e-10
483.500, -5.813e-10
483.750, -5.810e-10
484.000, -5.808e-10
484.250, -5.801e-10
484.500, -5.796e-10
484.750, -5.793e-10
485.000, -5.792e-10
485.250, -5.788e-10
485.500, -5.787e-10
485.750, -5.785e-10
486.000, -5.783e-10
486.250, -5.782e-10
486.500, -5.778e-10
486.750, -5.774e-10
487.000, -5.768e-10
487.250, -5.767e-10
487.500, -5.763e-10
487.750, -5.762e-10
488.000, -5.757e-10
488.250, -5.756e-10
488.500, -5.754e-10
488.750, -5.752e-10
489.000, -5.748e-10
489.250, -5.745e-10
489.500, -5.741e-10
489.750, -5.738e-10
490.000, -5.738e-10
490.250, -5.735e-10
490.500, -5.736e-10
490.750, -5.734e-10
491.000, -5.732e-10
491.250, -5.729e-10
491.500, -5.727e-10
491.750, -5.724e-10
492.000, -5.722e-10
492.250, -5.719e-10
492.500, -5.719e-10
492.750, -5.715e-10
493.000, -5.712e-10
493.250, -5.712e-10
493.500, -5.712e-10
493.750, -5.709e-10
494.000, -5.707e-10
494.250, -5.706e-10
494.500, -5.702e-10
494.750, -5.698e-10
495.000, -5.697e-10
495.250, -5.695e-10
495.500, -5.693e-10
495.750, -5.689e-10
496.000, -5.687e-10
496.250, -5.686e-10
496.500, -5.682e-10
496.750, -5.678e-10
497.000, -5.671e-10
497.250, -5.667e-10
497.500, -5.665e-10
497.750, -5.664e-10
498.000, -5.659e-10
498.250, -5.658e-10
498.500, -5.655e-10
498.750, -5.652e-10
499.000, -5.648e-10
499.250, -5.643e-10
499.500, -5.638e-10
499.750, -5.636e-10
500.000, -5.633e-10
