Distance/um, Current/A

0.250, 1.907e-8
0.500, 1.906e-8
0.750, 1.905e-8
1.000, 1.904e-8
1.250, 1.902e-8
1.500, 1.901e-8
1.750, 1.900e-8
2.000, 1.899e-8
2.250, 1.898e-8
2.500, 1.897e-8
2.750, 1.897e-8
3.000, 1.896e-8
3.250, 1.895e-8
3.500, 1.894e-8
3.750, 1.893e-8
4.000, 1.892e-8
4.250, 1.891e-8
4.500, 1.890e-8
4.750, 1.890e-8
5.000, 1.890e-8
5.250, 1.889e-8
5.500, 1.889e-8
5.750, 1.889e-8
6.000, 1.889e-8
6.250, 1.889e-8
6.500, 1.889e-8
6.750, 1.889e-8
7.000, 1.889e-8
7.250, 1.889e-8
7.500, 1.889e-8
7.750, 1.890e-8
8.000, 1.889e-8
8.250, 1.890e-8
8.500, 1.890e-8
8.750, 1.890e-8
9.000, 1.890e-8
9.250, 1.890e-8
9.500, 1.890e-8
9.750, 1.890e-8
10.000, 1.890e-8
10.250, 1.890e-8
10.500, 1.890e-8
10.750, 1.890e-8
11.000, 1.889e-8
11.250, 1.889e-8
11.500, 1.889e-8
11.750, 1.889e-8
12.000, 1.889e-8
12.250, 1.889e-8
12.500, 1.889e-8
12.750, 1.889e-8
13.000, 1.889e-8
13.250, 1.889e-8
13.500, 1.889e-8
13.750, 1.889e-8
14.000, 1.890e-8
14.250, 1.889e-8
14.500, 1.889e-8
14.750, 1.889e-8
15.000, 1.889e-8
15.250, 1.888e-8
15.500, 1.887e-8
15.750, 1.886e-8
16.000, 1.885e-8
16.250, 1.884e-8
16.500, 1.883e-8
16.750, 1.881e-8
17.000, 1.879e-8
17.250, 1.876e-8
17.500, 1.873e-8
17.750, 1.870e-8
18.000, 1.866e-8
18.250, 1.862e-8
18.500, 1.860e-8
18.750, 1.858e-8
19.000, 1.856e-8
19.250, 1.855e-8
19.500, 1.853e-8
19.750, 1.852e-8
20.000, 1.851e-8
20.250, 1.849e-8
20.500, 1.848e-8
20.750, 1.847e-8
21.000, 1.846e-8
21.250, 1.844e-8
21.500, 1.842e-8
21.750, 1.841e-8
22.000, 1.839e-8
22.250, 1.838e-8
22.500, 1.837e-8
22.750, 1.835e-8
23.000, 1.834e-8
23.250, 1.833e-8
23.500, 1.831e-8
23.750, 1.830e-8
24.000, 1.829e-8
24.250, 1.828e-8
24.500, 1.827e-8
24.750, 1.826e-8
25.000, 1.825e-8
25.250, 1.825e-8
25.500, 1.824e-8
25.750, 1.824e-8
26.000, 1.824e-8
26.250, 1.824e-8
26.500, 1.823e-8
26.750, 1.823e-8
27.000, 1.823e-8
27.250, 1.823e-8
27.500, 1.823e-8
27.750, 1.823e-8
28.000, 1.824e-8
28.250, 1.824e-8
28.500, 1.824e-8
28.750, 1.824e-8
29.000, 1.824e-8
29.250, 1.824e-8
29.500, 1.824e-8
29.750, 1.824e-8
30.000, 1.824e-8
30.250, 1.824e-8
30.500, 1.825e-8
30.750, 1.825e-8
31.000, 1.824e-8
31.250, 1.824e-8
31.500, 1.824e-8
31.750, 1.823e-8
32.000, 1.823e-8
32.250, 1.822e-8
32.500, 1.822e-8
32.750, 1.821e-8
33.000, 1.820e-8
33.250, 1.819e-8
33.500, 1.817e-8
33.750, 1.816e-8
34.000, 1.814e-8
34.250, 1.812e-8
34.500, 1.811e-8
34.750, 1.809e-8
35.000, 1.808e-8
35.250, 1.806e-8
35.500, 1.804e-8
35.750, 1.802e-8
36.000, 1.800e-8
36.250, 1.797e-8
36.500, 1.795e-8
36.750, 1.793e-8
37.000, 1.791e-8
37.250, 1.789e-8
37.500, 1.787e-8
37.750, 1.785e-8
38.000, 1.784e-8
38.250, 1.781e-8
38.500, 1.780e-8
38.750, 1.778e-8
39.000, 1.776e-8
39.250, 1.775e-8
39.500, 1.773e-8
39.750, 1.771e-8
40.000, 1.770e-8
40.250, 1.769e-8
40.500, 1.768e-8
40.750, 1.767e-8
41.000, 1.766e-8
41.250, 1.765e-8
41.500, 1.764e-8
41.750, 1.764e-8
42.000, 1.763e-8
42.250, 1.762e-8
42.500, 1.761e-8
42.750, 1.761e-8
43.000, 1.761e-8
43.250, 1.760e-8
43.500, 1.759e-8
43.750, 1.759e-8
44.000, 1.757e-8
44.250, 1.756e-8
44.500, 1.756e-8
44.750, 1.755e-8
45.000, 1.754e-8
45.250, 1.754e-8
45.500, 1.753e-8
45.750, 1.751e-8
46.000, 1.750e-8
46.250, 1.748e-8
46.500, 1.747e-8
46.750, 1.746e-8
47.000, 1.744e-8
47.250, 1.743e-8
47.500, 1.741e-8
47.750, 1.741e-8
48.000, 1.740e-8
48.250, 1.738e-8
48.500, 1.737e-8
48.750, 1.736e-8
49.000, 1.734e-8
49.250, 1.733e-8
49.500, 1.732e-8
49.750, 1.731e-8
50.000, 1.729e-8
50.250, 1.728e-8
50.500, 1.727e-8
50.750, 1.725e-8
51.000, 1.723e-8
51.250, 1.722e-8
51.500, 1.721e-8
51.750, 1.719e-8
52.000, 1.718e-8
52.250, 1.717e-8
52.500, 1.716e-8
52.750, 1.715e-8
53.000, 1.714e-8
53.250, 1.713e-8
53.500, 1.712e-8
53.750, 1.711e-8
54.000, 1.710e-8
54.250, 1.710e-8
54.500, 1.709e-8
54.750, 1.708e-8
55.000, 1.708e-8
55.250, 1.708e-8
55.500, 1.707e-8
55.750, 1.707e-8
56.000, 1.706e-8
56.250, 1.706e-8
56.500, 1.705e-8
56.750, 1.705e-8
57.000, 1.705e-8
57.250, 1.704e-8
57.500, 1.704e-8
57.750, 1.704e-8
58.000, 1.703e-8
58.250, 1.704e-8
58.500, 1.704e-8
58.750, 1.704e-8
59.000, 1.703e-8
59.250, 1.702e-8
59.500, 1.702e-8
59.750, 1.702e-8
60.000, 1.702e-8
60.250, 1.701e-8
60.500, 1.701e-8
60.750, 1.701e-8
61.000, 1.700e-8
61.250, 1.700e-8
61.500, 1.698e-8
61.750, 1.698e-8
62.000, 1.697e-8
62.250, 1.695e-8
62.500, 1.694e-8
62.750, 1.693e-8
63.000, 1.691e-8
63.250, 1.690e-8
63.500, 1.688e-8
63.750, 1.687e-8
64.000, 1.685e-8
64.250, 1.683e-8
64.500, 1.682e-8
64.750, 1.681e-8
65.000, 1.680e-8
65.250, 1.679e-8
65.500, 1.677e-8
65.750, 1.677e-8
66.000, 1.675e-8
66.250, 1.674e-8
66.500, 1.673e-8
66.750, 1.673e-8
67.000, 1.672e-8
67.250, 1.672e-8
67.500, 1.671e-8
67.750, 1.671e-8
68.000, 1.671e-8
68.250, 1.671e-8
68.500, 1.672e-8
68.750, 1.672e-8
69.000, 1.671e-8
69.250, 1.672e-8
69.500, 1.671e-8
69.750, 1.671e-8
70.000, 1.671e-8
70.250, 1.671e-8
70.500, 1.670e-8
70.750, 1.670e-8
71.000, 1.670e-8
71.250, 1.670e-8
71.500, 1.669e-8
71.750, 1.668e-8
72.000, 1.667e-8
72.250, 1.665e-8
72.500, 1.664e-8
72.750, 1.663e-8
73.000, 1.661e-8
73.250, 1.659e-8
73.500, 1.658e-8
73.750, 1.657e-8
74.000, 1.655e-8
74.250, 1.654e-8
74.500, 1.653e-8
74.750, 1.652e-8
75.000, 1.651e-8
75.250, 1.650e-8
75.500, 1.650e-8
75.750, 1.649e-8
76.000, 1.648e-8
76.250, 1.648e-8
76.500, 1.647e-8
76.750, 1.647e-8
77.000, 1.645e-8
77.250, 1.644e-8
77.500, 1.644e-8
77.750, 1.643e-8
78.000, 1.642e-8
78.250, 1.641e-8
78.500, 1.640e-8
78.750, 1.639e-8
79.000, 1.639e-8
79.250, 1.638e-8
79.500, 1.637e-8
79.750, 1.637e-8
80.000, 1.637e-8
80.250, 1.636e-8
80.500, 1.636e-8
80.750, 1.637e-8
81.000, 1.636e-8
81.250, 1.635e-8
81.500, 1.635e-8
81.750, 1.634e-8
82.000, 1.633e-8
82.250, 1.632e-8
82.500, 1.632e-8
82.750, 1.632e-8
83.000, 1.630e-8
83.250, 1.631e-8
83.500, 1.630e-8
83.750, 1.630e-8
84.000, 1.629e-8
84.250, 1.628e-8
84.500, 1.627e-8
84.750, 1.627e-8
85.000, 1.626e-8
85.250, 1.627e-8
85.500, 1.626e-8
85.750, 1.626e-8
86.000, 1.626e-8
86.250, 1.625e-8
86.500, 1.624e-8
86.750, 1.623e-8
87.000, 1.623e-8
87.250, 1.622e-8
87.500, 1.622e-8
87.750, 1.622e-8
88.000, 1.622e-8
88.250, 1.622e-8
88.500, 1.621e-8
88.750, 1.621e-8
89.000, 1.620e-8
89.250, 1.620e-8
89.500, 1.619e-8
89.750, 1.619e-8
90.000, 1.618e-8
90.250, 1.618e-8
90.500, 1.617e-8
90.750, 1.618e-8
91.000, 1.617e-8
91.250, 1.615e-8
91.500, 1.614e-8
91.750, 1.613e-8
92.000, 1.613e-8
92.250, 1.612e-8
92.500, 1.612e-8
92.750, 1.612e-8
93.000, 1.613e-8
93.250, 1.615e-8
93.500, 1.616e-8
93.750, 1.615e-8
94.000, 1.616e-8
94.250, 1.616e-8
94.500, 1.615e-8
94.750, 1.615e-8
95.000, 1.615e-8
95.250, 1.616e-8
95.500, 1.617e-8
95.750, 1.617e-8
96.000, 1.617e-8
96.250, 1.618e-8
96.500, 1.618e-8
96.750, 1.619e-8
97.000, 1.619e-8
97.250, 1.618e-8
97.500, 1.618e-8
97.750, 1.620e-8
98.000, 1.620e-8
98.250, 1.620e-8
98.500, 1.621e-8
98.750, 1.622e-8
99.000, 1.622e-8
99.250, 1.622e-8
99.500, 1.622e-8
99.750, 1.622e-8
100.000, 1.623e-8
100.250, 1.623e-8
100.500, 1.624e-8
100.750, 1.624e-8
101.000, 1.624e-8
101.250, 1.624e-8
101.500, 1.624e-8
101.750, 1.624e-8
102.000, 1.623e-8
102.250, 1.623e-8
102.500, 1.623e-8
102.750, 1.622e-8
103.000, 1.622e-8
103.250, 1.622e-8
103.500, 1.621e-8
103.750, 1.620e-8
104.000, 1.618e-8
104.250, 1.617e-8
104.500, 1.615e-8
104.750, 1.614e-8
105.000, 1.613e-8
105.250, 1.612e-8
105.500, 1.610e-8
105.750, 1.609e-8
106.000, 1.607e-8
106.250, 1.605e-8
106.500, 1.603e-8
106.750, 1.601e-8
107.000, 1.600e-8
107.250, 1.598e-8
107.500, 1.596e-8
107.750, 1.594e-8
108.000, 1.592e-8
108.250, 1.590e-8
108.500, 1.589e-8
108.750, 1.587e-8
109.000, 1.586e-8
109.250, 1.585e-8
109.500, 1.585e-8
109.750, 1.584e-8
110.000, 1.583e-8
110.250, 1.582e-8
110.500, 1.583e-8
110.750, 1.583e-8
111.000, 1.584e-8
111.250, 1.584e-8
111.500, 1.585e-8
111.750, 1.586e-8
112.000, 1.587e-8
112.250, 1.588e-8
112.500, 1.589e-8
112.750, 1.590e-8
113.000, 1.591e-8
113.250, 1.592e-8
113.500, 1.594e-8
113.750, 1.595e-8
114.000, 1.596e-8
114.250, 1.596e-8
114.500, 1.597e-8
114.750, 1.598e-8
115.000, 1.598e-8
115.250, 1.600e-8
115.500, 1.601e-8
115.750, 1.602e-8
116.000, 1.603e-8
116.250, 1.604e-8
116.500, 1.604e-8
116.750, 1.605e-8
117.000, 1.605e-8
117.250, 1.605e-8
117.500, 1.606e-8
117.750, 1.606e-8
118.000, 1.607e-8
118.250, 1.606e-8
118.500, 1.606e-8
118.750, 1.605e-8
119.000, 1.605e-8
119.250, 1.605e-8
119.500, 1.604e-8
119.750, 1.603e-8
120.000, 1.602e-8
120.250, 1.600e-8
120.500, 1.598e-8
120.750, 1.596e-8
121.000, 1.593e-8
121.250, 1.590e-8
121.500, 1.587e-8
121.750, 1.584e-8
122.000, 1.582e-8
122.250, 1.580e-8
122.500, 1.578e-8
122.750, 1.577e-8
123.000, 1.575e-8
123.250, 1.573e-8
123.500, 1.571e-8
123.750, 1.570e-8
124.000, 1.569e-8
124.250, 1.569e-8
124.500, 1.568e-8
124.750, 1.568e-8
125.000, 1.568e-8
125.250, 1.568e-8
125.500, 1.568e-8
125.750, 1.568e-8
126.000, 1.569e-8
126.250, 1.569e-8
126.500, 1.569e-8
126.750, 1.569e-8
127.000, 1.569e-8
127.250, 1.569e-8
127.500, 1.569e-8
127.750, 1.569e-8
128.000, 1.569e-8
128.250, 1.568e-8
128.500, 1.568e-8
128.750, 1.567e-8
129.000, 1.567e-8
129.250, 1.567e-8
129.500, 1.566e-8
129.750, 1.565e-8
130.000, 1.565e-8
130.250, 1.564e-8
130.500, 1.563e-8
130.750, 1.562e-8
131.000, 1.561e-8
131.250, 1.560e-8
131.500, 1.559e-8
131.750, 1.558e-8
132.000, 1.556e-8
132.250, 1.555e-8
132.500, 1.554e-8
132.750, 1.553e-8
133.000, 1.551e-8
133.250, 1.550e-8
133.500, 1.550e-8
133.750, 1.548e-8
134.000, 1.548e-8
134.250, 1.546e-8
134.500, 1.546e-8
134.750, 1.545e-8
135.000, 1.545e-8
135.250, 1.544e-8
135.500, 1.544e-8
135.750, 1.543e-8
136.000, 1.543e-8
136.250, 1.543e-8
136.500, 1.543e-8
136.750, 1.544e-8
137.000, 1.544e-8
137.250, 1.544e-8
137.500, 1.545e-8
137.750, 1.546e-8
138.000, 1.547e-8
138.250, 1.548e-8
138.500, 1.548e-8
138.750, 1.550e-8
139.000, 1.550e-8
139.250, 1.551e-8
139.500, 1.551e-8
139.750, 1.553e-8
140.000, 1.554e-8
140.250, 1.556e-8
140.500, 1.559e-8
140.750, 1.561e-8
141.000, 1.562e-8
141.250, 1.563e-8
141.500, 1.564e-8
141.750, 1.565e-8
142.000, 1.566e-8
142.250, 1.566e-8
142.500, 1.567e-8
142.750, 1.568e-8
143.000, 1.568e-8
143.250, 1.569e-8
143.500, 1.570e-8
143.750, 1.570e-8
144.000, 1.569e-8
144.250, 1.569e-8
144.500, 1.568e-8
144.750, 1.569e-8
145.000, 1.568e-8
145.250, 1.567e-8
145.500, 1.567e-8
145.750, 1.566e-8
146.000, 1.566e-8
146.250, 1.565e-8
146.500, 1.563e-8
146.750, 1.562e-8
147.000, 1.560e-8
147.250, 1.559e-8
147.500, 1.557e-8
147.750, 1.555e-8
148.000, 1.552e-8
148.250, 1.549e-8
148.500, 1.546e-8
148.750, 1.544e-8
149.000, 1.541e-8
149.250, 1.539e-8
149.500, 1.537e-8
149.750, 1.535e-8
150.000, 1.533e-8
150.250, 1.531e-8
150.500, 1.527e-8
150.750, 1.524e-8
151.000, 1.522e-8
151.250, 1.519e-8
151.500, 1.516e-8
151.750, 1.514e-8
152.000, 1.512e-8
152.250, 1.510e-8
152.500, 1.509e-8
152.750, 1.507e-8
153.000, 1.505e-8
153.250, 1.503e-8
153.500, 1.501e-8
153.750, 1.499e-8
154.000, 1.497e-8
154.250, 1.495e-8
154.500, 1.493e-8
154.750, 1.492e-8
155.000, 1.491e-8
155.250, 1.488e-8
155.500, 1.486e-8
155.750, 1.484e-8
156.000, 1.482e-8
156.250, 1.481e-8
156.500, 1.480e-8
156.750, 1.478e-8
157.000, 1.477e-8
157.250, 1.476e-8
157.500, 1.475e-8
157.750, 1.474e-8
158.000, 1.473e-8
158.250, 1.472e-8
158.500, 1.471e-8
158.750, 1.470e-8
159.000, 1.469e-8
159.250, 1.468e-8
159.500, 1.467e-8
159.750, 1.466e-8
160.000, 1.466e-8
160.250, 1.464e-8
160.500, 1.463e-8
160.750, 1.463e-8
161.000, 1.462e-8
161.250, 1.461e-8
161.500, 1.460e-8
161.750, 1.460e-8
162.000, 1.459e-8
162.250, 1.459e-8
162.500, 1.459e-8
162.750, 1.459e-8
163.000, 1.459e-8
163.250, 1.459e-8
163.500, 1.459e-8
163.750, 1.460e-8
164.000, 1.460e-8
164.250, 1.460e-8
164.500, 1.460e-8
164.750, 1.460e-8
165.000, 1.460e-8
165.250, 1.460e-8
165.500, 1.460e-8
165.750, 1.461e-8
166.000, 1.462e-8
166.250, 1.462e-8
166.500, 1.462e-8
166.750, 1.462e-8
167.000, 1.462e-8
167.250, 1.462e-8
167.500, 1.463e-8
167.750, 1.464e-8
168.000, 1.464e-8
168.250, 1.464e-8
168.500, 1.464e-8
168.750, 1.464e-8
169.000, 1.464e-8
169.250, 1.463e-8
169.500, 1.463e-8
169.750, 1.463e-8
170.000, 1.462e-8
170.250, 1.462e-8
170.500, 1.462e-8
170.750, 1.463e-8
171.000, 1.462e-8
171.250, 1.461e-8
171.500, 1.460e-8
171.750, 1.459e-8
172.000, 1.458e-8
172.250, 1.458e-8
172.500, 1.457e-8
172.750, 1.456e-8
173.000, 1.456e-8
173.250, 1.455e-8
173.500, 1.454e-8
173.750, 1.453e-8
174.000, 1.451e-8
174.250, 1.452e-8
174.500, 1.450e-8
174.750, 1.449e-8
175.000, 1.448e-8
175.250, 1.446e-8
175.500, 1.444e-8
175.750, 1.442e-8
176.000, 1.441e-8
176.250, 1.440e-8
176.500, 1.437e-8
176.750, 1.437e-8
177.000, 1.434e-8
177.250, 1.434e-8
177.500, 1.432e-8
177.750, 1.431e-8
178.000, 1.429e-8
178.250, 1.427e-8
178.500, 1.425e-8
178.750, 1.423e-8
179.000, 1.421e-8
179.250, 1.419e-8
179.500, 1.418e-8
179.750, 1.417e-8
180.000, 1.416e-8
180.250, 1.415e-8
180.500, 1.414e-8
180.750, 1.411e-8
181.000, 1.409e-8
181.250, 1.407e-8
181.500, 1.406e-8
181.750, 1.403e-8
182.000, 1.401e-8
182.250, 1.399e-8
182.500, 1.397e-8
182.750, 1.394e-8
183.000, 1.393e-8
183.250, 1.391e-8
183.500, 1.389e-8
183.750, 1.387e-8
184.000, 1.386e-8
184.250, 1.384e-8
184.500, 1.382e-8
184.750, 1.382e-8
185.000, 1.382e-8
185.250, 1.381e-8
185.500, 1.379e-8
185.750, 1.379e-8
186.000, 1.378e-8
186.250, 1.376e-8
186.500, 1.375e-8
186.750, 1.374e-8
187.000, 1.373e-8
187.250, 1.372e-8
187.500, 1.372e-8
187.750, 1.370e-8
188.000, 1.369e-8
188.250, 1.368e-8
188.500, 1.367e-8
188.750, 1.366e-8
189.000, 1.364e-8
189.250, 1.362e-8
189.500, 1.362e-8
189.750, 1.360e-8
190.000, 1.359e-8
190.250, 1.358e-8
190.500, 1.356e-8
190.750, 1.353e-8
191.000, 1.352e-8
191.250, 1.349e-8
191.500, 1.347e-8
191.750, 1.344e-8
192.000, 1.342e-8
192.250, 1.340e-8
192.500, 1.339e-8
192.750, 1.337e-8
193.000, 1.335e-8
193.250, 1.333e-8
193.500, 1.332e-8
193.750, 1.330e-8
194.000, 1.330e-8
194.250, 1.328e-8
194.500, 1.328e-8
194.750, 1.328e-8
195.000, 1.328e-8
195.250, 1.327e-8
195.500, 1.327e-8
195.750, 1.328e-8
196.000, 1.327e-8
196.250, 1.327e-8
196.500, 1.326e-8
196.750, 1.325e-8
197.000, 1.325e-8
197.250, 1.325e-8
197.500, 1.326e-8
197.750, 1.325e-8
198.000, 1.324e-8
198.250, 1.325e-8
198.500, 1.324e-8
198.750, 1.324e-8
199.000, 1.323e-8
199.250, 1.323e-8
199.500, 1.323e-8
199.750, 1.322e-8
200.000, 1.321e-8
200.250, 1.320e-8
200.500, 1.318e-8
200.750, 1.316e-8
201.000, 1.314e-8
201.250, 1.311e-8
201.500, 1.310e-8
201.750, 1.309e-8
202.000, 1.308e-8
202.250, 1.306e-8
202.500, 1.303e-8
202.750, 1.303e-8
203.000, 1.301e-8
203.250, 1.300e-8
203.500, 1.298e-8
203.750, 1.296e-8
204.000, 1.297e-8
204.250, 1.294e-8
204.500, 1.296e-8
204.750, 1.295e-8
205.000, 1.295e-8
205.250, 1.295e-8
205.500, 1.294e-8
205.750, 1.296e-8
206.000, 1.295e-8
206.250, 1.296e-8
206.500, 1.296e-8
206.750, 1.297e-8
207.000, 1.298e-8
207.250, 1.298e-8
207.500, 1.298e-8
207.750, 1.300e-8
208.000, 1.302e-8
208.250, 1.304e-8
208.500, 1.304e-8
208.750, 1.305e-8
209.000, 1.307e-8
209.250, 1.309e-8
209.500, 1.310e-8
209.750, 1.311e-8
210.000, 1.312e-8
210.250, 1.313e-8
210.500, 1.314e-8
210.750, 1.318e-8
211.000, 1.320e-8
211.250, 1.320e-8
211.500, 1.321e-8
211.750, 1.322e-8
212.000, 1.323e-8
212.250, 1.323e-8
212.500, 1.323e-8
212.750, 1.324e-8
213.000, 1.323e-8
213.250, 1.324e-8
213.500, 1.324e-8
213.750, 1.322e-8
214.000, 1.320e-8
214.250, 1.321e-8
214.500, 1.321e-8
214.750, 1.320e-8
215.000, 1.321e-8
215.250, 1.318e-8
215.500, 1.314e-8
215.750, 1.310e-8
216.000, 1.308e-8
216.250, 1.305e-8
216.500, 1.302e-8
216.750, 1.298e-8
217.000, 1.296e-8
217.250, 1.293e-8
217.500, 1.288e-8
217.750, 1.282e-8
218.000, 1.277e-8
218.250, 1.271e-8
218.500, 1.265e-8
218.750, 1.260e-8
219.000, 1.256e-8
219.250, 1.252e-8
219.500, 1.250e-8
219.750, 1.248e-8
220.000, 1.246e-8
220.250, 1.241e-8
220.500, 1.237e-8
220.750, 1.231e-8
221.000, 1.224e-8
221.250, 1.220e-8
221.500, 1.220e-8
221.750, 1.218e-8
222.000, 1.216e-8
222.250, 1.216e-8
222.500, 1.217e-8
222.750, 1.215e-8
223.000, 1.214e-8
223.250, 1.218e-8
223.500, 1.220e-8
223.750, 1.221e-8
224.000, 1.225e-8
224.250, 1.229e-8
224.500, 1.233e-8
224.750, 1.239e-8
225.000, 1.241e-8
225.250, 1.246e-8
225.500, 1.247e-8
225.750, 1.255e-8
226.000, 1.261e-8
226.250, 1.267e-8
226.500, 1.270e-8
226.750, 1.275e-8
227.000, 1.280e-8
227.250, 1.285e-8
227.500, 1.288e-8
227.750, 1.294e-8
228.000, 1.300e-8
228.250, 1.307e-8
228.500, 1.312e-8
228.750, 1.318e-8
229.000, 1.321e-8
229.250, 1.327e-8
229.500, 1.331e-8
229.750, 1.336e-8
230.000, 1.342e-8
230.250, 1.346e-8
230.500, 1.355e-8
230.750, 1.361e-8
231.000, 1.367e-8
231.250, 1.375e-8
231.500, 1.381e-8
231.750, 1.385e-8
232.000, 1.390e-8
232.250, 1.396e-8
232.500, 1.402e-8
232.750, 1.408e-8
233.000, 1.411e-8
233.250, 1.421e-8
233.500, 1.425e-8
233.750, 1.432e-8
234.000, 1.438e-8
234.250, 1.443e-8
234.500, 1.449e-8
234.750, 1.455e-8
235.000, 1.460e-8
235.250, 1.465e-8
235.500, 1.472e-8
235.750, 1.479e-8
236.000, 1.492e-8
236.250, 1.500e-8
236.500, 1.509e-8
236.750, 1.519e-8
237.000, 1.525e-8
237.250, 1.532e-8
237.500, 1.538e-8
237.750, 1.547e-8
238.000, 1.562e-8
238.250, 1.572e-8
238.500, 1.581e-8
238.750, 1.589e-8
239.000, 1.597e-8
239.250, 1.608e-8
239.500, 1.614e-8
239.750, 1.621e-8
240.000, 1.628e-8
240.250, 1.637e-8
240.500, 1.648e-8
240.750, 1.657e-8
241.000, 1.664e-8
241.250, 1.673e-8
241.500, 1.678e-8
241.750, 1.686e-8
242.000, 1.692e-8
242.250, 1.696e-8
242.500, 1.703e-8
242.750, 1.703e-8
243.000, 1.709e-8
243.250, 1.717e-8
243.500, 1.722e-8
243.750, 1.728e-8
244.000, 1.733e-8
244.250, 1.742e-8
244.500, 1.748e-8
244.750, 1.751e-8
245.000, 1.756e-8
245.250, 1.757e-8
245.500, 1.763e-8
245.750, 1.769e-8
246.000, 1.778e-8
246.250, 1.782e-8
246.500, 1.787e-8
246.750, 1.796e-8
247.000, 1.801e-8
247.250, 1.808e-8
247.500, 1.815e-8
247.750, 1.820e-8
248.000, 1.828e-8
248.250, 1.837e-8
248.500, 1.844e-8
248.750, 1.852e-8
249.000, 1.858e-8
249.250, 1.865e-8
249.500, 1.870e-8
249.750, 1.874e-8
250.000, 1.879e-8
250.250, 1.884e-8
250.500, 1.891e-8
250.750, 1.897e-8
251.000, 1.903e-8
251.250, 1.909e-8
251.500, 1.912e-8
251.750, 1.917e-8
252.000, 1.920e-8
252.250, 1.920e-8
252.500, 1.924e-8
252.750, 1.926e-8
253.000, 1.930e-8
253.250, 1.932e-8
253.500, 1.933e-8
253.750, 1.935e-8
254.000, 1.937e-8
254.250, 1.937e-8
254.500, 1.936e-8
254.750, 1.937e-8
255.000, 1.937e-8
255.250, 1.936e-8
255.500, 1.935e-8
255.750, 1.934e-8
256.000, 1.934e-8
256.250, 1.935e-8
256.500, 1.934e-8
256.750, 1.936e-8
257.000, 1.934e-8
257.250, 1.933e-8
257.500, 1.931e-8
257.750, 1.931e-8
258.000, 1.930e-8
258.250, 1.927e-8
258.500, 1.927e-8
258.750, 1.924e-8
259.000, 1.922e-8
259.250, 1.921e-8
259.500, 1.918e-8
259.750, 1.915e-8
260.000, 1.912e-8
260.250, 1.909e-8
260.500, 1.904e-8
260.750, 1.899e-8
261.000, 1.894e-8
261.250, 1.891e-8
261.500, 1.884e-8
261.750, 1.879e-8
262.000, 1.871e-8
262.250, 1.868e-8
262.500, 1.863e-8
262.750, 1.856e-8
263.000, 1.846e-8
263.250, 1.836e-8
263.500, 1.826e-8
263.750, 1.819e-8
264.000, 1.811e-8
264.250, 1.804e-8
264.500, 1.797e-8
264.750, 1.791e-8
265.000, 1.787e-8
265.250, 1.778e-8
265.500, 1.767e-8
265.750, 1.757e-8
266.000, 1.750e-8
266.250, 1.740e-8
266.500, 1.733e-8
266.750, 1.726e-8
267.000, 1.720e-8
267.250, 1.714e-8
267.500, 1.706e-8
267.750, 1.701e-8
268.000, 1.696e-8
268.250, 1.689e-8
268.500, 1.684e-8
268.750, 1.678e-8
269.000, 1.675e-8
269.250, 1.671e-8
269.500, 1.668e-8
269.750, 1.661e-8
270.000, 1.658e-8
270.250, 1.650e-8
270.500, 1.644e-8
270.750, 1.636e-8
271.000, 1.634e-8
271.250, 1.627e-8
271.500, 1.617e-8
271.750, 1.610e-8
272.000, 1.606e-8
272.250, 1.602e-8
272.500, 1.594e-8
272.750, 1.586e-8
273.000, 1.579e-8
273.250, 1.568e-8
273.500, 1.559e-8
273.750, 1.551e-8
274.000, 1.545e-8
274.250, 1.539e-8
274.500, 1.534e-8
274.750, 1.526e-8
275.000, 1.521e-8
275.250, 1.515e-8
275.500, 1.511e-8
275.750, 1.502e-8
276.000, 1.495e-8
276.250, 1.490e-8
276.500, 1.487e-8
276.750, 1.480e-8
277.000, 1.477e-8
277.250, 1.473e-8
277.500, 1.472e-8
277.750, 1.466e-8
278.000, 1.461e-8
278.250, 1.460e-8
278.500, 1.456e-8
278.750, 1.453e-8
279.000, 1.451e-8
279.250, 1.447e-8
279.500, 1.444e-8
279.750, 1.443e-8
280.000, 1.441e-8
280.250, 1.440e-8
280.500, 1.438e-8
280.750, 1.436e-8
281.000, 1.433e-8
281.250, 1.431e-8
281.500, 1.430e-8
281.750, 1.430e-8
282.000, 1.429e-8
282.250, 1.425e-8
282.500, 1.422e-8
282.750, 1.421e-8
283.000, 1.421e-8
283.250, 1.421e-8
283.500, 1.419e-8
283.750, 1.418e-8
284.000, 1.416e-8
284.250, 1.415e-8
284.500, 1.410e-8
284.750, 1.409e-8
285.000, 1.407e-8
285.250, 1.407e-8
285.500, 1.403e-8
285.750, 1.397e-8
286.000, 1.394e-8
286.250, 1.391e-8
286.500, 1.389e-8
286.750, 1.384e-8
287.000, 1.384e-8
287.250, 1.381e-8
287.500, 1.376e-8
287.750, 1.369e-8
288.000, 1.364e-8
288.250, 1.362e-8
288.500, 1.358e-8
288.750, 1.352e-8
289.000, 1.348e-8
289.250, 1.345e-8
289.500, 1.343e-8
289.750, 1.340e-8
290.000, 1.337e-8
290.250, 1.332e-8
290.500, 1.326e-8
290.750, 1.322e-8
291.000, 1.320e-8
291.250, 1.315e-8
291.500, 1.309e-8
291.750, 1.307e-8
292.000, 1.306e-8
292.250, 1.303e-8
292.500, 1.300e-8
292.750, 1.295e-8
293.000, 1.295e-8
293.250, 1.291e-8
293.500, 1.290e-8
293.750, 1.286e-8
294.000, 1.285e-8
294.250, 1.286e-8
294.500, 1.286e-8
294.750, 1.284e-8
295.000, 1.283e-8
295.250, 1.283e-8
295.500, 1.281e-8
295.750, 1.283e-8
296.000, 1.281e-8
296.250, 1.284e-8
296.500, 1.282e-8
296.750, 1.285e-8
297.000, 1.281e-8
297.250, 1.283e-8
297.500, 1.282e-8
297.750, 1.285e-8
298.000, 1.287e-8
298.250, 1.287e-8
298.500, 1.288e-8
298.750, 1.288e-8
299.000, 1.291e-8
299.250, 1.293e-8
299.500, 1.295e-8
299.750, 1.297e-8
300.000, 1.297e-8
300.250, 1.299e-8
300.500, 1.303e-8
300.750, 1.307e-8
301.000, 1.309e-8
301.250, 1.312e-8
301.500, 1.314e-8
301.750, 1.316e-8
302.000, 1.318e-8
302.250, 1.319e-8
302.500, 1.321e-8
302.750, 1.322e-8
303.000, 1.326e-8
303.250, 1.328e-8
303.500, 1.333e-8
303.750, 1.333e-8
304.000, 1.335e-8
304.250, 1.335e-8
304.500, 1.341e-8
304.750, 1.340e-8
305.000, 1.343e-8
305.250, 1.343e-8
305.500, 1.344e-8
305.750, 1.348e-8
306.000, 1.351e-8
306.250, 1.353e-8
306.500, 1.355e-8
306.750, 1.355e-8
307.000, 1.357e-8
307.250, 1.360e-8
307.500, 1.360e-8
307.750, 1.362e-8
308.000, 1.364e-8
308.250, 1.368e-8
308.500, 1.369e-8
308.750, 1.373e-8
309.000, 1.371e-8
309.250, 1.374e-8
309.500, 1.376e-8
309.750, 1.380e-8
310.000, 1.380e-8
310.250, 1.383e-8
310.500, 1.386e-8
310.750, 1.390e-8
311.000, 1.394e-8
311.250, 1.399e-8
311.500, 1.402e-8
311.750, 1.404e-8
312.000, 1.408e-8
312.250, 1.411e-8
312.500, 1.412e-8
312.750, 1.417e-8
313.000, 1.421e-8
313.250, 1.428e-8
313.500, 1.428e-8
313.750, 1.434e-8
314.000, 1.437e-8
314.250, 1.444e-8
314.500, 1.447e-8
314.750, 1.452e-8
315.000, 1.456e-8
315.250, 1.459e-8
315.500, 1.464e-8
315.750, 1.472e-8
316.000, 1.478e-8
316.250, 1.486e-8
316.500, 1.494e-8
316.750, 1.496e-8
317.000, 1.505e-8
317.250, 1.505e-8
317.500, 1.515e-8
317.750, 1.521e-8
318.000, 1.530e-8
318.250, 1.534e-8
318.500, 1.538e-8
318.750, 1.543e-8
319.000, 1.549e-8
319.250, 1.555e-8
319.500, 1.559e-8
319.750, 1.561e-8
320.000, 1.566e-8
320.250, 1.570e-8
320.500, 1.579e-8
320.750, 1.587e-8
321.000, 1.592e-8
321.250, 1.598e-8
321.500, 1.601e-8
321.750, 1.608e-8
322.000, 1.610e-8
322.250, 1.617e-8
322.500, 1.619e-8
322.750, 1.624e-8
323.000, 1.628e-8
323.250, 1.633e-8
323.500, 1.641e-8
323.750, 1.647e-8
324.000, 1.653e-8
324.250, 1.656e-8
324.500, 1.663e-8
324.750, 1.665e-8
325.000, 1.672e-8
325.250, 1.674e-8
325.500, 1.682e-8
325.750, 1.689e-8
326.000, 1.698e-8
326.250, 1.706e-8
326.500, 1.714e-8
326.750, 1.720e-8
327.000, 1.728e-8
327.250, 1.735e-8
327.500, 1.743e-8
327.750, 1.750e-8
328.000, 1.760e-8
328.250, 1.768e-8
328.500, 1.778e-8
328.750, 1.786e-8
329.000, 1.795e-8
329.250, 1.802e-8
329.500, 1.812e-8
329.750, 1.816e-8
330.000, 1.828e-8
330.250, 1.831e-8
330.500, 1.848e-8
330.750, 1.856e-8
331.000, 1.870e-8
331.250, 1.880e-8
331.500, 1.887e-8
331.750, 1.896e-8
332.000, 1.904e-8
332.250, 1.911e-8
332.500, 1.917e-8
332.750, 1.926e-8
333.000, 1.936e-8
333.250, 1.948e-8
333.500, 1.959e-8
333.750, 1.971e-8
334.000, 1.977e-8
334.250, 1.989e-8
334.500, 1.995e-8
334.750, 2.006e-8
335.000, 2.012e-8
335.250, 2.020e-8
335.500, 2.028e-8
335.750, 2.041e-8
336.000, 2.051e-8
336.250, 2.061e-8
336.500, 2.069e-8
336.750, 2.075e-8
337.000, 2.085e-8
337.250, 2.090e-8
337.500, 2.101e-8
337.750, 2.108e-8
338.000, 2.117e-8
338.250, 2.125e-8
338.500, 2.136e-8
338.750, 2.143e-8
339.000, 2.151e-8
339.250, 2.157e-8
339.500, 2.163e-8
339.750, 2.171e-8
340.000, 2.176e-8
340.250, 2.185e-8
340.500, 2.191e-8
340.750, 2.201e-8
341.000, 2.210e-8
341.250, 2.218e-8
341.500, 2.223e-8
341.750, 2.229e-8
342.000, 2.234e-8
342.250, 2.240e-8
342.500, 2.246e-8
342.750, 2.250e-8
343.000, 2.258e-8
343.250, 2.263e-8
343.500, 2.272e-8
343.750, 2.280e-8
344.000, 2.283e-8
344.250, 2.289e-8
344.500, 2.291e-8
344.750, 2.297e-8
345.000, 2.299e-8
345.250, 2.304e-8
345.500, 2.310e-8
345.750, 2.314e-8
346.000, 2.320e-8
346.250, 2.324e-8
346.500, 2.330e-8
346.750, 2.334e-8
347.000, 2.338e-8
347.250, 2.344e-8
347.500, 2.346e-8
347.750, 2.349e-8
348.000, 2.355e-8
348.250, 2.358e-8
348.500, 2.363e-8
348.750, 2.364e-8
349.000, 2.370e-8
349.250, 2.370e-8
349.500, 2.375e-8
349.750, 2.376e-8
350.000, 2.379e-8
350.250, 2.381e-8
350.500, 2.384e-8
350.750, 2.387e-8
351.000, 2.388e-8
351.250, 2.390e-8
351.500, 2.395e-8
351.750, 2.395e-8
352.000, 2.396e-8
352.250, 2.397e-8
352.500, 2.398e-8
352.750, 2.399e-8
353.000, 2.400e-8
353.250, 2.401e-8
353.500, 2.400e-8
353.750, 2.401e-8
354.000, 2.401e-8
354.250, 2.401e-8
354.500, 2.402e-8
354.750, 2.402e-8
355.000, 2.403e-8
355.250, 2.402e-8
355.500, 2.401e-8
355.750, 2.400e-8
356.000, 2.401e-8
356.250, 2.399e-8
356.500, 2.400e-8
356.750, 2.400e-8
357.000, 2.400e-8
357.250, 2.400e-8
357.500, 2.402e-8
357.750, 2.400e-8
358.000, 2.400e-8
358.250, 2.399e-8
358.500, 2.402e-8
358.750, 2.400e-8
359.000, 2.403e-8
359.250, 2.401e-8
359.500, 2.402e-8
359.750, 2.402e-8
360.000, 2.404e-8
360.250, 2.405e-8
360.500, 2.405e-8
360.750, 2.406e-8
361.000, 2.408e-8
361.250, 2.410e-8
361.500, 2.411e-8
361.750, 2.414e-8
362.000, 2.413e-8
362.250, 2.414e-8
362.500, 2.415e-8
362.750, 2.416e-8
363.000, 2.418e-8
363.250, 2.419e-8
363.500, 2.422e-8
363.750, 2.424e-8
364.000, 2.427e-8
364.250, 2.429e-8
364.500, 2.429e-8
364.750, 2.430e-8
365.000, 2.431e-8
365.250, 2.433e-8
365.500, 2.434e-8
365.750, 2.435e-8
366.000, 2.438e-8
366.250, 2.440e-8
366.500, 2.444e-8
366.750, 2.444e-8
367.000, 2.446e-8
367.250, 2.447e-8
367.500, 2.449e-8
367.750, 2.452e-8
368.000, 2.453e-8
368.250, 2.455e-8
368.500, 2.457e-8
368.750, 2.461e-8
369.000, 2.461e-8
369.250, 2.464e-8
369.500, 2.465e-8
369.750, 2.467e-8
370.000, 2.469e-8
370.250, 2.473e-8
370.500, 2.476e-8
370.750, 2.480e-8
371.000, 2.482e-8
371.250, 2.486e-8
371.500, 2.488e-8
371.750, 2.490e-8
372.000, 2.493e-8
372.250, 2.494e-8
372.500, 2.496e-8
372.750, 2.498e-8
373.000, 2.500e-8
373.250, 2.504e-8
373.500, 2.506e-8
373.750, 2.510e-8
374.000, 2.510e-8
374.250, 2.513e-8
374.500, 2.513e-8
374.750, 2.514e-8
375.000, 2.515e-8
375.250, 2.515e-8
375.500, 2.517e-8
375.750, 2.518e-8
376.000, 2.518e-8
376.250, 2.520e-8
376.500, 2.521e-8
376.750, 2.522e-8
377.000, 2.522e-8
377.250, 2.523e-8
377.500, 2.523e-8
377.750, 2.524e-8
378.000, 2.523e-8
378.250, 2.523e-8
378.500, 2.523e-8
378.750, 2.522e-8
379.000, 2.522e-8
379.250, 2.520e-8
379.500, 2.520e-8
379.750, 2.518e-8
380.000, 2.517e-8
380.250, 2.515e-8
380.500, 2.514e-8
380.750, 2.512e-8
381.000, 2.510e-8
381.250, 2.506e-8
381.500, 2.504e-8
381.750, 2.500e-8
382.000, 2.499e-8
382.250, 2.496e-8
382.500, 2.493e-8
382.750, 2.491e-8
383.000, 2.487e-8
383.250, 2.483e-8
383.500, 2.479e-8
383.750, 2.477e-8
384.000, 2.473e-8
384.250, 2.470e-8
384.500, 2.466e-8
384.750, 2.464e-8
385.000, 2.461e-8
385.250, 2.458e-8
385.500, 2.454e-8
385.750, 2.450e-8
386.000, 2.448e-8
386.250, 2.442e-8
386.500, 2.439e-8
386.750, 2.435e-8
387.000, 2.432e-8
387.250, 2.428e-8
387.500, 2.424e-8
387.750, 2.419e-8
388.000, 2.414e-8
388.250, 2.409e-8
388.500, 2.402e-8
388.750, 2.397e-8
389.000, 2.391e-8
389.250, 2.386e-8
389.500, 2.382e-8
389.750, 2.377e-8
390.000, 2.372e-8
390.250, 2.366e-8
390.500, 2.359e-8
390.750, 2.351e-8
391.000, 2.344e-8
391.250, 2.336e-8
391.500, 2.329e-8
391.750, 2.322e-8
392.000, 2.315e-8
392.250, 2.310e-8
392.500, 2.304e-8
392.750, 2.297e-8
393.000, 2.291e-8
393.250, 2.282e-8
393.500, 2.275e-8
393.750, 2.267e-8
394.000, 2.261e-8
394.250, 2.254e-8
394.500, 2.249e-8
394.750, 2.243e-8
395.000, 2.237e-8
395.250, 2.230e-8
395.500, 2.222e-8
395.750, 2.216e-8
396.000, 2.208e-8
396.250, 2.201e-8
396.500, 2.193e-8
396.750, 2.186e-8
397.000, 2.180e-8
397.250, 2.174e-8
397.500, 2.169e-8
397.750, 2.163e-8
398.000, 2.155e-8
398.250, 2.148e-8
398.500, 2.141e-8
398.750, 2.135e-8
399.000, 2.129e-8
399.250, 2.123e-8
399.500, 2.117e-8
399.750, 2.111e-8
400.000, 2.105e-8
400.250, 2.098e-8
400.500, 2.090e-8
400.750, 2.082e-8
401.000, 2.074e-8
401.250, 2.066e-8
401.500, 2.060e-8
401.750, 2.054e-8
402.000, 2.049e-8
402.250, 2.043e-8
402.500, 2.038e-8
402.750, 2.034e-8
403.000, 2.029e-8
403.250, 2.023e-8
403.500, 2.017e-8
403.750, 2.013e-8
404.000, 2.009e-8
404.250, 2.004e-8
404.500, 2.000e-8
404.750, 1.997e-8
405.000, 1.995e-8
405.250, 1.992e-8
405.500, 1.988e-8
405.750, 1.984e-8
406.000, 1.981e-8
406.250, 1.978e-8
406.500, 1.976e-8
406.750, 1.973e-8
407.000, 1.970e-8
407.250, 1.967e-8
407.500, 1.966e-8
407.750, 1.964e-8
408.000, 1.962e-8
408.250, 1.958e-8
408.500, 1.956e-8
408.750, 1.952e-8
409.000, 1.951e-8
409.250, 1.947e-8
409.500, 1.945e-8
409.750, 1.941e-8
410.000, 1.940e-8
410.250, 1.936e-8
410.500, 1.935e-8
410.750, 1.930e-8
411.000, 1.928e-8
411.250, 1.923e-8
411.500, 1.919e-8
411.750, 1.916e-8
412.000, 1.913e-8
412.250, 1.909e-8
412.500, 1.905e-8
412.750, 1.901e-8
413.000, 1.897e-8
413.250, 1.893e-8
413.500, 1.889e-8
413.750, 1.885e-8
414.000, 1.880e-8
414.250, 1.876e-8
414.500, 1.873e-8
414.750, 1.868e-8
415.000, 1.863e-8
415.250, 1.858e-8
415.500, 1.852e-8
415.750, 1.844e-8
416.000, 1.837e-8
416.250, 1.830e-8
416.500, 1.823e-8
416.750, 1.816e-8
417.000, 1.809e-8
417.250, 1.802e-8
417.500, 1.796e-8
417.750, 1.788e-8
418.000, 1.782e-8
418.250, 1.774e-8
418.500, 1.767e-8
418.750, 1.760e-8
419.000, 1.753e-8
419.250, 1.747e-8
419.500, 1.741e-8
419.750, 1.735e-8
420.000, 1.728e-8
420.250, 1.721e-8
420.500, 1.712e-8
420.750, 1.704e-8
421.000, 1.693e-8
421.250, 1.684e-8
421.500, 1.673e-8
421.750, 1.666e-8
422.000, 1.656e-8
422.250, 1.648e-8
422.500, 1.638e-8
422.750, 1.631e-8
423.000, 1.620e-8
423.250, 1.611e-8
423.500, 1.601e-8
423.750, 1.593e-8
424.000, 1.584e-8
424.250, 1.577e-8
424.500, 1.570e-8
424.750, 1.566e-8
425.000, 1.560e-8
425.250, 1.553e-8
425.500, 1.545e-8
425.750, 1.538e-8
426.000, 1.530e-8
426.250, 1.524e-8
426.500, 1.517e-8
426.750, 1.510e-8
427.000, 1.504e-8
427.250, 1.498e-8
427.500, 1.494e-8
427.750, 1.488e-8
428.000, 1.482e-8
428.250, 1.475e-8
428.500, 1.469e-8
428.750, 1.463e-8
429.000, 1.458e-8
429.250, 1.453e-8
429.500, 1.448e-8
429.750, 1.444e-8
430.000, 1.440e-8
430.250, 1.435e-8
430.500, 1.428e-8
430.750, 1.422e-8
431.000, 1.414e-8
431.250, 1.408e-8
431.500, 1.401e-8
431.750, 1.396e-8
432.000, 1.389e-8
432.250, 1.382e-8
432.500, 1.377e-8
432.750, 1.371e-8
433.000, 1.363e-8
433.250, 1.358e-8
433.500, 1.347e-8
433.750, 1.341e-8
434.000, 1.333e-8
434.250, 1.327e-8
434.500, 1.321e-8
434.750, 1.316e-8
435.000, 1.311e-8
435.250, 1.304e-8
435.500, 1.298e-8
435.750, 1.291e-8
436.000, 1.285e-8
436.250, 1.278e-8
436.500, 1.272e-8
436.750, 1.266e-8
437.000, 1.262e-8
437.250, 1.258e-8
437.500, 1.254e-8
437.750, 1.250e-8
438.000, 1.246e-8
438.250, 1.240e-8
438.500, 1.236e-8
438.750, 1.232e-8
439.000, 1.229e-8
439.250, 1.225e-8
439.500, 1.222e-8
439.750, 1.218e-8
440.000, 1.215e-8
440.250, 1.213e-8
440.500, 1.209e-8
440.750, 1.205e-8
441.000, 1.200e-8
441.250, 1.197e-8
441.500, 1.194e-8
441.750, 1.192e-8
442.000, 1.191e-8
442.250, 1.186e-8
442.500, 1.186e-8
442.750, 1.181e-8
443.000, 1.181e-8
443.250, 1.174e-8
443.500, 1.173e-8
443.750, 1.169e-8
444.000, 1.168e-8
444.250, 1.164e-8
444.500, 1.161e-8
444.750, 1.158e-8
445.000, 1.155e-8
445.250, 1.151e-8
445.500, 1.149e-8
445.750, 1.144e-8
446.000, 1.140e-8
446.250, 1.135e-8
446.500, 1.131e-8
446.750, 1.130e-8
447.000, 1.126e-8
447.250, 1.124e-8
447.500, 1.120e-8
447.750, 1.116e-8
448.000, 1.112e-8
448.250, 1.107e-8
448.500, 1.104e-8
448.750, 1.100e-8
449.000, 1.098e-8
449.250, 1.094e-8
449.500, 1.090e-8
449.750, 1.090e-8
450.000, 1.083e-8
450.250, 1.085e-8
450.500, 1.075e-8
450.750, 1.074e-8
451.000, 1.066e-8
451.250, 1.061e-8
451.500, 1.057e-8
451.750, 1.054e-8
452.000, 1.051e-8
452.250, 1.049e-8
452.500, 1.044e-8
452.750, 1.041e-8
453.000, 1.036e-8
453.250, 1.033e-8
453.500, 1.029e-8
453.750, 1.027e-8
454.000, 1.023e-8
454.250, 1.022e-8
454.500, 1.017e-8
454.750, 1.018e-8
455.000, 1.017e-8
455.250, 1.018e-8
455.500, 1.013e-8
455.750, 1.014e-8
456.000, 1.010e-8
456.250, 1.012e-8
456.500, 1.011e-8
456.750, 1.011e-8
457.000, 1.011e-8
457.250, 1.010e-8
457.500, 1.010e-8
457.750, 1.010e-8
458.000, 1.010e-8
458.250, 1.010e-8
458.500, 1.010e-8
458.750, 1.009e-8
459.000, 1.011e-8
459.250, 1.009e-8
459.500, 1.011e-8
459.750, 1.010e-8
460.000, 1.010e-8
460.250, 1.010e-8
460.500, 1.008e-8
460.750, 1.006e-8
461.000, 1.006e-8
461.250, 1.005e-8
461.500, 1.002e-8
461.750, 1.002e-8
462.000, 9.999e-9
462.250, 9.977e-9
462.500, 9.959e-9
462.750, 9.962e-9
463.000, 9.949e-9
463.250, 9.912e-9
463.500, 9.891e-9
463.750, 9.879e-9
464.000, 9.861e-9
464.250, 9.833e-9
464.500, 9.849e-9
464.750, 9.824e-9
465.000, 9.811e-9
465.250, 9.804e-9
465.500, 9.788e-9
465.750, 9.787e-9
466.000, 9.748e-9
466.250, 9.754e-9
466.500, 9.698e-9
466.750, 9.706e-9
467.000, 9.673e-9
467.250, 9.662e-9
467.500, 9.676e-9
467.750, 9.631e-9
468.000, 9.645e-9
468.250, 9.604e-9
468.500, 9.625e-9
468.750, 9.604e-9
469.000, 9.636e-9
469.250, 9.630e-9
469.500, 9.611e-9
469.750, 9.628e-9
470.000, 9.604e-9
470.250, 9.657e-9
470.500, 9.617e-9
470.750, 9.658e-9
471.000, 9.625e-9
471.250, 9.655e-9
471.500, 9.638e-9
471.750, 9.662e-9
472.000, 9.659e-9
472.250, 9.669e-9
472.500, 9.648e-9
472.750, 9.661e-9
473.000, 9.644e-9
473.250, 9.642e-9
473.500, 9.603e-9
473.750, 9.628e-9
474.000, 9.578e-9
474.250, 9.591e-9
474.500, 9.551e-9
474.750, 9.558e-9
475.000, 9.518e-9
475.250, 9.523e-9
475.500, 9.458e-9
475.750, 9.458e-9
476.000, 9.384e-9
476.250, 9.369e-9
476.500, 9.302e-9
476.750, 9.276e-9
477.000, 9.239e-9
477.250, 9.203e-9
477.500, 9.158e-9
477.750, 9.107e-9
478.000, 9.064e-9
478.250, 9.042e-9
478.500, 8.961e-9
478.750, 8.952e-9
479.000, 8.893e-9
479.250, 8.895e-9
479.500, 8.862e-9
479.750, 8.878e-9
480.000, 8.854e-9
480.250, 8.822e-9
480.500, 8.798e-9
480.750, 8.750e-9
481.000, 8.754e-9
481.250, 8.724e-9
481.500, 8.703e-9
481.750, 8.701e-9
482.000, 8.674e-9
482.250, 8.669e-9
482.500, 8.670e-9
482.750, 8.680e-9
483.000, 8.660e-9
483.250, 8.650e-9
483.500, 8.632e-9
483.750, 8.660e-9
484.000, 8.650e-9
484.250, 8.657e-9
484.500, 8.649e-9
484.750, 8.641e-9
485.000, 8.646e-9
485.250, 8.635e-9
485.500, 8.641e-9
485.750, 8.625e-9
486.000, 8.599e-9
486.250, 8.619e-9
486.500, 8.590e-9
486.750, 8.613e-9
487.000, 8.609e-9
487.250, 8.584e-9
487.500, 8.584e-9
487.750, 8.581e-9
488.000, 8.569e-9
488.250, 8.562e-9
488.500, 8.517e-9
488.750, 8.539e-9
489.000, 8.509e-9
489.250, 8.501e-9
489.500, 8.482e-9
489.750, 8.460e-9
490.000, 8.443e-9
490.250, 8.420e-9
490.500, 8.394e-9
490.750, 8.408e-9
491.000, 8.354e-9
491.250, 8.350e-9
491.500, 8.320e-9
491.750, 8.322e-9
492.000, 8.327e-9
492.250, 8.280e-9
492.500, 8.336e-9
492.750, 8.269e-9
493.000, 8.295e-9
493.250, 8.253e-9
493.500, 8.251e-9
493.750, 8.236e-9
494.000, 8.216e-9
494.250, 8.203e-9
494.500, 8.201e-9
494.750, 8.174e-9
495.000, 8.218e-9
495.250, 8.155e-9
495.500, 8.151e-9
495.750, 8.098e-9
496.000, 8.107e-9
496.250, 8.081e-9
496.500, 8.083e-9
496.750, 8.067e-9
497.000, 8.101e-9
497.250, 8.040e-9
497.500, 8.062e-9
497.750, 8.058e-9
498.000, 8.041e-9
498.250, 8.073e-9
498.500, 8.022e-9
498.750, 8.060e-9
499.000, 7.998e-9
499.250, 8.019e-9
499.500, 7.993e-9
499.750, 8.019e-9
500.000, 7.982e-9
