Distance/um, Current/A

-149.955, 2.141e-8
-149.905, 2.141e-8
-149.855, 2.141e-8
-149.805, 2.141e-8
-149.755, 2.141e-8
-149.705, 2.141e-8
-149.655, 2.141e-8
-149.605, 2.141e-8
-149.555, 2.141e-8
-149.505, 2.141e-8
-149.455, 2.141e-8
-149.405, 2.141e-8
-149.355, 2.141e-8
-149.305, 2.141e-8
-149.255, 2.141e-8
-149.205, 2.141e-8
-149.155, 2.141e-8
-149.105, 2.141e-8
-149.055, 2.141e-8
-149.005, 2.141e-8
-148.955, 2.141e-8
-148.905, 2.141e-8
-148.855, 2.141e-8
-148.805, 2.141e-8
-148.755, 2.141e-8
-148.705, 2.141e-8
-148.655, 2.141e-8
-148.605, 2.141e-8
-148.555, 2.141e-8
-148.505, 2.141e-8
-148.455, 2.141e-8
-148.405, 2.141e-8
-148.355, 2.141e-8
-148.305, 2.141e-8
-148.255, 2.141e-8
-148.205, 2.141e-8
-148.155, 2.141e-8
-148.105, 2.141e-8
-148.055, 2.141e-8
-148.005, 2.141e-8
-147.955, 2.141e-8
-147.905, 2.141e-8
-147.855, 2.141e-8
-147.805, 2.141e-8
-147.755, 2.141e-8
-147.705, 2.141e-8
-147.655, 2.141e-8
-147.605, 2.141e-8
-147.555, 2.141e-8
-147.505, 2.141e-8
-147.455, 2.141e-8
-147.405, 2.141e-8
-147.355, 2.141e-8
-147.305, 2.141e-8
-147.255, 2.141e-8
-147.205, 2.141e-8
-147.155, 2.141e-8
-147.105, 2.141e-8
-147.055, 2.141e-8
-147.005, 2.141e-8
-146.955, 2.141e-8
-146.905, 2.141e-8
-146.855, 2.141e-8
-146.805, 2.141e-8
-146.755, 2.141e-8
-146.705, 2.141e-8
-146.655, 2.141e-8
-146.605, 2.141e-8
-146.555, 2.141e-8
-146.505, 2.141e-8
-146.455, 2.141e-8
-146.405, 2.141e-8
-146.355, 2.141e-8
-146.305, 2.141e-8
-146.255, 2.141e-8
-146.205, 2.141e-8
-146.155, 2.141e-8
-146.105, 2.141e-8
-146.055, 2.141e-8
-146.005, 2.141e-8
-145.955, 2.141e-8
-145.905, 2.141e-8
-145.855, 2.141e-8
-145.805, 2.141e-8
-145.755, 2.141e-8
-145.705, 2.141e-8
-145.655, 2.141e-8
-145.605, 2.141e-8
-145.555, 2.141e-8
-145.505, 2.141e-8
-145.455, 2.141e-8
-145.405, 2.142e-8
-145.355, 2.141e-8
-145.305, 2.141e-8
-145.255, 2.141e-8
-145.205, 2.141e-8
-145.155, 2.141e-8
-145.105, 2.141e-8
-145.055, 2.141e-8
-145.005, 2.141e-8
-144.955, 2.141e-8
-144.905, 2.141e-8
-144.855, 2.141e-8
-144.805, 2.141e-8
-144.755, 2.141e-8
-144.705, 2.141e-8
-144.655, 2.141e-8
-144.605, 2.141e-8
-144.555, 2.141e-8
-144.505, 2.141e-8
-144.455, 2.141e-8
-144.405, 2.141e-8
-144.355, 2.141e-8
-144.305, 2.141e-8
-144.255, 2.141e-8
-144.205, 2.141e-8
-144.155, 2.141e-8
-144.105, 2.141e-8
-144.055, 2.141e-8
-144.005, 2.141e-8
-143.955, 2.141e-8
-143.905, 2.141e-8
-143.855, 2.141e-8
-143.805, 2.142e-8
-143.755, 2.141e-8
-143.705, 2.142e-8
-143.655, 2.141e-8
-143.605, 2.142e-8
-143.555, 2.141e-8
-143.505, 2.141e-8
-143.455, 2.141e-8
-143.405, 2.141e-8
-143.355, 2.141e-8
-143.305, 2.141e-8
-143.255, 2.141e-8
-143.205, 2.141e-8
-143.155, 2.141e-8
-143.105, 2.141e-8
-143.055, 2.142e-8
-143.005, 2.142e-8
-142.955, 2.142e-8
-142.905, 2.142e-8
-142.855, 2.142e-8
-142.805, 2.142e-8
-142.755, 2.142e-8
-142.705, 2.142e-8
-142.655, 2.142e-8
-142.605, 2.142e-8
-142.555, 2.142e-8
-142.505, 2.142e-8
-142.455, 2.142e-8
-142.405, 2.142e-8
-142.355, 2.142e-8
-142.305, 2.142e-8
-142.255, 2.142e-8
-142.205, 2.142e-8
-142.155, 2.142e-8
-142.105, 2.142e-8
-142.055, 2.142e-8
-142.005, 2.142e-8
-141.955, 2.142e-8
-141.905, 2.142e-8
-141.855, 2.142e-8
-141.805, 2.142e-8
-141.755, 2.142e-8
-141.704, 2.142e-8
-141.654, 2.142e-8
-141.604, 2.142e-8
-141.554, 2.142e-8
-141.504, 2.142e-8
-141.454, 2.142e-8
-141.404, 2.142e-8
-141.354, 2.142e-8
-141.304, 2.142e-8
-141.254, 2.142e-8
-141.204, 2.142e-8
-141.154, 2.142e-8
-141.104, 2.142e-8
-141.054, 2.142e-8
-141.004, 2.142e-8
-140.954, 2.142e-8
-140.904, 2.142e-8
-140.854, 2.142e-8
-140.804, 2.142e-8
-140.754, 2.142e-8
-140.704, 2.142e-8
-140.654, 2.142e-8
-140.604, 2.142e-8
-140.554, 2.142e-8
-140.504, 2.142e-8
-140.454, 2.142e-8
-140.404, 2.142e-8
-140.354, 2.142e-8
-140.304, 2.142e-8
-140.254, 2.142e-8
-140.204, 2.142e-8
-140.154, 2.142e-8
-140.104, 2.142e-8
-140.054, 2.142e-8
-140.004, 2.142e-8
-139.954, 2.142e-8
-139.904, 2.142e-8
-139.854, 2.142e-8
-139.804, 2.142e-8
-139.754, 2.142e-8
-139.704, 2.142e-8
-139.654, 2.142e-8
-139.604, 2.142e-8
-139.554, 2.142e-8
-139.504, 2.142e-8
-139.454, 2.142e-8
-139.404, 2.142e-8
-139.354, 2.142e-8
-139.304, 2.142e-8
-139.254, 2.142e-8
-139.204, 2.142e-8
-139.154, 2.142e-8
-139.104, 2.142e-8
-139.054, 2.142e-8
-139.004, 2.142e-8
-138.954, 2.142e-8
-138.904, 2.142e-8
-138.854, 2.142e-8
-138.804, 2.142e-8
-138.754, 2.142e-8
-138.704, 2.142e-8
-138.654, 2.142e-8
-138.604, 2.142e-8
-138.554, 2.142e-8
-138.504, 2.142e-8
-138.454, 2.143e-8
-138.404, 2.143e-8
-138.354, 2.143e-8
-138.304, 2.142e-8
-138.254, 2.143e-8
-138.204, 2.143e-8
-138.154, 2.143e-8
-138.104, 2.143e-8
-138.054, 2.142e-8
-138.004, 2.143e-8
-137.954, 2.143e-8
-137.904, 2.142e-8
-137.854, 2.142e-8
-137.804, 2.142e-8
-137.754, 2.143e-8
-137.704, 2.142e-8
-137.654, 2.142e-8
-137.604, 2.143e-8
-137.554, 2.142e-8
-137.504, 2.143e-8
-137.454, 2.143e-8
-137.404, 2.143e-8
-137.354, 2.143e-8
-137.304, 2.143e-8
-137.254, 2.143e-8
-137.204, 2.143e-8
-137.154, 2.143e-8
-137.104, 2.143e-8
-137.054, 2.143e-8
-137.004, 2.143e-8
-136.954, 2.143e-8
-136.904, 2.143e-8
-136.854, 2.143e-8
-136.804, 2.143e-8
-136.754, 2.143e-8
-136.704, 2.143e-8
-136.654, 2.143e-8
-136.604, 2.143e-8
-136.554, 2.143e-8
-136.504, 2.143e-8
-136.454, 2.143e-8
-136.404, 2.143e-8
-136.354, 2.143e-8
-136.304, 2.143e-8
-136.254, 2.143e-8
-136.204, 2.143e-8
-136.154, 2.143e-8
-136.104, 2.143e-8
-136.054, 2.143e-8
-136.004, 2.143e-8
-135.954, 2.143e-8
-135.904, 2.143e-8
-135.854, 2.143e-8
-135.804, 2.143e-8
-135.754, 2.143e-8
-135.704, 2.143e-8
-135.654, 2.143e-8
-135.604, 2.143e-8
-135.554, 2.143e-8
-135.504, 2.143e-8
-135.454, 2.143e-8
-135.404, 2.143e-8
-135.354, 2.143e-8
-135.304, 2.143e-8
-135.254, 2.143e-8
-135.204, 2.143e-8
-135.154, 2.143e-8
-135.104, 2.143e-8
-135.054, 2.143e-8
-135.004, 2.143e-8
-134.954, 2.143e-8
-134.904, 2.143e-8
-134.854, 2.143e-8
-134.804, 2.143e-8
-134.754, 2.143e-8
-134.704, 2.143e-8
-134.654, 2.143e-8
-134.604, 2.143e-8
-134.554, 2.143e-8
-134.504, 2.143e-8
-134.454, 2.143e-8
-134.404, 2.143e-8
-134.354, 2.143e-8
-134.304, 2.143e-8
-134.254, 2.143e-8
-134.204, 2.143e-8
-134.154, 2.143e-8
-134.104, 2.143e-8
-134.054, 2.143e-8
-134.004, 2.143e-8
-133.954, 2.143e-8
-133.904, 2.143e-8
-133.854, 2.143e-8
-133.804, 2.143e-8
-133.754, 2.143e-8
-133.704, 2.143e-8
-133.654, 2.143e-8
-133.604, 2.143e-8
-133.554, 2.143e-8
-133.504, 2.143e-8
-133.454, 2.143e-8
-133.404, 2.143e-8
-133.354, 2.143e-8
-133.304, 2.143e-8
-133.254, 2.143e-8
-133.204, 2.143e-8
-133.154, 2.143e-8
-133.104, 2.143e-8
-133.054, 2.143e-8
-133.004, 2.143e-8
-132.954, 2.144e-8
-132.904, 2.143e-8
-132.854, 2.143e-8
-132.804, 2.143e-8
-132.754, 2.144e-8
-132.704, 2.143e-8
-132.654, 2.144e-8
-132.604, 2.144e-8
-132.554, 2.144e-8
-132.504, 2.144e-8
-132.454, 2.144e-8
-132.404, 2.144e-8
-132.354, 2.144e-8
-132.304, 2.144e-8
-132.254, 2.144e-8
-132.204, 2.144e-8
-132.154, 2.144e-8
-132.104, 2.144e-8
-132.054, 2.144e-8
-132.004, 2.144e-8
-131.954, 2.144e-8
-131.904, 2.144e-8
-131.854, 2.144e-8
-131.804, 2.144e-8
-131.754, 2.144e-8
-131.704, 2.144e-8
-131.654, 2.144e-8
-131.604, 2.144e-8
-131.554, 2.144e-8
-131.504, 2.144e-8
-131.454, 2.144e-8
-131.404, 2.144e-8
-131.354, 2.144e-8
-131.304, 2.144e-8
-131.254, 2.144e-8
-131.204, 2.144e-8
-131.154, 2.144e-8
-131.104, 2.144e-8
-131.054, 2.144e-8
-131.004, 2.144e-8
-130.954, 2.144e-8
-130.904, 2.144e-8
-130.854, 2.144e-8
-130.804, 2.144e-8
-130.754, 2.144e-8
-130.704, 2.144e-8
-130.654, 2.144e-8
-130.604, 2.144e-8
-130.554, 2.144e-8
-130.504, 2.144e-8
-130.454, 2.144e-8
-130.404, 2.144e-8
-130.354, 2.144e-8
-130.304, 2.144e-8
-130.254, 2.144e-8
-130.204, 2.144e-8
-130.154, 2.144e-8
-130.104, 2.144e-8
-130.054, 2.144e-8
-130.004, 2.144e-8
-129.954, 2.144e-8
-129.904, 2.144e-8
-129.854, 2.144e-8
-129.804, 2.144e-8
-129.754, 2.144e-8
-129.704, 2.144e-8
-129.654, 2.144e-8
-129.604, 2.144e-8
-129.554, 2.144e-8
-129.504, 2.144e-8
-129.454, 2.144e-8
-129.404, 2.144e-8
-129.354, 2.144e-8
-129.304, 2.144e-8
-129.254, 2.144e-8
-129.204, 2.144e-8
-129.154, 2.144e-8
-129.104, 2.144e-8
-129.054, 2.144e-8
-129.004, 2.144e-8
-128.954, 2.144e-8
-128.904, 2.144e-8
-128.854, 2.144e-8
-128.804, 2.144e-8
-128.754, 2.144e-8
-128.704, 2.144e-8
-128.654, 2.144e-8
-128.604, 2.144e-8
-128.554, 2.144e-8
-128.504, 2.144e-8
-128.454, 2.144e-8
-128.404, 2.144e-8
-128.354, 2.144e-8
-128.304, 2.144e-8
-128.254, 2.144e-8
-128.204, 2.144e-8
-128.154, 2.144e-8
-128.104, 2.144e-8
-128.054, 2.144e-8
-128.004, 2.144e-8
-127.954, 2.144e-8
-127.904, 2.144e-8
-127.854, 2.144e-8
-127.804, 2.144e-8
-127.754, 2.144e-8
-127.704, 2.144e-8
-127.654, 2.144e-8
-127.604, 2.144e-8
-127.554, 2.144e-8
-127.504, 2.144e-8
-127.454, 2.144e-8
-127.404, 2.144e-8
-127.354, 2.144e-8
-127.304, 2.144e-8
-127.254, 2.144e-8
-127.204, 2.144e-8
-127.154, 2.145e-8
-127.104, 2.145e-8
-127.054, 2.144e-8
-127.004, 2.144e-8
-126.954, 2.144e-8
-126.904, 2.145e-8
-126.854, 2.144e-8
-126.804, 2.144e-8
-126.754, 2.145e-8
-126.704, 2.145e-8
-126.654, 2.144e-8
-126.604, 2.144e-8
-126.554, 2.145e-8
-126.504, 2.144e-8
-126.454, 2.144e-8
-126.404, 2.144e-8
-126.354, 2.144e-8
-126.304, 2.145e-8
-126.254, 2.145e-8
-126.204, 2.144e-8
-126.154, 2.145e-8
-126.104, 2.145e-8
-126.054, 2.145e-8
-126.004, 2.145e-8
-125.954, 2.145e-8
-125.904, 2.145e-8
-125.854, 2.145e-8
-125.804, 2.145e-8
-125.754, 2.145e-8
-125.704, 2.145e-8
-125.654, 2.145e-8
-125.604, 2.145e-8
-125.554, 2.145e-8
-125.504, 2.145e-8
-125.454, 2.145e-8
-125.404, 2.145e-8
-125.354, 2.145e-8
-125.303, 2.145e-8
-125.253, 2.145e-8
-125.203, 2.145e-8
-125.153, 2.145e-8
-125.103, 2.145e-8
-125.053, 2.145e-8
-125.003, 2.145e-8
-124.953, 2.145e-8
-124.903, 2.145e-8
-124.853, 2.145e-8
-124.803, 2.145e-8
-124.753, 2.145e-8
-124.703, 2.145e-8
-124.653, 2.145e-8
-124.603, 2.145e-8
-124.553, 2.145e-8
-124.503, 2.145e-8
-124.453, 2.145e-8
-124.403, 2.145e-8
-124.353, 2.145e-8
-124.303, 2.145e-8
-124.253, 2.145e-8
-124.203, 2.145e-8
-124.153, 2.145e-8
-124.103, 2.145e-8
-124.053, 2.145e-8
-124.003, 2.145e-8
-123.953, 2.145e-8
-123.903, 2.145e-8
-123.853, 2.145e-8
-123.803, 2.145e-8
-123.753, 2.145e-8
-123.703, 2.145e-8
-123.653, 2.145e-8
-123.603, 2.145e-8
-123.553, 2.145e-8
-123.503, 2.145e-8
-123.453, 2.145e-8
-123.403, 2.145e-8
-123.353, 2.145e-8
-123.303, 2.145e-8
-123.253, 2.145e-8
-123.203, 2.145e-8
-123.153, 2.145e-8
-123.103, 2.145e-8
-123.053, 2.145e-8
-123.003, 2.145e-8
-122.953, 2.145e-8
-122.903, 2.145e-8
-122.853, 2.145e-8
-122.803, 2.145e-8
-122.753, 2.145e-8
-122.703, 2.145e-8
-122.653, 2.145e-8
-122.603, 2.145e-8
-122.553, 2.145e-8
-122.503, 2.145e-8
-122.453, 2.145e-8
-122.403, 2.145e-8
-122.353, 2.145e-8
-122.303, 2.145e-8
-122.253, 2.145e-8
-122.203, 2.145e-8
-122.153, 2.146e-8
-122.103, 2.146e-8
-122.053, 2.145e-8
-122.003, 2.145e-8
-121.953, 2.146e-8
-121.903, 2.146e-8
-121.853, 2.146e-8
-121.803, 2.146e-8
-121.753, 2.146e-8
-121.703, 2.145e-8
-121.653, 2.145e-8
-121.603, 2.145e-8
-121.553, 2.145e-8
-121.503, 2.145e-8
-121.453, 2.146e-8
-121.403, 2.145e-8
-121.353, 2.145e-8
-121.303, 2.146e-8
-121.253, 2.146e-8
-121.203, 2.146e-8
-121.153, 2.146e-8
-121.103, 2.146e-8
-121.053, 2.146e-8
-121.003, 2.146e-8
-120.953, 2.146e-8
-120.903, 2.146e-8
-120.853, 2.146e-8
-120.803, 2.146e-8
-120.753, 2.146e-8
-120.703, 2.146e-8
-120.653, 2.146e-8
-120.603, 2.146e-8
-120.553, 2.146e-8
-120.503, 2.146e-8
-120.453, 2.146e-8
-120.403, 2.146e-8
-120.353, 2.146e-8
-120.303, 2.146e-8
-120.253, 2.146e-8
-120.203, 2.146e-8
-120.153, 2.146e-8
-120.103, 2.146e-8
-120.053, 2.146e-8
-120.003, 2.146e-8
-119.953, 2.146e-8
-119.903, 2.146e-8
-119.853, 2.146e-8
-119.803, 2.146e-8
-119.753, 2.146e-8
-119.703, 2.146e-8
-119.653, 2.146e-8
-119.603, 2.146e-8
-119.553, 2.146e-8
-119.503, 2.146e-8
-119.453, 2.146e-8
-119.403, 2.146e-8
-119.353, 2.146e-8
-119.303, 2.146e-8
-119.253, 2.146e-8
-119.203, 2.146e-8
-119.153, 2.146e-8
-119.103, 2.146e-8
-119.053, 2.146e-8
-119.003, 2.146e-8
-118.953, 2.146e-8
-118.903, 2.146e-8
-118.853, 2.146e-8
-118.803, 2.146e-8
-118.753, 2.146e-8
-118.703, 2.146e-8
-118.653, 2.146e-8
-118.603, 2.146e-8
-118.553, 2.146e-8
-118.503, 2.146e-8
-118.453, 2.146e-8
-118.403, 2.146e-8
-118.353, 2.146e-8
-118.303, 2.146e-8
-118.253, 2.146e-8
-118.203, 2.146e-8
-118.153, 2.146e-8
-118.103, 2.146e-8
-118.053, 2.146e-8
-118.003, 2.146e-8
-117.953, 2.146e-8
-117.903, 2.146e-8
-117.853, 2.146e-8
-117.803, 2.146e-8
-117.753, 2.146e-8
-117.703, 2.146e-8
-117.653, 2.146e-8
-117.603, 2.146e-8
-117.553, 2.146e-8
-117.503, 2.146e-8
-117.453, 2.146e-8
-117.403, 2.146e-8
-117.353, 2.146e-8
-117.303, 2.146e-8
-117.253, 2.146e-8
-117.203, 2.146e-8
-117.153, 2.146e-8
-117.103, 2.146e-8
-117.053, 2.146e-8
-117.003, 2.146e-8
-116.953, 2.147e-8
-116.903, 2.147e-8
-116.853, 2.147e-8
-116.803, 2.147e-8
-116.753, 2.146e-8
-116.703, 2.146e-8
-116.653, 2.147e-8
-116.603, 2.147e-8
-116.553, 2.147e-8
-116.503, 2.147e-8
-116.453, 2.147e-8
-116.403, 2.147e-8
-116.353, 2.147e-8
-116.303, 2.147e-8
-116.253, 2.146e-8
-116.203, 2.147e-8
-116.153, 2.147e-8
-116.103, 2.146e-8
-116.053, 2.146e-8
-116.003, 2.147e-8
-115.953, 2.147e-8
-115.903, 2.147e-8
-115.853, 2.147e-8
-115.803, 2.147e-8
-115.753, 2.147e-8
-115.703, 2.147e-8
-115.653, 2.147e-8
-115.603, 2.147e-8
-115.553, 2.147e-8
-115.503, 2.147e-8
-115.453, 2.147e-8
-115.403, 2.147e-8
-115.353, 2.147e-8
-115.303, 2.147e-8
-115.253, 2.147e-8
-115.203, 2.147e-8
-115.153, 2.147e-8
-115.103, 2.147e-8
-115.053, 2.147e-8
-115.003, 2.147e-8
-114.953, 2.147e-8
-114.903, 2.147e-8
-114.853, 2.147e-8
-114.803, 2.147e-8
-114.753, 2.147e-8
-114.703, 2.147e-8
-114.653, 2.147e-8
-114.603, 2.147e-8
-114.553, 2.147e-8
-114.503, 2.147e-8
-114.453, 2.147e-8
-114.403, 2.147e-8
-114.353, 2.147e-8
-114.303, 2.147e-8
-114.253, 2.147e-8
-114.203, 2.147e-8
-114.153, 2.147e-8
-114.103, 2.147e-8
-114.053, 2.147e-8
-114.003, 2.147e-8
-113.953, 2.147e-8
-113.903, 2.147e-8
-113.853, 2.147e-8
-113.803, 2.147e-8
-113.753, 2.147e-8
-113.703, 2.147e-8
-113.653, 2.147e-8
-113.603, 2.147e-8
-113.553, 2.147e-8
-113.503, 2.147e-8
-113.453, 2.147e-8
-113.403, 2.147e-8
-113.353, 2.147e-8
-113.303, 2.147e-8
-113.253, 2.147e-8
-113.203, 2.147e-8
-113.153, 2.147e-8
-113.103, 2.147e-8
-113.053, 2.147e-8
-113.003, 2.147e-8
-112.953, 2.147e-8
-112.903, 2.147e-8
-112.853, 2.147e-8
-112.803, 2.147e-8
-112.753, 2.147e-8
-112.703, 2.147e-8
-112.653, 2.147e-8
-112.603, 2.147e-8
-112.553, 2.147e-8
-112.503, 2.147e-8
-112.453, 2.147e-8
-112.403, 2.147e-8
-112.353, 2.147e-8
-112.303, 2.147e-8
-112.253, 2.147e-8
-112.203, 2.147e-8
-112.153, 2.147e-8
-112.103, 2.147e-8
-112.053, 2.147e-8
-112.003, 2.147e-8
-111.953, 2.147e-8
-111.903, 2.147e-8
-111.853, 2.147e-8
-111.803, 2.147e-8
-111.753, 2.147e-8
-111.703, 2.147e-8
-111.653, 2.147e-8
-111.603, 2.147e-8
-111.553, 2.147e-8
-111.503, 2.147e-8
-111.453, 2.147e-8
-111.403, 2.147e-8
-111.353, 2.147e-8
-111.303, 2.147e-8
-111.253, 2.147e-8
-111.203, 2.147e-8
-111.153, 2.147e-8
-111.103, 2.147e-8
-111.053, 2.147e-8
-111.003, 2.147e-8
-110.953, 2.147e-8
-110.903, 2.147e-8
-110.853, 2.147e-8
-110.803, 2.147e-8
-110.753, 2.147e-8
-110.703, 2.147e-8
-110.653, 2.147e-8
-110.603, 2.147e-8
-110.553, 2.147e-8
-110.503, 2.147e-8
-110.453, 2.147e-8
-110.403, 2.147e-8
-110.353, 2.147e-8
-110.303, 2.147e-8
-110.253, 2.147e-8
-110.203, 2.147e-8
-110.153, 2.147e-8
-110.103, 2.147e-8
-110.053, 2.147e-8
-110.003, 2.147e-8
-109.953, 2.147e-8
-109.903, 2.147e-8
-109.853, 2.147e-8
-109.803, 2.147e-8
-109.753, 2.147e-8
-109.703, 2.147e-8
-109.653, 2.147e-8
-109.603, 2.147e-8
-109.553, 2.147e-8
-109.503, 2.147e-8
-109.453, 2.147e-8
-109.403, 2.147e-8
-109.353, 2.147e-8
-109.303, 2.147e-8
-109.253, 2.147e-8
-109.203, 2.147e-8
-109.153, 2.147e-8
-109.103, 2.147e-8
-109.053, 2.147e-8
-109.003, 2.147e-8
-108.952, 2.147e-8
-108.902, 2.148e-8
-108.852, 2.147e-8
-108.802, 2.147e-8
-108.752, 2.147e-8
-108.702, 2.147e-8
-108.652, 2.147e-8
-108.602, 2.148e-8
-108.552, 2.147e-8
-108.502, 2.148e-8
-108.452, 2.147e-8
-108.402, 2.147e-8
-108.352, 2.147e-8
-108.302, 2.147e-8
-108.252, 2.147e-8
-108.202, 2.148e-8
-108.152, 2.148e-8
-108.102, 2.148e-8
-108.052, 2.148e-8
-108.002, 2.148e-8
-107.952, 2.148e-8
-107.902, 2.148e-8
-107.852, 2.148e-8
-107.802, 2.148e-8
-107.752, 2.148e-8
-107.702, 2.148e-8
-107.652, 2.148e-8
-107.602, 2.148e-8
-107.552, 2.148e-8
-107.502, 2.148e-8
-107.452, 2.148e-8
-107.402, 2.148e-8
-107.352, 2.148e-8
-107.302, 2.148e-8
-107.252, 2.148e-8
-107.202, 2.148e-8
-107.152, 2.148e-8
-107.102, 2.148e-8
-107.052, 2.148e-8
-107.002, 2.148e-8
-106.952, 2.148e-8
-106.902, 2.148e-8
-106.852, 2.148e-8
-106.802, 2.148e-8
-106.752, 2.147e-8
-106.702, 2.148e-8
-106.652, 2.148e-8
-106.602, 2.148e-8
-106.552, 2.148e-8
-106.502, 2.148e-8
-106.452, 2.148e-8
-106.402, 2.148e-8
-106.352, 2.148e-8
-106.302, 2.148e-8
-106.252, 2.148e-8
-106.202, 2.148e-8
-106.152, 2.148e-8
-106.102, 2.148e-8
-106.052, 2.148e-8
-106.002, 2.148e-8
-105.952, 2.148e-8
-105.902, 2.148e-8
-105.852, 2.148e-8
-105.802, 2.148e-8
-105.752, 2.148e-8
-105.702, 2.148e-8
-105.652, 2.148e-8
-105.602, 2.148e-8
-105.552, 2.148e-8
-105.502, 2.148e-8
-105.452, 2.148e-8
-105.402, 2.148e-8
-105.352, 2.148e-8
-105.302, 2.148e-8
-105.252, 2.148e-8
-105.202, 2.148e-8
-105.152, 2.148e-8
-105.102, 2.148e-8
-105.052, 2.148e-8
-105.002, 2.148e-8
-104.952, 2.148e-8
-104.902, 2.148e-8
-104.852, 2.148e-8
-104.802, 2.148e-8
-104.752, 2.148e-8
-104.702, 2.148e-8
-104.652, 2.148e-8
-104.602, 2.148e-8
-104.552, 2.148e-8
-104.502, 2.148e-8
-104.452, 2.148e-8
-104.402, 2.148e-8
-104.352, 2.148e-8
-104.302, 2.148e-8
-104.252, 2.148e-8
-104.202, 2.148e-8
-104.152, 2.148e-8
-104.102, 2.148e-8
-104.052, 2.148e-8
-104.002, 2.148e-8
-103.952, 2.148e-8
-103.902, 2.148e-8
-103.852, 2.148e-8
-103.802, 2.148e-8
-103.752, 2.148e-8
-103.702, 2.148e-8
-103.652, 2.148e-8
-103.602, 2.148e-8
-103.552, 2.148e-8
-103.502, 2.148e-8
-103.452, 2.148e-8
-103.402, 2.148e-8
-103.352, 2.148e-8
-103.302, 2.148e-8
-103.252, 2.148e-8
-103.202, 2.148e-8
-103.152, 2.148e-8
-103.102, 2.148e-8
-103.052, 2.148e-8
-103.002, 2.148e-8
-102.952, 2.148e-8
-102.902, 2.148e-8
-102.852, 2.148e-8
-102.802, 2.148e-8
-102.752, 2.148e-8
-102.702, 2.148e-8
-102.652, 2.148e-8
-102.602, 2.148e-8
-102.552, 2.148e-8
-102.502, 2.148e-8
-102.452, 2.148e-8
-102.402, 2.148e-8
-102.352, 2.148e-8
-102.302, 2.148e-8
-102.252, 2.148e-8
-102.202, 2.148e-8
-102.152, 2.148e-8
-102.102, 2.148e-8
-102.052, 2.148e-8
-102.002, 2.148e-8
-101.952, 2.148e-8
-101.902, 2.148e-8
-101.852, 2.148e-8
-101.802, 2.148e-8
-101.752, 2.148e-8
-101.702, 2.148e-8
-101.652, 2.148e-8
-101.602, 2.148e-8
-101.552, 2.148e-8
-101.502, 2.148e-8
-101.452, 2.148e-8
-101.402, 2.149e-8
-101.352, 2.148e-8
-101.302, 2.148e-8
-101.252, 2.148e-8
-101.202, 2.149e-8
-101.152, 2.148e-8
-101.102, 2.148e-8
-101.052, 2.148e-8
-101.002, 2.148e-8
-100.952, 2.148e-8
-100.902, 2.148e-8
-100.852, 2.148e-8
-100.802, 2.148e-8
-100.752, 2.148e-8
-100.702, 2.149e-8
-100.652, 2.149e-8
-100.602, 2.149e-8
-100.552, 2.149e-8
-100.502, 2.149e-8
-100.452, 2.149e-8
-100.402, 2.149e-8
-100.352, 2.149e-8
-100.302, 2.149e-8
-100.252, 2.149e-8
-100.202, 2.149e-8
-100.152, 2.149e-8
-100.102, 2.149e-8
-100.052, 2.149e-8
-100.002, 2.149e-8
-99.952, 2.149e-8
-99.902, 2.149e-8
-99.852, 2.149e-8
-99.802, 2.149e-8
-99.752, 2.149e-8
-99.702, 2.149e-8
-99.652, 2.149e-8
-99.602, 2.149e-8
-99.552, 2.149e-8
-99.502, 2.149e-8
-99.452, 2.149e-8
-99.402, 2.149e-8
-99.352, 2.149e-8
-99.302, 2.149e-8
-99.252, 2.149e-8
-99.202, 2.149e-8
-99.152, 2.149e-8
-99.102, 2.149e-8
-99.052, 2.149e-8
-99.002, 2.149e-8
-98.952, 2.149e-8
-98.902, 2.149e-8
-98.852, 2.149e-8
-98.802, 2.149e-8
-98.752, 2.149e-8
-98.702, 2.149e-8
-98.652, 2.149e-8
-98.602, 2.149e-8
-98.552, 2.149e-8
-98.502, 2.149e-8
-98.452, 2.149e-8
-98.402, 2.149e-8
-98.352, 2.149e-8
-98.302, 2.149e-8
-98.252, 2.149e-8
-98.202, 2.149e-8
-98.152, 2.149e-8
-98.102, 2.149e-8
-98.052, 2.149e-8
-98.002, 2.149e-8
-97.952, 2.149e-8
-97.902, 2.149e-8
-97.852, 2.149e-8
-97.802, 2.149e-8
-97.752, 2.149e-8
-97.702, 2.149e-8
-97.652, 2.149e-8
-97.602, 2.149e-8
-97.552, 2.149e-8
-97.502, 2.149e-8
-97.452, 2.149e-8
-97.402, 2.149e-8
-97.352, 2.149e-8
-97.302, 2.149e-8
-97.252, 2.149e-8
-97.202, 2.149e-8
-97.152, 2.149e-8
-97.102, 2.149e-8
-97.052, 2.149e-8
-97.002, 2.149e-8
-96.952, 2.149e-8
-96.902, 2.149e-8
-96.852, 2.149e-8
-96.802, 2.149e-8
-96.752, 2.149e-8
-96.702, 2.149e-8
-96.652, 2.149e-8
-96.602, 2.149e-8
-96.552, 2.149e-8
-96.502, 2.149e-8
-96.452, 2.149e-8
-96.402, 2.149e-8
-96.352, 2.149e-8
-96.302, 2.149e-8
-96.252, 2.149e-8
-96.202, 2.149e-8
-96.152, 2.149e-8
-96.102, 2.149e-8
-96.052, 2.149e-8
-96.002, 2.149e-8
-95.952, 2.149e-8
-95.902, 2.149e-8
-95.852, 2.149e-8
-95.802, 2.149e-8
-95.752, 2.149e-8
-95.702, 2.149e-8
-95.652, 2.149e-8
-95.602, 2.149e-8
-95.552, 2.149e-8
-95.502, 2.149e-8
-95.452, 2.149e-8
-95.402, 2.149e-8
-95.352, 2.149e-8
-95.302, 2.149e-8
-95.252, 2.149e-8
-95.202, 2.149e-8
-95.152, 2.149e-8
-95.102, 2.149e-8
-95.052, 2.149e-8
-95.002, 2.149e-8
-94.952, 2.149e-8
-94.902, 2.149e-8
-94.852, 2.149e-8
-94.802, 2.149e-8
-94.752, 2.149e-8
-94.702, 2.149e-8
-94.652, 2.149e-8
-94.602, 2.149e-8
-94.552, 2.149e-8
-94.502, 2.149e-8
-94.452, 2.149e-8
-94.402, 2.149e-8
-94.352, 2.149e-8
-94.302, 2.149e-8
-94.252, 2.149e-8
-94.202, 2.149e-8
-94.152, 2.149e-8
-94.102, 2.149e-8
-94.052, 2.149e-8
-94.002, 2.149e-8
-93.952, 2.149e-8
-93.902, 2.149e-8
-93.852, 2.149e-8
-93.802, 2.149e-8
-93.752, 2.149e-8
-93.702, 2.149e-8
-93.652, 2.149e-8
-93.602, 2.149e-8
-93.552, 2.149e-8
-93.502, 2.149e-8
-93.452, 2.149e-8
-93.402, 2.149e-8
-93.352, 2.149e-8
-93.302, 2.149e-8
-93.252, 2.149e-8
-93.202, 2.150e-8
-93.152, 2.149e-8
-93.102, 2.149e-8
-93.052, 2.149e-8
-93.002, 2.149e-8
-92.952, 2.149e-8
-92.902, 2.149e-8
-92.852, 2.149e-8
-92.802, 2.149e-8
-92.752, 2.149e-8
-92.702, 2.149e-8
-92.652, 2.149e-8
-92.602, 2.149e-8
-92.551, 2.149e-8
-92.501, 2.149e-8
-92.451, 2.149e-8
-92.401, 2.149e-8
-92.351, 2.149e-8
-92.301, 2.149e-8
-92.251, 2.150e-8
-92.201, 2.150e-8
-92.151, 2.149e-8
-92.101, 2.149e-8
-92.051, 2.149e-8
-92.001, 2.149e-8
-91.951, 2.149e-8
-91.901, 2.149e-8
-91.851, 2.149e-8
-91.801, 2.149e-8
-91.751, 2.149e-8
-91.701, 2.149e-8
-91.651, 2.149e-8
-91.601, 2.149e-8
-91.551, 2.149e-8
-91.501, 2.149e-8
-91.451, 2.149e-8
-91.401, 2.150e-8
-91.351, 2.149e-8
-91.301, 2.150e-8
-91.251, 2.149e-8
-91.201, 2.149e-8
-91.151, 2.150e-8
-91.101, 2.149e-8
-91.051, 2.149e-8
-91.001, 2.150e-8
-90.951, 2.150e-8
-90.901, 2.150e-8
-90.851, 2.150e-8
-90.801, 2.150e-8
-90.751, 2.149e-8
-90.701, 2.149e-8
-90.651, 2.149e-8
-90.601, 2.150e-8
-90.551, 2.150e-8
-90.501, 2.150e-8
-90.451, 2.150e-8
-90.401, 2.150e-8
-90.351, 2.150e-8
-90.301, 2.150e-8
-90.251, 2.150e-8
-90.201, 2.150e-8
-90.151, 2.150e-8
-90.101, 2.150e-8
-90.051, 2.150e-8
-90.001, 2.150e-8
-89.951, 2.150e-8
-89.901, 2.150e-8
-89.851, 2.150e-8
-89.801, 2.150e-8
-89.751, 2.150e-8
-89.701, 2.150e-8
-89.651, 2.150e-8
-89.601, 2.150e-8
-89.551, 2.150e-8
-89.501, 2.150e-8
-89.451, 2.150e-8
-89.401, 2.149e-8
-89.351, 2.149e-8
-89.301, 2.150e-8
-89.251, 2.150e-8
-89.201, 2.150e-8
-89.151, 2.150e-8
-89.101, 2.150e-8
-89.051, 2.150e-8
-89.001, 2.150e-8
-88.951, 2.150e-8
-88.901, 2.150e-8
-88.851, 2.150e-8
-88.801, 2.150e-8
-88.751, 2.150e-8
-88.701, 2.150e-8
-88.651, 2.150e-8
-88.601, 2.150e-8
-88.551, 2.150e-8
-88.501, 2.150e-8
-88.451, 2.150e-8
-88.401, 2.150e-8
-88.351, 2.150e-8
-88.301, 2.149e-8
-88.251, 2.149e-8
-88.201, 2.149e-8
-88.151, 2.149e-8
-88.101, 2.150e-8
-88.051, 2.150e-8
-88.001, 2.150e-8
-87.951, 2.150e-8
-87.901, 2.150e-8
-87.851, 2.150e-8
-87.801, 2.150e-8
-87.751, 2.150e-8
-87.701, 2.150e-8
-87.651, 2.150e-8
-87.601, 2.150e-8
-87.551, 2.150e-8
-87.501, 2.150e-8
-87.451, 2.150e-8
-87.401, 2.150e-8
-87.351, 2.150e-8
-87.301, 2.150e-8
-87.251, 2.150e-8
-87.201, 2.150e-8
-87.151, 2.150e-8
-87.101, 2.150e-8
-87.051, 2.150e-8
-87.001, 2.150e-8
-86.951, 2.150e-8
-86.901, 2.150e-8
-86.851, 2.150e-8
-86.801, 2.150e-8
-86.751, 2.150e-8
-86.701, 2.150e-8
-86.651, 2.150e-8
-86.601, 2.150e-8
-86.551, 2.150e-8
-86.501, 2.150e-8
-86.451, 2.150e-8
-86.401, 2.150e-8
-86.351, 2.150e-8
-86.301, 2.150e-8
-86.251, 2.150e-8
-86.201, 2.150e-8
-86.151, 2.150e-8
-86.101, 2.150e-8
-86.051, 2.150e-8
-86.001, 2.150e-8
-85.951, 2.150e-8
-85.901, 2.150e-8
-85.851, 2.150e-8
-85.801, 2.150e-8
-85.751, 2.150e-8
-85.701, 2.150e-8
-85.651, 2.150e-8
-85.601, 2.150e-8
-85.551, 2.150e-8
-85.501, 2.150e-8
-85.451, 2.150e-8
-85.401, 2.150e-8
-85.351, 2.150e-8
-85.301, 2.150e-8
-85.251, 2.150e-8
-85.201, 2.150e-8
-85.151, 2.150e-8
-85.101, 2.150e-8
-85.051, 2.150e-8
-85.001, 2.150e-8
-84.951, 2.150e-8
-84.901, 2.150e-8
-84.851, 2.150e-8
-84.801, 2.150e-8
-84.751, 2.150e-8
-84.701, 2.150e-8
-84.651, 2.150e-8
-84.601, 2.150e-8
-84.551, 2.150e-8
-84.501, 2.150e-8
-84.451, 2.150e-8
-84.401, 2.150e-8
-84.351, 2.150e-8
-84.301, 2.150e-8
-84.251, 2.150e-8
-84.201, 2.150e-8
-84.151, 2.150e-8
-84.101, 2.150e-8
-84.051, 2.150e-8
-84.001, 2.150e-8
-83.951, 2.150e-8
-83.901, 2.150e-8
-83.851, 2.150e-8
-83.801, 2.150e-8
-83.751, 2.150e-8
-83.701, 2.150e-8
-83.651, 2.150e-8
-83.601, 2.150e-8
-83.551, 2.150e-8
-83.501, 2.150e-8
-83.451, 2.150e-8
-83.401, 2.150e-8
-83.351, 2.150e-8
-83.301, 2.150e-8
-83.251, 2.150e-8
-83.201, 2.150e-8
-83.151, 2.150e-8
-83.101, 2.150e-8
-83.051, 2.150e-8
-83.001, 2.150e-8
-82.951, 2.150e-8
-82.901, 2.150e-8
-82.851, 2.150e-8
-82.801, 2.150e-8
-82.751, 2.150e-8
-82.701, 2.150e-8
-82.651, 2.150e-8
-82.601, 2.150e-8
-82.551, 2.150e-8
-82.501, 2.150e-8
-82.451, 2.150e-8
-82.401, 2.150e-8
-82.351, 2.150e-8
-82.301, 2.150e-8
-82.251, 2.150e-8
-82.201, 2.150e-8
-82.151, 2.150e-8
-82.101, 2.150e-8
-82.051, 2.150e-8
-82.001, 2.150e-8
-81.951, 2.150e-8
-81.901, 2.150e-8
-81.851, 2.150e-8
-81.801, 2.150e-8
-81.751, 2.150e-8
-81.701, 2.150e-8
-81.651, 2.150e-8
-81.601, 2.150e-8
-81.551, 2.150e-8
-81.501, 2.150e-8
-81.451, 2.150e-8
-81.401, 2.150e-8
-81.351, 2.150e-8
-81.301, 2.150e-8
-81.251, 2.150e-8
-81.201, 2.150e-8
-81.151, 2.150e-8
-81.101, 2.150e-8
-81.051, 2.150e-8
-81.001, 2.150e-8
-80.951, 2.150e-8
-80.901, 2.150e-8
-80.851, 2.150e-8
-80.801, 2.150e-8
-80.751, 2.150e-8
-80.701, 2.150e-8
-80.651, 2.150e-8
-80.601, 2.150e-8
-80.551, 2.150e-8
-80.501, 2.150e-8
-80.451, 2.150e-8
-80.401, 2.150e-8
-80.351, 2.150e-8
-80.301, 2.150e-8
-80.251, 2.150e-8
-80.201, 2.150e-8
-80.151, 2.150e-8
-80.101, 2.150e-8
-80.051, 2.150e-8
-80.001, 2.150e-8
-79.951, 2.150e-8
-79.901, 2.150e-8
-79.851, 2.150e-8
-79.801, 2.150e-8
-79.751, 2.150e-8
-79.701, 2.150e-8
-79.651, 2.150e-8
-79.601, 2.150e-8
-79.551, 2.150e-8
-79.501, 2.150e-8
-79.451, 2.150e-8
-79.401, 2.150e-8
-79.351, 2.150e-8
-79.301, 2.150e-8
-79.251, 2.150e-8
-79.201, 2.150e-8
-79.151, 2.150e-8
-79.101, 2.150e-8
-79.051, 2.150e-8
-79.001, 2.150e-8
-78.951, 2.150e-8
-78.901, 2.150e-8
-78.851, 2.150e-8
-78.801, 2.150e-8
-78.751, 2.150e-8
-78.701, 2.150e-8
-78.651, 2.150e-8
-78.601, 2.150e-8
-78.551, 2.150e-8
-78.501, 2.150e-8
-78.451, 2.150e-8
-78.401, 2.150e-8
-78.351, 2.150e-8
-78.301, 2.150e-8
-78.251, 2.150e-8
-78.201, 2.150e-8
-78.151, 2.150e-8
-78.101, 2.150e-8
-78.051, 2.150e-8
-78.001, 2.150e-8
-77.951, 2.150e-8
-77.901, 2.150e-8
-77.851, 2.150e-8
-77.801, 2.150e-8
-77.751, 2.150e-8
-77.701, 2.150e-8
-77.651, 2.150e-8
-77.601, 2.150e-8
-77.551, 2.150e-8
-77.501, 2.150e-8
-77.451, 2.150e-8
-77.401, 2.150e-8
-77.351, 2.150e-8
-77.301, 2.150e-8
-77.251, 2.150e-8
-77.201, 2.150e-8
-77.151, 2.150e-8
-77.101, 2.150e-8
-77.051, 2.150e-8
-77.001, 2.150e-8
-76.951, 2.150e-8
-76.901, 2.150e-8
-76.851, 2.150e-8
-76.801, 2.150e-8
-76.751, 2.150e-8
-76.701, 2.150e-8
-76.651, 2.150e-8
-76.601, 2.150e-8
-76.551, 2.150e-8
-76.501, 2.150e-8
-76.451, 2.150e-8
-76.401, 2.150e-8
-76.351, 2.150e-8
-76.301, 2.150e-8
-76.251, 2.150e-8
-76.201, 2.150e-8
-76.150, 2.150e-8
-76.100, 2.150e-8
-76.050, 2.150e-8
-76.000, 2.150e-8
-75.950, 2.150e-8
-75.900, 2.150e-8
-75.850, 2.150e-8
-75.800, 2.150e-8
-75.750, 2.150e-8
-75.700, 2.150e-8
-75.650, 2.150e-8
-75.600, 2.150e-8
-75.550, 2.150e-8
-75.500, 2.150e-8
-75.450, 2.150e-8
-75.400, 2.150e-8
-75.350, 2.150e-8
-75.300, 2.150e-8
-75.250, 2.150e-8
-75.200, 2.150e-8
-75.150, 2.150e-8
-75.100, 2.150e-8
-75.050, 2.150e-8
-75.000, 2.150e-8
-74.950, 2.150e-8
-74.900, 2.150e-8
-74.850, 2.150e-8
-74.800, 2.150e-8
-74.750, 2.150e-8
-74.700, 2.150e-8
-74.650, 2.150e-8
-74.600, 2.150e-8
-74.550, 2.150e-8
-74.500, 2.150e-8
-74.450, 2.149e-8
-74.400, 2.150e-8
-74.350, 2.150e-8
-74.300, 2.150e-8
-74.250, 2.150e-8
-74.200, 2.150e-8
-74.150, 2.150e-8
-74.100, 2.149e-8
-74.050, 2.149e-8
-74.000, 2.149e-8
-73.950, 2.150e-8
-73.900, 2.150e-8
-73.850, 2.149e-8
-73.800, 2.149e-8
-73.750, 2.150e-8
-73.700, 2.149e-8
-73.650, 2.150e-8
-73.600, 2.150e-8
-73.550, 2.150e-8
-73.500, 2.149e-8
-73.450, 2.150e-8
-73.400, 2.150e-8
-73.350, 2.150e-8
-73.300, 2.150e-8
-73.250, 2.150e-8
-73.200, 2.150e-8
-73.150, 2.150e-8
-73.100, 2.150e-8
-73.050, 2.150e-8
-73.000, 2.150e-8
-72.950, 2.150e-8
-72.900, 2.150e-8
-72.850, 2.150e-8
-72.800, 2.150e-8
-72.750, 2.150e-8
-72.700, 2.150e-8
-72.650, 2.149e-8
-72.600, 2.149e-8
-72.550, 2.149e-8
-72.500, 2.149e-8
-72.450, 2.149e-8
-72.400, 2.149e-8
-72.350, 2.150e-8
-72.300, 2.149e-8
-72.250, 2.149e-8
-72.200, 2.150e-8
-72.150, 2.149e-8
-72.100, 2.150e-8
-72.050, 2.149e-8
-72.000, 2.149e-8
-71.950, 2.149e-8
-71.900, 2.150e-8
-71.850, 2.149e-8
-71.800, 2.150e-8
-71.750, 2.150e-8
-71.700, 2.150e-8
-71.650, 2.150e-8
-71.600, 2.150e-8
-71.550, 2.149e-8
-71.500, 2.149e-8
-71.450, 2.149e-8
-71.400, 2.149e-8
-71.350, 2.149e-8
-71.300, 2.149e-8
-71.250, 2.149e-8
-71.200, 2.149e-8
-71.150, 2.150e-8
-71.100, 2.150e-8
-71.050, 2.149e-8
-71.000, 2.149e-8
-70.950, 2.150e-8
-70.900, 2.150e-8
-70.850, 2.150e-8
-70.800, 2.150e-8
-70.750, 2.150e-8
-70.700, 2.149e-8
-70.650, 2.149e-8
-70.600, 2.149e-8
-70.550, 2.149e-8
-70.500, 2.149e-8
-70.450, 2.149e-8
-70.400, 2.149e-8
-70.350, 2.149e-8
-70.300, 2.148e-8
-70.250, 2.148e-8
-70.200, 2.148e-8
-70.150, 2.149e-8
-70.100, 2.149e-8
-70.050, 2.149e-8
-70.000, 2.149e-8
-69.950, 2.149e-8
-69.900, 2.149e-8
-69.850, 2.149e-8
-69.800, 2.149e-8
-69.750, 2.149e-8
-69.700, 2.149e-8
-69.650, 2.149e-8
-69.600, 2.149e-8
-69.550, 2.149e-8
-69.500, 2.149e-8
-69.450, 2.149e-8
-69.400, 2.149e-8
-69.350, 2.149e-8
-69.300, 2.149e-8
-69.250, 2.149e-8
-69.200, 2.149e-8
-69.150, 2.149e-8
-69.100, 2.149e-8
-69.050, 2.149e-8
-69.000, 2.149e-8
-68.950, 2.149e-8
-68.900, 2.149e-8
-68.850, 2.149e-8
-68.800, 2.149e-8
-68.750, 2.149e-8
-68.700, 2.149e-8
-68.650, 2.149e-8
-68.600, 2.149e-8
-68.550, 2.149e-8
-68.500, 2.149e-8
-68.450, 2.149e-8
-68.400, 2.149e-8
-68.350, 2.149e-8
-68.300, 2.149e-8
-68.250, 2.149e-8
-68.200, 2.149e-8
-68.150, 2.149e-8
-68.100, 2.149e-8
-68.050, 2.149e-8
-68.000, 2.149e-8
-67.950, 2.149e-8
-67.900, 2.149e-8
-67.850, 2.149e-8
-67.800, 2.149e-8
-67.750, 2.149e-8
-67.700, 2.149e-8
-67.650, 2.149e-8
-67.600, 2.149e-8
-67.550, 2.149e-8
-67.500, 2.149e-8
-67.450, 2.149e-8
-67.400, 2.149e-8
-67.350, 2.149e-8
-67.300, 2.149e-8
-67.250, 2.149e-8
-67.200, 2.149e-8
-67.150, 2.149e-8
-67.100, 2.149e-8
-67.050, 2.149e-8
-67.000, 2.149e-8
-66.950, 2.149e-8
-66.900, 2.149e-8
-66.850, 2.149e-8
-66.800, 2.149e-8
-66.750, 2.149e-8
-66.700, 2.149e-8
-66.650, 2.149e-8
-66.600, 2.149e-8
-66.550, 2.149e-8
-66.500, 2.149e-8
-66.450, 2.149e-8
-66.400, 2.149e-8
-66.350, 2.149e-8
-66.300, 2.149e-8
-66.250, 2.149e-8
-66.200, 2.149e-8
-66.150, 2.149e-8
-66.100, 2.149e-8
-66.050, 2.149e-8
-66.000, 2.149e-8
-65.950, 2.149e-8
-65.900, 2.149e-8
-65.850, 2.149e-8
-65.800, 2.149e-8
-65.750, 2.149e-8
-65.700, 2.149e-8
-65.650, 2.149e-8
-65.600, 2.149e-8
-65.550, 2.149e-8
-65.500, 2.149e-8
-65.450, 2.149e-8
-65.400, 2.149e-8
-65.350, 2.149e-8
-65.300, 2.149e-8
-65.250, 2.149e-8
-65.200, 2.149e-8
-65.150, 2.149e-8
-65.100, 2.149e-8
-65.050, 2.149e-8
-65.000, 2.149e-8
-64.950, 2.149e-8
-64.900, 2.149e-8
-64.850, 2.149e-8
-64.800, 2.149e-8
-64.750, 2.149e-8
-64.700, 2.149e-8
-64.650, 2.149e-8
-64.600, 2.149e-8
-64.550, 2.149e-8
-64.500, 2.149e-8
-64.450, 2.149e-8
-64.400, 2.149e-8
-64.350, 2.149e-8
-64.300, 2.148e-8
-64.250, 2.148e-8
-64.200, 2.149e-8
-64.150, 2.149e-8
-64.100, 2.149e-8
-64.050, 2.149e-8
-64.000, 2.149e-8
-63.950, 2.149e-8
-63.900, 2.148e-8
-63.850, 2.148e-8
-63.800, 2.148e-8
-63.750, 2.149e-8
-63.700, 2.148e-8
-63.650, 2.149e-8
-63.600, 2.149e-8
-63.550, 2.149e-8
-63.500, 2.149e-8
-63.450, 2.149e-8
-63.400, 2.148e-8
-63.350, 2.148e-8
-63.300, 2.148e-8
-63.250, 2.148e-8
-63.200, 2.148e-8
-63.150, 2.148e-8
-63.100, 2.148e-8
-63.050, 2.148e-8
-63.000, 2.148e-8
-62.950, 2.148e-8
-62.900, 2.148e-8
-62.850, 2.148e-8
-62.800, 2.148e-8
-62.750, 2.148e-8
-62.700, 2.148e-8
-62.650, 2.148e-8
-62.600, 2.148e-8
-62.550, 2.148e-8
-62.500, 2.148e-8
-62.450, 2.148e-8
-62.400, 2.148e-8
-62.350, 2.148e-8
-62.300, 2.148e-8
-62.250, 2.148e-8
-62.200, 2.148e-8
-62.150, 2.148e-8
-62.100, 2.148e-8
-62.050, 2.148e-8
-62.000, 2.148e-8
-61.950, 2.148e-8
-61.900, 2.148e-8
-61.850, 2.148e-8
-61.800, 2.148e-8
-61.750, 2.148e-8
-61.700, 2.148e-8
-61.650, 2.148e-8
-61.600, 2.148e-8
-61.550, 2.148e-8
-61.500, 2.148e-8
-61.450, 2.148e-8
-61.400, 2.148e-8
-61.350, 2.148e-8
-61.300, 2.148e-8
-61.250, 2.148e-8
-61.200, 2.148e-8
-61.150, 2.148e-8
-61.100, 2.148e-8
-61.050, 2.148e-8
-61.000, 2.148e-8
-60.950, 2.148e-8
-60.900, 2.148e-8
-60.850, 2.148e-8
-60.800, 2.148e-8
-60.750, 2.148e-8
-60.700, 2.148e-8
-60.650, 2.148e-8
-60.600, 2.148e-8
-60.550, 2.148e-8
-60.500, 2.148e-8
-60.450, 2.148e-8
-60.400, 2.147e-8
-60.350, 2.147e-8
-60.300, 2.147e-8
-60.250, 2.147e-8
-60.200, 2.147e-8
-60.150, 2.147e-8
-60.100, 2.147e-8
-60.050, 2.147e-8
-60.000, 2.147e-8
-59.950, 2.148e-8
-59.900, 2.147e-8
-59.850, 2.148e-8
-59.800, 2.148e-8
-59.750, 2.148e-8
-59.700, 2.148e-8
-59.650, 2.148e-8
-59.600, 2.148e-8
-59.550, 2.147e-8
-59.500, 2.147e-8
-59.450, 2.147e-8
-59.400, 2.147e-8
-59.350, 2.147e-8
-59.300, 2.147e-8
-59.250, 2.147e-8
-59.200, 2.147e-8
-59.150, 2.147e-8
-59.100, 2.147e-8
-59.050, 2.147e-8
-59.000, 2.147e-8
-58.950, 2.147e-8
-58.900, 2.147e-8
-58.850, 2.147e-8
-58.800, 2.147e-8
-58.750, 2.147e-8
-58.700, 2.147e-8
-58.650, 2.147e-8
-58.600, 2.147e-8
-58.550, 2.147e-8
-58.500, 2.147e-8
-58.450, 2.147e-8
-58.400, 2.147e-8
-58.350, 2.147e-8
-58.300, 2.147e-8
-58.250, 2.147e-8
-58.200, 2.147e-8
-58.150, 2.147e-8
-58.100, 2.147e-8
-58.050, 2.147e-8
-58.000, 2.147e-8
-57.950, 2.147e-8
-57.900, 2.147e-8
-57.850, 2.147e-8
-57.800, 2.147e-8
-57.750, 2.147e-8
-57.700, 2.147e-8
-57.650, 2.147e-8
-57.600, 2.147e-8
-57.550, 2.147e-8
-57.500, 2.147e-8
-57.450, 2.147e-8
-57.400, 2.147e-8
-57.350, 2.147e-8
-57.300, 2.147e-8
-57.250, 2.147e-8
-57.200, 2.147e-8
-57.150, 2.147e-8
-57.100, 2.147e-8
-57.050, 2.147e-8
-57.000, 2.147e-8
-56.950, 2.147e-8
-56.900, 2.147e-8
-56.850, 2.147e-8
-56.800, 2.147e-8
-56.750, 2.147e-8
-56.700, 2.147e-8
-56.650, 2.147e-8
-56.600, 2.147e-8
-56.550, 2.147e-8
-56.500, 2.147e-8
-56.450, 2.147e-8
-56.400, 2.147e-8
-56.350, 2.147e-8
-56.300, 2.147e-8
-56.250, 2.147e-8
-56.200, 2.147e-8
-56.150, 2.147e-8
-56.100, 2.147e-8
-56.050, 2.147e-8
-56.000, 2.147e-8
-55.950, 2.147e-8
-55.900, 2.147e-8
-55.850, 2.147e-8
-55.800, 2.146e-8
-55.750, 2.147e-8
-55.700, 2.146e-8
-55.650, 2.146e-8
-55.600, 2.146e-8
-55.550, 2.146e-8
-55.500, 2.146e-8
-55.450, 2.146e-8
-55.400, 2.146e-8
-55.350, 2.146e-8
-55.300, 2.146e-8
-55.250, 2.146e-8
-55.200, 2.146e-8
-55.150, 2.146e-8
-55.100, 2.146e-8
-55.050, 2.146e-8
-55.000, 2.146e-8
-54.950, 2.146e-8
-54.900, 2.146e-8
-54.850, 2.146e-8
-54.800, 2.146e-8
-54.750, 2.146e-8
-54.700, 2.146e-8
-54.650, 2.146e-8
-54.600, 2.146e-8
-54.550, 2.146e-8
-54.500, 2.146e-8
-54.450, 2.146e-8
-54.400, 2.146e-8
-54.350, 2.146e-8
-54.300, 2.146e-8
-54.250, 2.146e-8
-54.200, 2.146e-8
-54.150, 2.146e-8
-54.100, 2.146e-8
-54.050, 2.146e-8
-54.000, 2.146e-8
-53.950, 2.146e-8
-53.900, 2.146e-8
-53.850, 2.146e-8
-53.800, 2.146e-8
-53.750, 2.146e-8
-53.700, 2.146e-8
-53.650, 2.146e-8
-53.600, 2.146e-8
-53.550, 2.146e-8
-53.500, 2.145e-8
-53.450, 2.145e-8
-53.400, 2.145e-8
-53.350, 2.145e-8
-53.300, 2.145e-8
-53.250, 2.145e-8
-53.200, 2.145e-8
-53.150, 2.145e-8
-53.100, 2.146e-8
-53.050, 2.145e-8
-53.000, 2.145e-8
-52.950, 2.145e-8
-52.900, 2.145e-8
-52.850, 2.145e-8
-52.800, 2.145e-8
-52.750, 2.145e-8
-52.700, 2.145e-8
-52.650, 2.145e-8
-52.600, 2.145e-8
-52.550, 2.145e-8
-52.500, 2.145e-8
-52.450, 2.145e-8
-52.400, 2.145e-8
-52.350, 2.145e-8
-52.300, 2.145e-8
-52.250, 2.145e-8
-52.200, 2.145e-8
-52.150, 2.145e-8
-52.100, 2.145e-8
-52.050, 2.145e-8
-52.000, 2.145e-8
-51.950, 2.145e-8
-51.900, 2.145e-8
-51.850, 2.145e-8
-51.800, 2.145e-8
-51.750, 2.145e-8
-51.700, 2.145e-8
-51.650, 2.145e-8
-51.600, 2.145e-8
-51.550, 2.145e-8
-51.500, 2.145e-8
-51.450, 2.145e-8
-51.400, 2.145e-8
-51.350, 2.145e-8
-51.300, 2.145e-8
-51.250, 2.145e-8
-51.200, 2.145e-8
-51.150, 2.145e-8
-51.100, 2.145e-8
-51.050, 2.145e-8
-51.000, 2.144e-8
-50.950, 2.144e-8
-50.900, 2.144e-8
-50.850, 2.144e-8
-50.800, 2.144e-8
-50.750, 2.144e-8
-50.700, 2.144e-8
-50.650, 2.144e-8
-50.600, 2.144e-8
-50.550, 2.144e-8
-50.500, 2.144e-8
-50.450, 2.144e-8
-50.400, 2.144e-8
-50.350, 2.144e-8
-50.300, 2.144e-8
-50.250, 2.144e-8
-50.200, 2.144e-8
-50.150, 2.144e-8
-50.100, 2.144e-8
-50.050, 2.144e-8
-50.000, 2.144e-8
-49.950, 2.144e-8
-49.900, 2.144e-8
-49.850, 2.144e-8
-49.800, 2.144e-8
-49.750, 2.144e-8
-49.700, 2.144e-8
-49.650, 2.144e-8
-49.600, 2.144e-8
-49.550, 2.144e-8
-49.500, 2.144e-8
-49.450, 2.144e-8
-49.400, 2.144e-8
-49.350, 2.144e-8
-49.300, 2.143e-8
-49.250, 2.143e-8
-49.200, 2.144e-8
-49.150, 2.143e-8
-49.100, 2.144e-8
-49.050, 2.144e-8
-49.000, 2.143e-8
-48.950, 2.144e-8
-48.900, 2.143e-8
-48.850, 2.143e-8
-48.800, 2.143e-8
-48.750, 2.144e-8
-48.700, 2.144e-8
-48.650, 2.143e-8
-48.600, 2.143e-8
-48.550, 2.143e-8
-48.500, 2.143e-8
-48.450, 2.143e-8
-48.400, 2.143e-8
-48.350, 2.143e-8
-48.300, 2.143e-8
-48.250, 2.143e-8
-48.200, 2.143e-8
-48.150, 2.143e-8
-48.100, 2.143e-8
-48.050, 2.143e-8
-48.000, 2.143e-8
-47.950, 2.143e-8
-47.900, 2.143e-8
-47.850, 2.143e-8
-47.800, 2.143e-8
-47.750, 2.143e-8
-47.700, 2.143e-8
-47.650, 2.143e-8
-47.600, 2.143e-8
-47.550, 2.143e-8
-47.500, 2.143e-8
-47.450, 2.143e-8
-47.400, 2.143e-8
-47.350, 2.143e-8
-47.300, 2.143e-8
-47.250, 2.143e-8
-47.200, 2.143e-8
-47.150, 2.143e-8
-47.100, 2.143e-8
-47.050, 2.143e-8
-47.000, 2.143e-8
-46.950, 2.143e-8
-46.900, 2.143e-8
-46.850, 2.143e-8
-46.800, 2.143e-8
-46.750, 2.142e-8
-46.700, 2.142e-8
-46.650, 2.142e-8
-46.600, 2.142e-8
-46.550, 2.142e-8
-46.500, 2.143e-8
-46.450, 2.142e-8
-46.400, 2.142e-8
-46.350, 2.142e-8
-46.300, 2.142e-8
-46.250, 2.142e-8
-46.200, 2.142e-8
-46.150, 2.142e-8
-46.100, 2.142e-8
-46.050, 2.142e-8
-46.000, 2.142e-8
-45.950, 2.142e-8
-45.900, 2.142e-8
-45.850, 2.142e-8
-45.800, 2.142e-8
-45.750, 2.142e-8
-45.700, 2.142e-8
-45.650, 2.142e-8
-45.600, 2.142e-8
-45.550, 2.142e-8
-45.500, 2.142e-8
-45.450, 2.142e-8
-45.400, 2.142e-8
-45.350, 2.142e-8
-45.300, 2.142e-8
-45.250, 2.142e-8
-45.200, 2.142e-8
-45.150, 2.142e-8
-45.100, 2.141e-8
-45.050, 2.141e-8
-45.000, 2.141e-8
-44.950, 2.141e-8
-44.900, 2.141e-8
-44.850, 2.141e-8
-44.800, 2.141e-8
-44.750, 2.141e-8
-44.700, 2.141e-8
-44.650, 2.141e-8
-44.600, 2.141e-8
-44.550, 2.141e-8
-44.500, 2.141e-8
-44.450, 2.141e-8
-44.400, 2.141e-8
-44.350, 2.141e-8
-44.300, 2.141e-8
-44.250, 2.141e-8
-44.200, 2.141e-8
-44.150, 2.141e-8
-44.100, 2.141e-8
-44.050, 2.141e-8
-44.000, 2.141e-8
-43.950, 2.141e-8
-43.900, 2.141e-8
-43.850, 2.141e-8
-43.800, 2.141e-8
-43.750, 2.141e-8
-43.700, 2.141e-8
-43.650, 2.141e-8
-43.600, 2.141e-8
-43.550, 2.141e-8
-43.500, 2.141e-8
-43.450, 2.141e-8
-43.400, 2.141e-8
-43.350, 2.140e-8
-43.300, 2.140e-8
-43.250, 2.140e-8
-43.200, 2.141e-8
-43.150, 2.140e-8
-43.100, 2.140e-8
-43.050, 2.140e-8
-43.000, 2.140e-8
-42.950, 2.140e-8
-42.900, 2.140e-8
-42.850, 2.140e-8
-42.800, 2.140e-8
-42.750, 2.140e-8
-42.700, 2.140e-8
-42.650, 2.140e-8
-42.600, 2.140e-8
-42.550, 2.140e-8
-42.500, 2.140e-8
-42.450, 2.140e-8
-42.400, 2.140e-8
-42.350, 2.140e-8
-42.300, 2.140e-8
-42.250, 2.140e-8
-42.200, 2.140e-8
-42.150, 2.140e-8
-42.100, 2.140e-8
-42.050, 2.140e-8
-42.000, 2.140e-8
-41.950, 2.140e-8
-41.900, 2.140e-8
-41.850, 2.140e-8
-41.800, 2.140e-8
-41.750, 2.140e-8
-41.700, 2.139e-8
-41.650, 2.139e-8
-41.600, 2.139e-8
-41.550, 2.139e-8
-41.500, 2.139e-8
-41.450, 2.139e-8
-41.400, 2.139e-8
-41.350, 2.139e-8
-41.300, 2.139e-8
-41.250, 2.139e-8
-41.200, 2.139e-8
-41.150, 2.139e-8
-41.100, 2.139e-8
-41.050, 2.139e-8
-41.000, 2.139e-8
-40.950, 2.139e-8
-40.900, 2.139e-8
-40.850, 2.139e-8
-40.800, 2.139e-8
-40.750, 2.139e-8
-40.700, 2.139e-8
-40.650, 2.139e-8
-40.600, 2.139e-8
-40.550, 2.139e-8
-40.500, 2.138e-8
-40.450, 2.138e-8
-40.400, 2.139e-8
-40.350, 2.139e-8
-40.300, 2.138e-8
-40.250, 2.138e-8
-40.200, 2.138e-8
-40.150, 2.138e-8
-40.100, 2.138e-8
-40.050, 2.138e-8
-40.000, 2.138e-8
-39.950, 2.138e-8
-39.900, 2.138e-8
-39.850, 2.138e-8
-39.800, 2.138e-8
-39.750, 2.138e-8
-39.700, 2.138e-8
-39.650, 2.138e-8
-39.600, 2.138e-8
-39.550, 2.138e-8
-39.500, 2.138e-8
-39.450, 2.137e-8
-39.400, 2.138e-8
-39.350, 2.138e-8
-39.300, 2.137e-8
-39.250, 2.137e-8
-39.200, 2.137e-8
-39.150, 2.137e-8
-39.100, 2.137e-8
-39.050, 2.137e-8
-39.000, 2.137e-8
-38.950, 2.137e-8
-38.900, 2.137e-8
-38.850, 2.137e-8
-38.800, 2.137e-8
-38.750, 2.137e-8
-38.700, 2.137e-8
-38.650, 2.137e-8
-38.600, 2.137e-8
-38.550, 2.137e-8
-38.500, 2.137e-8
-38.450, 2.137e-8
-38.400, 2.137e-8
-38.350, 2.137e-8
-38.300, 2.137e-8
-38.250, 2.136e-8
-38.200, 2.136e-8
-38.150, 2.136e-8
-38.100, 2.136e-8
-38.050, 2.136e-8
-38.000, 2.136e-8
-37.950, 2.136e-8
-37.900, 2.136e-8
-37.850, 2.136e-8
-37.800, 2.136e-8
-37.750, 2.136e-8
-37.700, 2.136e-8
-37.650, 2.136e-8
-37.600, 2.136e-8
-37.550, 2.136e-8
-37.500, 2.136e-8
-37.450, 2.136e-8
-37.400, 2.136e-8
-37.350, 2.136e-8
-37.300, 2.136e-8
-37.250, 2.135e-8
-37.200, 2.136e-8
-37.150, 2.135e-8
-37.100, 2.135e-8
-37.050, 2.135e-8
-37.000, 2.135e-8
-36.950, 2.135e-8
-36.900, 2.135e-8
-36.850, 2.135e-8
-36.800, 2.135e-8
-36.750, 2.135e-8
-36.700, 2.135e-8
-36.650, 2.135e-8
-36.600, 2.135e-8
-36.550, 2.135e-8
-36.500, 2.135e-8
-36.450, 2.135e-8
-36.400, 2.135e-8
-36.350, 2.135e-8
-36.300, 2.135e-8
-36.250, 2.134e-8
-36.200, 2.134e-8
-36.150, 2.134e-8
-36.100, 2.134e-8
-36.050, 2.134e-8
-36.000, 2.134e-8
-35.950, 2.134e-8
-35.900, 2.134e-8
-35.850, 2.134e-8
-35.800, 2.134e-8
-35.750, 2.134e-8
-35.700, 2.134e-8
-35.650, 2.134e-8
-35.600, 2.134e-8
-35.550, 2.134e-8
-35.500, 2.134e-8
-35.450, 2.134e-8
-35.400, 2.133e-8
-35.350, 2.133e-8
-35.300, 2.133e-8
-35.250, 2.133e-8
-35.200, 2.133e-8
-35.150, 2.133e-8
-35.100, 2.133e-8
-35.050, 2.133e-8
-35.000, 2.133e-8
-34.950, 2.133e-8
-34.900, 2.133e-8
-34.850, 2.133e-8
-34.800, 2.133e-8
-34.750, 2.133e-8
-34.700, 2.133e-8
-34.650, 2.133e-8
-34.600, 2.133e-8
-34.550, 2.133e-8
-34.500, 2.132e-8
-34.450, 2.132e-8
-34.400, 2.132e-8
-34.350, 2.132e-8
-34.300, 2.132e-8
-34.250, 2.132e-8
-34.200, 2.132e-8
-34.150, 2.132e-8
-34.100, 2.132e-8
-34.050, 2.132e-8
-34.000, 2.132e-8
-33.950, 2.132e-8
-33.900, 2.132e-8
-33.850, 2.132e-8
-33.800, 2.132e-8
-33.750, 2.132e-8
-33.700, 2.132e-8
-33.650, 2.131e-8
-33.600, 2.131e-8
-33.550, 2.131e-8
-33.500, 2.131e-8
-33.450, 2.131e-8
-33.400, 2.131e-8
-33.350, 2.131e-8
-33.300, 2.131e-8
-33.250, 2.131e-8
-33.200, 2.131e-8
-33.150, 2.131e-8
-33.100, 2.131e-8
-33.050, 2.131e-8
-33.000, 2.131e-8
-32.950, 2.130e-8
-32.900, 2.130e-8
-32.850, 2.130e-8
-32.800, 2.130e-8
-32.750, 2.130e-8
-32.700, 2.130e-8
-32.650, 2.130e-8
-32.600, 2.130e-8
-32.550, 2.130e-8
-32.500, 2.130e-8
-32.450, 2.130e-8
-32.400, 2.130e-8
-32.350, 2.130e-8
-32.300, 2.130e-8
-32.250, 2.130e-8
-32.200, 2.129e-8
-32.150, 2.129e-8
-32.100, 2.129e-8
-32.050, 2.129e-8
-32.000, 2.129e-8
-31.950, 2.129e-8
-31.900, 2.129e-8
-31.850, 2.129e-8
-31.800, 2.129e-8
-31.750, 2.129e-8
-31.700, 2.129e-8
-31.650, 2.129e-8
-31.600, 2.129e-8
-31.550, 2.128e-8
-31.500, 2.128e-8
-31.450, 2.128e-8
-31.400, 2.128e-8
-31.350, 2.128e-8
-31.300, 2.128e-8
-31.250, 2.128e-8
-31.200, 2.128e-8
-31.150, 2.128e-8
-31.100, 2.128e-8
-31.050, 2.128e-8
-31.000, 2.128e-8
-30.950, 2.128e-8
-30.900, 2.128e-8
-30.850, 2.127e-8
-30.800, 2.127e-8
-30.750, 2.127e-8
-30.700, 2.127e-8
-30.650, 2.127e-8
-30.600, 2.127e-8
-30.550, 2.127e-8
-30.500, 2.127e-8
-30.450, 2.127e-8
-30.400, 2.127e-8
-30.350, 2.127e-8
-30.300, 2.126e-8
-30.250, 2.126e-8
-30.200, 2.126e-8
-30.150, 2.126e-8
-30.100, 2.126e-8
-30.050, 2.126e-8
-30.000, 2.126e-8
-29.950, 2.126e-8
-29.900, 2.126e-8
-29.850, 2.126e-8
-29.800, 2.126e-8
-29.750, 2.126e-8
-29.700, 2.125e-8
-29.650, 2.125e-8
-29.600, 2.125e-8
-29.550, 2.125e-8
-29.500, 2.125e-8
-29.450, 2.125e-8
-29.400, 2.125e-8
-29.350, 2.125e-8
-29.300, 2.125e-8
-29.250, 2.125e-8
-29.200, 2.125e-8
-29.150, 2.125e-8
-29.100, 2.124e-8
-29.050, 2.124e-8
-29.000, 2.124e-8
-28.950, 2.124e-8
-28.900, 2.124e-8
-28.850, 2.124e-8
-28.800, 2.124e-8
-28.750, 2.124e-8
-28.700, 2.124e-8
-28.650, 2.124e-8
-28.600, 2.124e-8
-28.550, 2.124e-8
-28.500, 2.123e-8
-28.450, 2.123e-8
-28.400, 2.123e-8
-28.350, 2.123e-8
-28.300, 2.123e-8
-28.250, 2.123e-8
-28.200, 2.123e-8
-28.150, 2.123e-8
-28.100, 2.123e-8
-28.050, 2.123e-8
-28.000, 2.123e-8
-27.950, 2.123e-8
-27.900, 2.123e-8
-27.850, 2.123e-8
-27.800, 2.122e-8
-27.750, 2.122e-8
-27.700, 2.122e-8
-27.650, 2.122e-8
-27.600, 2.122e-8
-27.550, 2.122e-8
-27.500, 2.122e-8
-27.450, 2.121e-8
-27.400, 2.121e-8
-27.350, 2.121e-8
-27.300, 2.121e-8
-27.250, 2.121e-8
-27.200, 2.121e-8
-27.150, 2.121e-8
-27.100, 2.121e-8
-27.050, 2.121e-8
-27.000, 2.121e-8
-26.950, 2.120e-8
-26.900, 2.120e-8
-26.850, 2.120e-8
-26.800, 2.120e-8
-26.750, 2.120e-8
-26.700, 2.120e-8
-26.650, 2.120e-8
-26.600, 2.120e-8
-26.550, 2.120e-8
-26.500, 2.120e-8
-26.450, 2.119e-8
-26.400, 2.119e-8
-26.350, 2.119e-8
-26.300, 2.119e-8
-26.250, 2.119e-8
-26.200, 2.119e-8
-26.150, 2.119e-8
-26.100, 2.119e-8
-26.050, 2.119e-8
-26.000, 2.119e-8
-25.950, 2.118e-8
-25.900, 2.118e-8
-25.850, 2.118e-8
-25.800, 2.118e-8
-25.750, 2.118e-8
-25.700, 2.118e-8
-25.650, 2.118e-8
-25.600, 2.118e-8
-25.550, 2.118e-8
-25.500, 2.117e-8
-25.450, 2.117e-8
-25.400, 2.117e-8
-25.350, 2.117e-8
-25.300, 2.117e-8
-25.250, 2.117e-8
-25.200, 2.117e-8
-25.150, 2.117e-8
-25.100, 2.116e-8
-25.050, 2.116e-8
-25.000, 2.116e-8
-24.950, 2.116e-8
-24.900, 2.116e-8
-24.850, 2.116e-8
-24.800, 2.116e-8
-24.750, 2.116e-8
-24.700, 2.116e-8
-24.650, 2.116e-8
-24.600, 2.115e-8
-24.550, 2.115e-8
-24.500, 2.115e-8
-24.450, 2.115e-8
-24.400, 2.115e-8
-24.350, 2.115e-8
-24.300, 2.115e-8
-24.250, 2.115e-8
-24.200, 2.114e-8
-24.150, 2.114e-8
-24.100, 2.114e-8
-24.050, 2.114e-8
-24.000, 2.114e-8
-23.950, 2.114e-8
-23.900, 2.114e-8
-23.850, 2.114e-8
-23.800, 2.114e-8
-23.750, 2.113e-8
-23.700, 2.113e-8
-23.650, 2.113e-8
-23.600, 2.113e-8
-23.550, 2.113e-8
-23.500, 2.113e-8
-23.450, 2.113e-8
-23.400, 2.112e-8
-23.350, 2.112e-8
-23.300, 2.112e-8
-23.250, 2.112e-8
-23.200, 2.112e-8
-23.150, 2.112e-8
-23.100, 2.112e-8
-23.050, 2.112e-8
-23.000, 2.111e-8
-22.950, 2.111e-8
-22.900, 2.111e-8
-22.850, 2.111e-8
-22.800, 2.111e-8
-22.750, 2.111e-8
-22.700, 2.111e-8
-22.650, 2.110e-8
-22.600, 2.110e-8
-22.550, 2.110e-8
-22.500, 2.110e-8
-22.450, 2.110e-8
-22.400, 2.110e-8
-22.350, 2.110e-8
-22.300, 2.109e-8
-22.250, 2.109e-8
-22.200, 2.109e-8
-22.150, 2.109e-8
-22.100, 2.109e-8
-22.050, 2.109e-8
-22.000, 2.109e-8
-21.950, 2.108e-8
-21.900, 2.108e-8
-21.850, 2.108e-8
-21.800, 2.108e-8
-21.750, 2.108e-8
-21.700, 2.108e-8
-21.650, 2.108e-8
-21.600, 2.107e-8
-21.550, 2.107e-8
-21.500, 2.107e-8
-21.450, 2.107e-8
-21.400, 2.107e-8
-21.350, 2.107e-8
-21.300, 2.106e-8
-21.250, 2.106e-8
-21.200, 2.106e-8
-21.150, 2.106e-8
-21.100, 2.106e-8
-21.050, 2.106e-8
-21.000, 2.106e-8
-20.950, 2.106e-8
-20.900, 2.105e-8
-20.850, 2.105e-8
-20.800, 2.105e-8
-20.750, 2.105e-8
-20.700, 2.105e-8
-20.650, 2.105e-8
-20.600, 2.104e-8
-20.550, 2.104e-8
-20.500, 2.104e-8
-20.450, 2.104e-8
-20.400, 2.104e-8
-20.350, 2.104e-8
-20.300, 2.103e-8
-20.250, 2.103e-8
-20.200, 2.103e-8
-20.150, 2.103e-8
-20.100, 2.103e-8
-20.050, 2.103e-8
-20.000, 2.102e-8
-19.950, 2.102e-8
-19.900, 2.102e-8
-19.850, 2.102e-8
-19.800, 2.102e-8
-19.750, 2.102e-8
-19.700, 2.101e-8
-19.650, 2.101e-8
-19.600, 2.101e-8
-19.550, 2.101e-8
-19.500, 2.101e-8
-19.450, 2.100e-8
-19.400, 2.100e-8
-19.350, 2.100e-8
-19.300, 2.100e-8
-19.250, 2.100e-8
-19.200, 2.099e-8
-19.150, 2.099e-8
-19.100, 2.099e-8
-19.050, 2.099e-8
-19.000, 2.099e-8
-18.950, 2.098e-8
-18.900, 2.098e-8
-18.850, 2.098e-8
-18.800, 2.098e-8
-18.750, 2.098e-8
-18.700, 2.098e-8
-18.650, 2.097e-8
-18.600, 2.097e-8
-18.550, 2.097e-8
-18.500, 2.097e-8
-18.450, 2.097e-8
-18.400, 2.097e-8
-18.350, 2.096e-8
-18.300, 2.096e-8
-18.250, 2.096e-8
-18.200, 2.096e-8
-18.150, 2.096e-8
-18.100, 2.095e-8
-18.050, 2.095e-8
-18.000, 2.095e-8
-17.950, 2.095e-8
-17.900, 2.094e-8
-17.850, 2.094e-8
-17.800, 2.094e-8
-17.750, 2.094e-8
-17.700, 2.094e-8
-17.650, 2.093e-8
-17.600, 2.093e-8
-17.550, 2.093e-8
-17.500, 2.093e-8
-17.450, 2.092e-8
-17.400, 2.092e-8
-17.350, 2.092e-8
-17.300, 2.092e-8
-17.250, 2.091e-8
-17.200, 2.091e-8
-17.150, 2.091e-8
-17.100, 2.091e-8
-17.050, 2.091e-8
-17.000, 2.090e-8
-16.950, 2.090e-8
-16.900, 2.090e-8
-16.850, 2.090e-8
-16.800, 2.089e-8
-16.750, 2.089e-8
-16.700, 2.089e-8
-16.650, 2.089e-8
-16.600, 2.088e-8
-16.550, 2.088e-8
-16.500, 2.088e-8
-16.450, 2.088e-8
-16.400, 2.087e-8
-16.350, 2.087e-8
-16.300, 2.087e-8
-16.250, 2.087e-8
-16.200, 2.086e-8
-16.150, 2.086e-8
-16.100, 2.086e-8
-16.050, 2.086e-8
-16.000, 2.086e-8
-15.950, 2.085e-8
-15.900, 2.085e-8
-15.850, 2.085e-8
-15.800, 2.085e-8
-15.750, 2.084e-8
-15.700, 2.084e-8
-15.650, 2.084e-8
-15.600, 2.084e-8
-15.550, 2.084e-8
-15.500, 2.083e-8
-15.450, 2.083e-8
-15.400, 2.083e-8
-15.350, 2.083e-8
-15.300, 2.082e-8
-15.250, 2.082e-8
-15.200, 2.082e-8
-15.150, 2.081e-8
-15.100, 2.081e-8
-15.050, 2.081e-8
-15.000, 2.081e-8
-14.950, 2.080e-8
-14.900, 2.080e-8
-14.850, 2.080e-8
-14.800, 2.080e-8
-14.750, 2.080e-8
-14.700, 2.079e-8
-14.650, 2.079e-8
-14.600, 2.079e-8
-14.550, 2.078e-8
-14.500, 2.078e-8
-14.450, 2.078e-8
-14.400, 2.078e-8
-14.350, 2.077e-8
-14.300, 2.077e-8
-14.250, 2.077e-8
-14.200, 2.076e-8
-14.150, 2.076e-8
-14.100, 2.076e-8
-14.050, 2.075e-8
-14.000, 2.075e-8
-13.950, 2.075e-8
-13.900, 2.074e-8
-13.850, 2.074e-8
-13.800, 2.074e-8
-13.750, 2.073e-8
-13.700, 2.073e-8
-13.650, 2.073e-8
-13.600, 2.073e-8
-13.550, 2.072e-8
-13.500, 2.072e-8
-13.450, 2.072e-8
-13.400, 2.071e-8
-13.350, 2.071e-8
-13.300, 2.071e-8
-13.250, 2.070e-8
-13.200, 2.070e-8
-13.150, 2.070e-8
-13.100, 2.069e-8
-13.050, 2.069e-8
-13.000, 2.069e-8
-12.950, 2.068e-8
-12.900, 2.068e-8
-12.850, 2.067e-8
-12.800, 2.067e-8
-12.750, 2.067e-8
-12.700, 2.066e-8
-12.650, 2.066e-8
-12.600, 2.065e-8
-12.550, 2.065e-8
-12.500, 2.065e-8
-12.450, 2.064e-8
-12.400, 2.064e-8
-12.350, 2.064e-8
-12.300, 2.063e-8
-12.250, 2.063e-8
-12.200, 2.062e-8
-12.150, 2.062e-8
-12.100, 2.062e-8
-12.050, 2.061e-8
-12.000, 2.061e-8
-11.950, 2.060e-8
-11.900, 2.060e-8
-11.850, 2.060e-8
-11.800, 2.059e-8
-11.750, 2.059e-8
-11.700, 2.059e-8
-11.650, 2.058e-8
-11.600, 2.058e-8
-11.550, 2.057e-8
-11.500, 2.057e-8
-11.450, 2.057e-8
-11.400, 2.056e-8
-11.350, 2.056e-8
-11.300, 2.056e-8
-11.250, 2.055e-8
-11.200, 2.055e-8
-11.150, 2.054e-8
-11.100, 2.054e-8
-11.050, 2.054e-8
-11.000, 2.053e-8
-10.950, 2.053e-8
-10.900, 2.052e-8
-10.850, 2.052e-8
-10.800, 2.052e-8
-10.750, 2.051e-8
-10.700, 2.051e-8
-10.650, 2.050e-8
-10.600, 2.050e-8
-10.550, 2.049e-8
-10.500, 2.049e-8
-10.450, 2.048e-8
-10.400, 2.048e-8
-10.350, 2.048e-8
-10.300, 2.047e-8
-10.250, 2.046e-8
-10.200, 2.046e-8
-10.150, 2.045e-8
-10.100, 2.045e-8
-10.050, 2.044e-8
-10.000, 2.044e-8
-9.950, 2.043e-8
-9.900, 2.042e-8
-9.850, 2.042e-8
-9.800, 2.041e-8
-9.750, 2.041e-8
-9.700, 2.040e-8
-9.650, 2.040e-8
-9.600, 2.039e-8
-9.550, 2.039e-8
-9.500, 2.038e-8
-9.450, 2.038e-8
-9.400, 2.037e-8
-9.350, 2.036e-8
-9.300, 2.036e-8
-9.250, 2.036e-8
-9.200, 2.035e-8
-9.150, 2.035e-8
-9.100, 2.034e-8
-9.050, 2.034e-8
-9.000, 2.033e-8
-8.950, 2.033e-8
-8.900, 2.032e-8
-8.850, 2.032e-8
-8.800, 2.031e-8
-8.750, 2.031e-8
-8.700, 2.030e-8
-8.650, 2.030e-8
-8.600, 2.029e-8
-8.550, 2.029e-8
-8.500, 2.029e-8
-8.450, 2.028e-8
-8.400, 2.027e-8
-8.350, 2.027e-8
-8.300, 2.027e-8
-8.250, 2.026e-8
-8.200, 2.025e-8
-8.150, 2.025e-8
-8.100, 2.024e-8
-8.050, 2.024e-8
-8.000, 2.023e-8
-7.950, 2.022e-8
-7.900, 2.022e-8
-7.850, 2.021e-8
-7.800, 2.020e-8
-7.750, 2.020e-8
-7.700, 2.019e-8
-7.650, 2.018e-8
-7.600, 2.017e-8
-7.550, 2.017e-8
-7.500, 2.016e-8
-7.450, 2.015e-8
-7.400, 2.015e-8
-7.350, 2.014e-8
-7.300, 2.013e-8
-7.250, 2.012e-8
-7.200, 2.012e-8
-7.150, 2.011e-8
-7.100, 2.011e-8
-7.050, 2.010e-8
-7.000, 2.009e-8
-6.950, 2.009e-8
-6.900, 2.008e-8
-6.850, 2.007e-8
-6.800, 2.006e-8
-6.750, 2.006e-8
-6.700, 2.005e-8
-6.650, 2.004e-8
-6.600, 2.004e-8
-6.550, 2.003e-8
-6.500, 2.002e-8
-6.450, 2.002e-8
-6.400, 2.001e-8
-6.350, 2.000e-8
-6.300, 2.000e-8
-6.250, 1.999e-8
-6.200, 1.998e-8
-6.150, 1.997e-8
-6.100, 1.997e-8
-6.050, 1.996e-8
-6.000, 1.995e-8
-5.950, 1.995e-8
-5.900, 1.994e-8
-5.850, 1.993e-8
-5.800, 1.993e-8
-5.750, 1.992e-8
-5.700, 1.991e-8
-5.650, 1.991e-8
-5.600, 1.990e-8
-5.550, 1.989e-8
-5.500, 1.988e-8
-5.450, 1.988e-8
-5.400, 1.987e-8
-5.350, 1.986e-8
-5.300, 1.985e-8
-5.250, 1.985e-8
-5.200, 1.984e-8
-5.150, 1.983e-8
-5.100, 1.982e-8
-5.050, 1.980e-8
-5.000, 1.979e-8
-4.950, 1.978e-8
-4.900, 1.977e-8
-4.850, 1.976e-8
-4.800, 1.975e-8
-4.750, 1.974e-8
-4.700, 1.973e-8
-4.650, 1.971e-8
-4.600, 1.970e-8
-4.550, 1.969e-8
-4.500, 1.968e-8
-4.450, 1.967e-8
-4.400, 1.966e-8
-4.350, 1.965e-8
-4.300, 1.964e-8
-4.250, 1.963e-8
-4.200, 1.962e-8
-4.150, 1.961e-8
-4.100, 1.960e-8
-4.050, 1.959e-8
-4.000, 1.958e-8
-3.950, 1.957e-8
-3.900, 1.956e-8
-3.850, 1.955e-8
-3.800, 1.954e-8
-3.750, 1.953e-8
-3.700, 1.952e-8
-3.650, 1.951e-8
-3.600, 1.950e-8
-3.550, 1.949e-8
-3.500, 1.948e-8
-3.450, 1.947e-8
-3.400, 1.946e-8
-3.350, 1.945e-8
-3.300, 1.944e-8
-3.250, 1.943e-8
-3.200, 1.942e-8
-3.150, 1.941e-8
-3.100, 1.940e-8
-3.050, 1.938e-8
-3.000, 1.937e-8
-2.950, 1.936e-8
-2.900, 1.935e-8
-2.850, 1.933e-8
-2.800, 1.932e-8
-2.750, 1.931e-8
-2.700, 1.929e-8
-2.650, 1.928e-8
-2.600, 1.927e-8
-2.550, 1.925e-8
-2.500, 1.923e-8
-2.450, 1.922e-8
-2.400, 1.920e-8
-2.350, 1.919e-8
-2.300, 1.917e-8
-2.250, 1.916e-8
-2.200, 1.914e-8
-2.150, 1.912e-8
-2.100, 1.911e-8
-2.050, 1.910e-8
-2.000, 1.908e-8
-1.950, 1.907e-8
-1.900, 1.905e-8
-1.850, 1.904e-8
-1.800, 1.903e-8
-1.750, 1.901e-8
-1.700, 1.900e-8
-1.650, 1.899e-8
-1.600, 1.897e-8
-1.550, 1.896e-8
-1.500, 1.894e-8
-1.450, 1.893e-8
-1.400, 1.891e-8
-1.350, 1.890e-8
-1.300, 1.888e-8
-1.250, 1.887e-8
-1.200, 1.886e-8
-1.150, 1.884e-8
-1.100, 1.883e-8
-1.050, 1.881e-8
-1.000, 1.880e-8
-0.950, 1.879e-8
-0.900, 1.877e-8
-0.850, 1.875e-8
-0.800, 1.874e-8
-0.750, 1.872e-8
-0.700, 1.870e-8
-0.650, 1.868e-8
-0.600, 1.866e-8
-0.550, 1.864e-8
-0.500, 1.862e-8
-0.450, 1.859e-8
-0.400, 1.857e-8
-0.350, 1.854e-8
-0.300, 1.852e-8
-0.250, 1.849e-8
-0.200, 1.846e-8
-0.150, 1.844e-8
-0.100, 1.841e-8
-0.050, 1.838e-8
-0.000, 1.836e-8
0.050, 1.833e-8
0.100, 1.831e-8
0.150, 1.829e-8
0.200, 1.826e-8
0.250, 1.824e-8
0.300, 1.822e-8
0.350, 1.819e-8
0.400, 1.817e-8
0.450, 1.815e-8
0.500, 1.813e-8
0.550, 1.811e-8
0.600, 1.809e-8
0.650, 1.807e-8
0.700, 1.805e-8
0.750, 1.803e-8
0.800, 1.801e-8
0.850, 1.799e-8
0.900, 1.797e-8
0.950, 1.795e-8
1.000, 1.794e-8
1.050, 1.792e-8
1.100, 1.790e-8
1.150, 1.788e-8
1.200, 1.787e-8
1.250, 1.785e-8
1.300, 1.783e-8
1.350, 1.781e-8
1.400, 1.779e-8
1.450, 1.777e-8
1.500, 1.775e-8
1.550, 1.773e-8
1.600, 1.771e-8
1.650, 1.768e-8
1.700, 1.765e-8
1.750, 1.763e-8
1.800, 1.760e-8
1.850, 1.757e-8
1.900, 1.754e-8
1.950, 1.750e-8
2.000, 1.747e-8
2.050, 1.743e-8
2.100, 1.739e-8
2.150, 1.736e-8
2.200, 1.732e-8
2.250, 1.728e-8
2.300, 1.724e-8
2.350, 1.720e-8
2.400, 1.716e-8
2.450, 1.712e-8
2.500, 1.708e-8
2.550, 1.704e-8
2.600, 1.701e-8
2.650, 1.697e-8
2.700, 1.693e-8
2.750, 1.690e-8
2.800, 1.686e-8
2.850, 1.682e-8
2.900, 1.678e-8
2.950, 1.675e-8
3.000, 1.671e-8
3.050, 1.667e-8
3.100, 1.664e-8
3.150, 1.661e-8
3.200, 1.657e-8
3.250, 1.654e-8
3.300, 1.651e-8
3.350, 1.648e-8
3.400, 1.644e-8
3.450, 1.641e-8
3.500, 1.638e-8
3.550, 1.634e-8
3.600, 1.630e-8
3.650, 1.627e-8
3.700, 1.623e-8
3.750, 1.619e-8
3.800, 1.616e-8
3.850, 1.612e-8
3.900, 1.609e-8
3.950, 1.605e-8
4.000, 1.601e-8
4.050, 1.597e-8
4.100, 1.593e-8
4.150, 1.589e-8
4.200, 1.584e-8
4.250, 1.580e-8
4.300, 1.575e-8
4.350, 1.570e-8
4.400, 1.564e-8
4.450, 1.559e-8
4.500, 1.552e-8
4.550, 1.546e-8
4.600, 1.540e-8
4.650, 1.533e-8
4.700, 1.526e-8
4.750, 1.520e-8
4.800, 1.513e-8
4.850, 1.506e-8
4.899, 1.500e-8
4.948, 1.493e-8
4.996, 1.487e-8
5.044, 1.480e-8
5.091, 1.474e-8
5.138, 1.468e-8
5.184, 1.462e-8
5.229, 1.456e-8
5.274, 1.451e-8
5.319, 1.446e-8
5.363, 1.441e-8
5.407, 1.436e-8
5.450, 1.432e-8
5.493, 1.427e-8
5.535, 1.422e-8
5.577, 1.417e-8
5.619, 1.411e-8
5.659, 1.406e-8
5.700, 1.401e-8
5.740, 1.396e-8
5.779, 1.391e-8
5.818, 1.386e-8
5.857, 1.382e-8
5.895, 1.377e-8
5.933, 1.372e-8
5.970, 1.368e-8
6.007, 1.363e-8
6.044, 1.359e-8
6.080, 1.355e-8
6.116, 1.350e-8
6.151, 1.346e-8
6.186, 1.342e-8
6.221, 1.338e-8
6.255, 1.333e-8
6.288, 1.328e-8
6.322, 1.324e-8
6.354, 1.319e-8
6.387, 1.315e-8
6.419, 1.309e-8
6.450, 1.304e-8
6.481, 1.299e-8
6.512, 1.294e-8
6.542, 1.290e-8
6.571, 1.284e-8
6.600, 1.279e-8
6.629, 1.274e-8
6.657, 1.267e-8
6.684, 1.262e-8
6.711, 1.256e-8
6.737, 1.250e-8
6.763, 1.244e-8
6.788, 1.240e-8
6.813, 1.235e-8
6.837, 1.230e-8
6.861, 1.226e-8
6.885, 1.221e-8
6.908, 1.216e-8
6.931, 1.211e-8
6.953, 1.204e-8
6.974, 1.198e-8
6.995, 1.192e-8
7.015, 1.185e-8
7.035, 1.180e-8
7.054, 1.175e-8
7.073, 1.169e-8
7.091, 1.164e-8
7.109, 1.159e-8
7.126, 1.153e-8
7.143, 1.149e-8
7.159, 1.144e-8
7.176, 1.139e-8
7.191, 1.135e-8
7.206, 1.131e-8
7.221, 1.126e-8
7.236, 1.123e-8
7.250, 1.118e-8
7.263, 1.114e-8
7.277, 1.110e-8
7.290, 1.106e-8
7.302, 1.102e-8
7.315, 1.099e-8
7.327, 1.095e-8
7.338, 1.093e-8
7.350, 1.090e-8
7.361, 1.088e-8
7.372, 1.085e-8
7.383, 1.082e-8
7.394, 1.079e-8
7.404, 1.077e-8
7.414, 1.074e-8
7.424, 1.072e-8
7.434, 1.070e-8
7.443, 1.068e-8
7.453, 1.065e-8
7.462, 1.066e-8
7.472, 1.066e-8
7.481, 1.064e-8
7.490, 1.061e-8
7.499, 1.058e-8
7.507, 1.056e-8
7.516, 1.054e-8
7.524, 1.051e-8
7.531, 1.049e-8
7.539, 1.046e-8
7.546, 1.043e-8
7.553, 1.041e-8
7.560, 1.040e-8
7.567, 1.037e-8
7.573, 1.035e-8
7.579, 1.031e-8
7.585, 1.028e-8
7.591, 1.027e-8
7.596, 1.025e-8
7.602, 1.023e-8
7.607, 1.022e-8
7.612, 1.021e-8
7.618, 1.020e-8
7.623, 1.020e-8
7.628, 1.020e-8
7.633, 1.020e-8
7.638, 1.019e-8
7.643, 1.018e-8
7.648, 1.017e-8
7.653, 1.016e-8
7.658, 1.015e-8
7.663, 1.014e-8
7.668, 1.012e-8
7.673, 1.010e-8
7.678, 1.008e-8
7.683, 1.007e-8
7.688, 1.006e-8
7.693, 1.003e-8
7.698, 1.002e-8
7.703, 1.001e-8
7.708, 9.993e-9
7.713, 9.976e-9
7.718, 9.974e-9
7.723, 9.972e-9
7.728, 9.996e-9
7.733, 1.002e-8
7.738, 1.001e-8
7.743, 1.000e-8
7.748, 1.000e-8
7.753, 9.985e-9
7.758, 9.967e-9
7.763, 9.942e-9
7.768, 9.914e-9
7.773, 9.891e-9
7.778, 9.883e-9
7.783, 9.862e-9
7.788, 9.845e-9
7.793, 9.840e-9
7.798, 9.804e-9
7.803, 9.782e-9
7.808, 9.767e-9
7.813, 9.756e-9
7.818, 9.744e-9
7.823, 9.734e-9
7.828, 9.718e-9
7.833, 9.712e-9
7.838, 9.704e-9
7.843, 9.689e-9
7.848, 9.675e-9
7.853, 9.668e-9
7.858, 9.653e-9
7.863, 9.648e-9
7.868, 9.650e-9
7.873, 9.693e-9
7.878, 9.708e-9
7.883, 9.707e-9
7.888, 9.687e-9
7.893, 9.677e-9
7.898, 9.671e-9
7.903, 9.633e-9
7.908, 9.575e-9
