Distance/um, Current/A

-149.955, -2.340e-9
-149.905, -2.340e-9
-149.855, -2.340e-9
-149.805, -2.340e-9
-149.755, -2.340e-9
-149.705, -2.340e-9
-149.655, -2.340e-9
-149.605, -2.340e-9
-149.555, -2.340e-9
-149.505, -2.340e-9
-149.455, -2.340e-9
-149.405, -2.340e-9
-149.355, -2.339e-9
-149.305, -2.339e-9
-149.255, -2.339e-9
-149.205, -2.339e-9
-149.155, -2.339e-9
-149.105, -2.339e-9
-149.055, -2.339e-9
-149.005, -2.339e-9
-148.955, -2.339e-9
-148.905, -2.339e-9
-148.855, -2.338e-9
-148.805, -2.339e-9
-148.755, -2.339e-9
-148.705, -2.339e-9
-148.655, -2.339e-9
-148.605, -2.339e-9
-148.555, -2.339e-9
-148.505, -2.339e-9
-148.455, -2.339e-9
-148.405, -2.339e-9
-148.355, -2.338e-9
-148.305, -2.339e-9
-148.255, -2.339e-9
-148.205, -2.339e-9
-148.155, -2.338e-9
-148.105, -2.338e-9
-148.055, -2.338e-9
-148.005, -2.338e-9
-147.955, -2.338e-9
-147.905, -2.338e-9
-147.855, -2.338e-9
-147.805, -2.338e-9
-147.755, -2.338e-9
-147.705, -2.338e-9
-147.655, -2.337e-9
-147.605, -2.337e-9
-147.555, -2.337e-9
-147.505, -2.337e-9
-147.455, -2.338e-9
-147.405, -2.338e-9
-147.355, -2.337e-9
-147.305, -2.337e-9
-147.255, -2.337e-9
-147.205, -2.337e-9
-147.155, -2.337e-9
-147.105, -2.337e-9
-147.055, -2.337e-9
-147.005, -2.337e-9
-146.955, -2.337e-9
-146.905, -2.337e-9
-146.855, -2.336e-9
-146.805, -2.336e-9
-146.755, -2.337e-9
-146.705, -2.337e-9
-146.655, -2.337e-9
-146.605, -2.337e-9
-146.555, -2.337e-9
-146.505, -2.337e-9
-146.455, -2.337e-9
-146.405, -2.337e-9
-146.355, -2.337e-9
-146.305, -2.337e-9
-146.255, -2.337e-9
-146.205, -2.337e-9
-146.155, -2.336e-9
-146.105, -2.336e-9
-146.055, -2.336e-9
-146.005, -2.336e-9
-145.955, -2.336e-9
-145.905, -2.336e-9
-145.855, -2.336e-9
-145.805, -2.336e-9
-145.755, -2.336e-9
-145.705, -2.336e-9
-145.655, -2.336e-9
-145.605, -2.336e-9
-145.555, -2.336e-9
-145.505, -2.336e-9
-145.455, -2.336e-9
-145.405, -2.335e-9
-145.355, -2.335e-9
-145.305, -2.336e-9
-145.255, -2.335e-9
-145.205, -2.333e-9
-145.155, -2.332e-9
-145.105, -2.332e-9
-145.055, -2.332e-9
-145.005, -2.332e-9
-144.955, -2.332e-9
-144.905, -2.333e-9
-144.855, -2.333e-9
-144.805, -2.333e-9
-144.755, -2.333e-9
-144.705, -2.333e-9
-144.655, -2.333e-9
-144.605, -2.333e-9
-144.555, -2.333e-9
-144.505, -2.333e-9
-144.455, -2.333e-9
-144.405, -2.333e-9
-144.355, -2.333e-9
-144.305, -2.333e-9
-144.255, -2.333e-9
-144.205, -2.333e-9
-144.155, -2.333e-9
-144.105, -2.333e-9
-144.055, -2.333e-9
-144.005, -2.333e-9
-143.955, -2.333e-9
-143.905, -2.333e-9
-143.855, -2.333e-9
-143.805, -2.333e-9
-143.755, -2.333e-9
-143.705, -2.333e-9
-143.655, -2.333e-9
-143.605, -2.333e-9
-143.555, -2.333e-9
-143.505, -2.333e-9
-143.455, -2.333e-9
-143.405, -2.333e-9
-143.355, -2.333e-9
-143.305, -2.333e-9
-143.255, -2.333e-9
-143.205, -2.333e-9
-143.155, -2.335e-9
-143.105, -2.336e-9
-143.055, -2.336e-9
-143.005, -2.336e-9
-142.955, -2.336e-9
-142.905, -2.336e-9
-142.855, -2.336e-9
-142.805, -2.335e-9
-142.755, -2.335e-9
-142.705, -2.335e-9
-142.655, -2.334e-9
-142.605, -2.334e-9
-142.555, -2.334e-9
-142.505, -2.335e-9
-142.455, -2.334e-9
-142.405, -2.334e-9
-142.355, -2.334e-9
-142.305, -2.334e-9
-142.255, -2.334e-9
-142.205, -2.334e-9
-142.155, -2.334e-9
-142.105, -2.334e-9
-142.055, -2.334e-9
-142.005, -2.334e-9
-141.955, -2.334e-9
-141.905, -2.334e-9
-141.855, -2.333e-9
-141.805, -2.333e-9
-141.755, -2.333e-9
-141.704, -2.333e-9
-141.654, -2.333e-9
-141.604, -2.333e-9
-141.554, -2.333e-9
-141.504, -2.333e-9
-141.454, -2.333e-9
-141.404, -2.333e-9
-141.354, -2.333e-9
-141.304, -2.333e-9
-141.254, -2.333e-9
-141.204, -2.333e-9
-141.154, -2.333e-9
-141.104, -2.332e-9
-141.054, -2.332e-9
-141.004, -2.332e-9
-140.954, -2.332e-9
-140.904, -2.332e-9
-140.854, -2.332e-9
-140.804, -2.332e-9
-140.754, -2.332e-9
-140.704, -2.332e-9
-140.654, -2.332e-9
-140.604, -2.332e-9
-140.554, -2.332e-9
-140.504, -2.332e-9
-140.454, -2.332e-9
-140.404, -2.332e-9
-140.354, -2.332e-9
-140.304, -2.332e-9
-140.254, -2.332e-9
-140.204, -2.332e-9
-140.154, -2.331e-9
-140.104, -2.332e-9
-140.054, -2.332e-9
-140.004, -2.332e-9
-139.954, -2.332e-9
-139.904, -2.332e-9
-139.854, -2.332e-9
-139.804, -2.332e-9
-139.754, -2.331e-9
-139.704, -2.331e-9
-139.654, -2.331e-9
-139.604, -2.331e-9
-139.554, -2.331e-9
-139.504, -2.331e-9
-139.454, -2.331e-9
-139.404, -2.331e-9
-139.354, -2.331e-9
-139.304, -2.331e-9
-139.254, -2.331e-9
-139.204, -2.331e-9
-139.154, -2.331e-9
-139.104, -2.331e-9
-139.054, -2.331e-9
-139.004, -2.331e-9
-138.954, -2.331e-9
-138.904, -2.330e-9
-138.854, -2.331e-9
-138.804, -2.331e-9
-138.754, -2.331e-9
-138.704, -2.331e-9
-138.654, -2.331e-9
-138.604, -2.331e-9
-138.554, -2.330e-9
-138.504, -2.330e-9
-138.454, -2.330e-9
-138.404, -2.330e-9
-138.354, -2.330e-9
-138.304, -2.330e-9
-138.254, -2.330e-9
-138.204, -2.330e-9
-138.154, -2.330e-9
-138.104, -2.330e-9
-138.054, -2.330e-9
-138.004, -2.330e-9
-137.954, -2.330e-9
-137.904, -2.330e-9
-137.854, -2.330e-9
-137.804, -2.330e-9
-137.754, -2.330e-9
-137.704, -2.330e-9
-137.654, -2.330e-9
-137.604, -2.330e-9
-137.554, -2.330e-9
-137.504, -2.330e-9
-137.454, -2.330e-9
-137.404, -2.330e-9
-137.354, -2.330e-9
-137.304, -2.329e-9
-137.254, -2.329e-9
-137.204, -2.329e-9
-137.154, -2.329e-9
-137.104, -2.329e-9
-137.054, -2.329e-9
-137.004, -2.329e-9
-136.954, -2.329e-9
-136.904, -2.329e-9
-136.854, -2.329e-9
-136.804, -2.329e-9
-136.754, -2.329e-9
-136.704, -2.329e-9
-136.654, -2.329e-9
-136.604, -2.329e-9
-136.554, -2.329e-9
-136.504, -2.329e-9
-136.454, -2.329e-9
-136.404, -2.329e-9
-136.354, -2.329e-9
-136.304, -2.329e-9
-136.254, -2.329e-9
-136.204, -2.328e-9
-136.154, -2.329e-9
-136.104, -2.328e-9
-136.054, -2.328e-9
-136.004, -2.329e-9
-135.954, -2.329e-9
-135.904, -2.329e-9
-135.854, -2.329e-9
-135.804, -2.328e-9
-135.754, -2.328e-9
-135.704, -2.328e-9
-135.654, -2.329e-9
-135.604, -2.328e-9
-135.554, -2.329e-9
-135.504, -2.328e-9
-135.454, -2.329e-9
-135.404, -2.328e-9
-135.354, -2.328e-9
-135.304, -2.328e-9
-135.254, -2.328e-9
-135.204, -2.328e-9
-135.154, -2.328e-9
-135.104, -2.328e-9
-135.054, -2.328e-9
-135.004, -2.328e-9
-134.954, -2.328e-9
-134.904, -2.328e-9
-134.854, -2.328e-9
-134.804, -2.328e-9
-134.754, -2.328e-9
-134.704, -2.328e-9
-134.654, -2.328e-9
-134.604, -2.328e-9
-134.554, -2.328e-9
-134.504, -2.328e-9
-134.454, -2.328e-9
-134.404, -2.328e-9
-134.354, -2.328e-9
-134.304, -2.327e-9
-134.254, -2.327e-9
-134.204, -2.327e-9
-134.154, -2.327e-9
-134.104, -2.327e-9
-134.054, -2.327e-9
-134.004, -2.327e-9
-133.954, -2.327e-9
-133.904, -2.327e-9
-133.854, -2.327e-9
-133.804, -2.327e-9
-133.754, -2.327e-9
-133.704, -2.327e-9
-133.654, -2.327e-9
-133.604, -2.327e-9
-133.554, -2.327e-9
-133.504, -2.327e-9
-133.454, -2.327e-9
-133.404, -2.327e-9
-133.354, -2.327e-9
-133.304, -2.327e-9
-133.254, -2.327e-9
-133.204, -2.327e-9
-133.154, -2.327e-9
-133.104, -2.327e-9
-133.054, -2.326e-9
-133.004, -2.326e-9
-132.954, -2.326e-9
-132.904, -2.326e-9
-132.854, -2.326e-9
-132.804, -2.326e-9
-132.754, -2.326e-9
-132.704, -2.326e-9
-132.654, -2.326e-9
-132.604, -2.326e-9
-132.554, -2.326e-9
-132.504, -2.326e-9
-132.454, -2.326e-9
-132.404, -2.326e-9
-132.354, -2.326e-9
-132.304, -2.326e-9
-132.254, -2.326e-9
-132.204, -2.326e-9
-132.154, -2.326e-9
-132.104, -2.326e-9
-132.054, -2.326e-9
-132.004, -2.326e-9
-131.954, -2.326e-9
-131.904, -2.326e-9
-131.854, -2.326e-9
-131.804, -2.326e-9
-131.754, -2.326e-9
-131.704, -2.326e-9
-131.654, -2.326e-9
-131.604, -2.326e-9
-131.554, -2.325e-9
-131.504, -2.326e-9
-131.454, -2.326e-9
-131.404, -2.326e-9
-131.354, -2.325e-9
-131.304, -2.326e-9
-131.254, -2.326e-9
-131.204, -2.325e-9
-131.154, -2.325e-9
-131.104, -2.325e-9
-131.054, -2.325e-9
-131.004, -2.325e-9
-130.954, -2.325e-9
-130.904, -2.325e-9
-130.854, -2.325e-9
-130.804, -2.325e-9
-130.754, -2.325e-9
-130.704, -2.325e-9
-130.654, -2.325e-9
-130.604, -2.325e-9
-130.554, -2.325e-9
-130.504, -2.325e-9
-130.454, -2.325e-9
-130.404, -2.325e-9
-130.354, -2.325e-9
-130.304, -2.325e-9
-130.254, -2.325e-9
-130.204, -2.325e-9
-130.154, -2.325e-9
-130.104, -2.325e-9
-130.054, -2.325e-9
-130.004, -2.324e-9
-129.954, -2.324e-9
-129.904, -2.324e-9
-129.854, -2.324e-9
-129.804, -2.325e-9
-129.754, -2.325e-9
-129.704, -2.325e-9
-129.654, -2.324e-9
-129.604, -2.324e-9
-129.554, -2.324e-9
-129.504, -2.324e-9
-129.454, -2.324e-9
-129.404, -2.324e-9
-129.354, -2.324e-9
-129.304, -2.324e-9
-129.254, -2.324e-9
-129.204, -2.324e-9
-129.154, -2.324e-9
-129.104, -2.324e-9
-129.054, -2.324e-9
-129.004, -2.324e-9
-128.954, -2.324e-9
-128.904, -2.324e-9
-128.854, -2.324e-9
-128.804, -2.324e-9
-128.754, -2.324e-9
-128.704, -2.324e-9
-128.654, -2.324e-9
-128.604, -2.324e-9
-128.554, -2.324e-9
-128.504, -2.323e-9
-128.454, -2.323e-9
-128.404, -2.323e-9
-128.354, -2.323e-9
-128.304, -2.323e-9
-128.254, -2.323e-9
-128.204, -2.323e-9
-128.154, -2.324e-9
-128.104, -2.323e-9
-128.054, -2.323e-9
-128.004, -2.324e-9
-127.954, -2.323e-9
-127.904, -2.323e-9
-127.854, -2.323e-9
-127.804, -2.323e-9
-127.754, -2.323e-9
-127.704, -2.323e-9
-127.654, -2.323e-9
-127.604, -2.323e-9
-127.554, -2.323e-9
-127.504, -2.323e-9
-127.454, -2.323e-9
-127.404, -2.323e-9
-127.354, -2.323e-9
-127.304, -2.323e-9
-127.254, -2.323e-9
-127.204, -2.323e-9
-127.154, -2.323e-9
-127.104, -2.323e-9
-127.054, -2.323e-9
-127.004, -2.322e-9
-126.954, -2.323e-9
-126.904, -2.323e-9
-126.854, -2.323e-9
-126.804, -2.323e-9
-126.754, -2.323e-9
-126.704, -2.323e-9
-126.654, -2.322e-9
-126.604, -2.323e-9
-126.554, -2.323e-9
-126.504, -2.323e-9
-126.454, -2.322e-9
-126.404, -2.322e-9
-126.354, -2.322e-9
-126.304, -2.322e-9
-126.254, -2.322e-9
-126.204, -2.322e-9
-126.154, -2.322e-9
-126.104, -2.322e-9
-126.054, -2.322e-9
-126.004, -2.322e-9
-125.954, -2.322e-9
-125.904, -2.322e-9
-125.854, -2.322e-9
-125.804, -2.322e-9
-125.754, -2.322e-9
-125.704, -2.322e-9
-125.654, -2.322e-9
-125.604, -2.322e-9
-125.554, -2.322e-9
-125.504, -2.322e-9
-125.454, -2.322e-9
-125.404, -2.322e-9
-125.354, -2.322e-9
-125.303, -2.322e-9
-125.253, -2.322e-9
-125.203, -2.322e-9
-125.153, -2.322e-9
-125.103, -2.322e-9
-125.053, -2.322e-9
-125.003, -2.322e-9
-124.953, -2.322e-9
-124.903, -2.322e-9
-124.853, -2.322e-9
-124.803, -2.321e-9
-124.753, -2.321e-9
-124.703, -2.321e-9
-124.653, -2.321e-9
-124.603, -2.321e-9
-124.553, -2.321e-9
-124.503, -2.321e-9
-124.453, -2.321e-9
-124.403, -2.320e-9
-124.353, -2.321e-9
-124.303, -2.321e-9
-124.253, -2.321e-9
-124.203, -2.321e-9
-124.153, -2.321e-9
-124.103, -2.321e-9
-124.053, -2.321e-9
-124.003, -2.321e-9
-123.953, -2.321e-9
-123.903, -2.321e-9
-123.853, -2.321e-9
-123.803, -2.321e-9
-123.753, -2.321e-9
-123.703, -2.321e-9
-123.653, -2.321e-9
-123.603, -2.321e-9
-123.553, -2.321e-9
-123.503, -2.321e-9
-123.453, -2.321e-9
-123.403, -2.321e-9
-123.353, -2.321e-9
-123.303, -2.321e-9
-123.253, -2.320e-9
-123.203, -2.320e-9
-123.153, -2.321e-9
-123.103, -2.321e-9
-123.053, -2.320e-9
-123.003, -2.320e-9
-122.953, -2.320e-9
-122.903, -2.320e-9
-122.853, -2.320e-9
-122.803, -2.320e-9
-122.753, -2.320e-9
-122.703, -2.320e-9
-122.653, -2.320e-9
-122.603, -2.320e-9
-122.553, -2.320e-9
-122.503, -2.320e-9
-122.453, -2.320e-9
-122.403, -2.320e-9
-122.353, -2.320e-9
-122.303, -2.320e-9
-122.253, -2.320e-9
-122.203, -2.320e-9
-122.153, -2.320e-9
-122.103, -2.320e-9
-122.053, -2.320e-9
-122.003, -2.320e-9
-121.953, -2.320e-9
-121.903, -2.320e-9
-121.853, -2.320e-9
-121.803, -2.320e-9
-121.753, -2.320e-9
-121.703, -2.319e-9
-121.653, -2.320e-9
-121.603, -2.320e-9
-121.553, -2.319e-9
-121.503, -2.319e-9
-121.453, -2.320e-9
-121.403, -2.320e-9
-121.353, -2.319e-9
-121.303, -2.319e-9
-121.253, -2.319e-9
-121.203, -2.319e-9
-121.153, -2.319e-9
-121.103, -2.319e-9
-121.053, -2.319e-9
-121.003, -2.319e-9
-120.953, -2.319e-9
-120.903, -2.319e-9
-120.853, -2.319e-9
-120.803, -2.319e-9
-120.753, -2.319e-9
-120.703, -2.319e-9
-120.653, -2.319e-9
-120.603, -2.319e-9
-120.553, -2.319e-9
-120.503, -2.319e-9
-120.453, -2.319e-9
-120.403, -2.319e-9
-120.353, -2.319e-9
-120.303, -2.319e-9
-120.253, -2.319e-9
-120.203, -2.319e-9
-120.153, -2.319e-9
-120.103, -2.319e-9
-120.053, -2.319e-9
-120.003, -2.319e-9
-119.953, -2.319e-9
-119.903, -2.319e-9
-119.853, -2.318e-9
-119.803, -2.319e-9
-119.753, -2.319e-9
-119.703, -2.319e-9
-119.653, -2.319e-9
-119.603, -2.319e-9
-119.553, -2.319e-9
-119.503, -2.319e-9
-119.453, -2.319e-9
-119.403, -2.319e-9
-119.353, -2.318e-9
-119.303, -2.318e-9
-119.253, -2.318e-9
-119.203, -2.318e-9
-119.153, -2.318e-9
-119.103, -2.318e-9
-119.053, -2.318e-9
-119.003, -2.318e-9
-118.953, -2.318e-9
-118.903, -2.318e-9
-118.853, -2.318e-9
-118.803, -2.318e-9
-118.753, -2.318e-9
-118.703, -2.318e-9
-118.653, -2.318e-9
-118.603, -2.318e-9
-118.553, -2.318e-9
-118.503, -2.318e-9
-118.453, -2.318e-9
-118.403, -2.318e-9
-118.353, -2.318e-9
-118.303, -2.317e-9
-118.253, -2.318e-9
-118.203, -2.318e-9
-118.153, -2.318e-9
-118.103, -2.318e-9
-118.053, -2.318e-9
-118.003, -2.318e-9
-117.953, -2.318e-9
-117.903, -2.317e-9
-117.853, -2.317e-9
-117.803, -2.317e-9
-117.753, -2.317e-9
-117.703, -2.317e-9
-117.653, -2.318e-9
-117.603, -2.317e-9
-117.553, -2.318e-9
-117.503, -2.318e-9
-117.453, -2.317e-9
-117.403, -2.318e-9
-117.353, -2.317e-9
-117.303, -2.317e-9
-117.253, -2.318e-9
-117.203, -2.318e-9
-117.153, -2.317e-9
-117.103, -2.317e-9
-117.053, -2.317e-9
-117.003, -2.317e-9
-116.953, -2.317e-9
-116.903, -2.317e-9
-116.853, -2.317e-9
-116.803, -2.317e-9
-116.753, -2.317e-9
-116.703, -2.317e-9
-116.653, -2.317e-9
-116.603, -2.317e-9
-116.553, -2.317e-9
-116.503, -2.317e-9
-116.453, -2.317e-9
-116.403, -2.317e-9
-116.353, -2.317e-9
-116.303, -2.317e-9
-116.253, -2.317e-9
-116.203, -2.316e-9
-116.153, -2.316e-9
-116.103, -2.316e-9
-116.053, -2.316e-9
-116.003, -2.316e-9
-115.953, -2.317e-9
-115.903, -2.317e-9
-115.853, -2.316e-9
-115.803, -2.316e-9
-115.753, -2.316e-9
-115.703, -2.316e-9
-115.653, -2.316e-9
-115.603, -2.316e-9
-115.553, -2.317e-9
-115.503, -2.316e-9
-115.453, -2.316e-9
-115.403, -2.316e-9
-115.353, -2.316e-9
-115.303, -2.316e-9
-115.253, -2.316e-9
-115.203, -2.316e-9
-115.153, -2.316e-9
-115.103, -2.316e-9
-115.053, -2.316e-9
-115.003, -2.316e-9
-114.953, -2.316e-9
-114.903, -2.316e-9
-114.853, -2.316e-9
-114.803, -2.316e-9
-114.753, -2.316e-9
-114.703, -2.316e-9
-114.653, -2.316e-9
-114.603, -2.316e-9
-114.553, -2.316e-9
-114.503, -2.315e-9
-114.453, -2.316e-9
-114.403, -2.316e-9
-114.353, -2.316e-9
-114.303, -2.316e-9
-114.253, -2.316e-9
-114.203, -2.316e-9
-114.153, -2.316e-9
-114.103, -2.315e-9
-114.053, -2.315e-9
-114.003, -2.315e-9
-113.953, -2.315e-9
-113.903, -2.315e-9
-113.853, -2.315e-9
-113.803, -2.315e-9
-113.753, -2.315e-9
-113.703, -2.315e-9
-113.653, -2.315e-9
-113.603, -2.315e-9
-113.553, -2.316e-9
-113.503, -2.315e-9
-113.453, -2.315e-9
-113.403, -2.315e-9
-113.353, -2.315e-9
-113.303, -2.315e-9
-113.253, -2.315e-9
-113.203, -2.315e-9
-113.153, -2.315e-9
-113.103, -2.315e-9
-113.053, -2.315e-9
-113.003, -2.315e-9
-112.953, -2.315e-9
-112.903, -2.315e-9
-112.853, -2.315e-9
-112.803, -2.315e-9
-112.753, -2.315e-9
-112.703, -2.315e-9
-112.653, -2.315e-9
-112.603, -2.315e-9
-112.553, -2.315e-9
-112.503, -2.315e-9
-112.453, -2.315e-9
-112.403, -2.315e-9
-112.353, -2.315e-9
-112.303, -2.315e-9
-112.253, -2.315e-9
-112.203, -2.315e-9
-112.153, -2.315e-9
-112.103, -2.314e-9
-112.053, -2.314e-9
-112.003, -2.314e-9
-111.953, -2.314e-9
-111.903, -2.314e-9
-111.853, -2.314e-9
-111.803, -2.314e-9
-111.753, -2.314e-9
-111.703, -2.314e-9
-111.653, -2.313e-9
-111.603, -2.314e-9
-111.553, -2.314e-9
-111.503, -2.314e-9
-111.453, -2.314e-9
-111.403, -2.314e-9
-111.353, -2.313e-9
-111.303, -2.311e-9
-111.253, -2.310e-9
-111.203, -2.310e-9
-111.153, -2.311e-9
-111.103, -2.311e-9
-111.053, -2.311e-9
-111.003, -2.311e-9
-110.953, -2.311e-9
-110.903, -2.311e-9
-110.853, -2.312e-9
-110.803, -2.312e-9
-110.753, -2.311e-9
-110.703, -2.312e-9
-110.653, -2.312e-9
-110.603, -2.312e-9
-110.553, -2.312e-9
-110.503, -2.312e-9
-110.453, -2.312e-9
-110.403, -2.312e-9
-110.353, -2.312e-9
-110.303, -2.312e-9
-110.253, -2.312e-9
-110.203, -2.312e-9
-110.153, -2.312e-9
-110.103, -2.312e-9
-110.053, -2.312e-9
-110.003, -2.312e-9
-109.953, -2.312e-9
-109.903, -2.312e-9
-109.853, -2.312e-9
-109.803, -2.312e-9
-109.753, -2.312e-9
-109.703, -2.312e-9
-109.653, -2.312e-9
-109.603, -2.312e-9
-109.553, -2.312e-9
-109.503, -2.312e-9
-109.453, -2.312e-9
-109.403, -2.312e-9
-109.353, -2.312e-9
-109.303, -2.312e-9
-109.253, -2.312e-9
-109.203, -2.312e-9
-109.153, -2.312e-9
-109.103, -2.312e-9
-109.053, -2.312e-9
-109.003, -2.312e-9
-108.952, -2.312e-9
-108.902, -2.312e-9
-108.852, -2.311e-9
-108.802, -2.312e-9
-108.752, -2.311e-9
-108.702, -2.312e-9
-108.652, -2.312e-9
-108.602, -2.311e-9
-108.552, -2.311e-9
-108.502, -2.311e-9
-108.452, -2.312e-9
-108.402, -2.312e-9
-108.352, -2.311e-9
-108.302, -2.311e-9
-108.252, -2.311e-9
-108.202, -2.311e-9
-108.152, -2.311e-9
-108.102, -2.311e-9
-108.052, -2.311e-9
-108.002, -2.311e-9
-107.952, -2.311e-9
-107.902, -2.311e-9
-107.852, -2.311e-9
-107.802, -2.311e-9
-107.752, -2.311e-9
-107.702, -2.311e-9
-107.652, -2.311e-9
-107.602, -2.311e-9
-107.552, -2.311e-9
-107.502, -2.311e-9
-107.452, -2.311e-9
-107.402, -2.311e-9
-107.352, -2.311e-9
-107.302, -2.311e-9
-107.252, -2.311e-9
-107.202, -2.311e-9
-107.152, -2.311e-9
-107.102, -2.311e-9
-107.052, -2.311e-9
-107.002, -2.311e-9
-106.952, -2.311e-9
-106.902, -2.311e-9
-106.852, -2.311e-9
-106.802, -2.311e-9
-106.752, -2.311e-9
-106.702, -2.311e-9
-106.652, -2.311e-9
-106.602, -2.311e-9
-106.552, -2.310e-9
-106.502, -2.311e-9
-106.452, -2.311e-9
-106.402, -2.311e-9
-106.352, -2.311e-9
-106.302, -2.310e-9
-106.252, -2.311e-9
-106.202, -2.311e-9
-106.152, -2.311e-9
-106.102, -2.311e-9
-106.052, -2.310e-9
-106.002, -2.310e-9
-105.952, -2.311e-9
-105.902, -2.312e-9
-105.852, -2.313e-9
-105.802, -2.313e-9
-105.752, -2.313e-9
-105.702, -2.313e-9
-105.652, -2.313e-9
-105.602, -2.312e-9
-105.552, -2.312e-9
-105.502, -2.312e-9
-105.452, -2.312e-9
-105.402, -2.312e-9
-105.352, -2.312e-9
-105.302, -2.312e-9
-105.252, -2.312e-9
-105.202, -2.312e-9
-105.152, -2.312e-9
-105.102, -2.312e-9
-105.052, -2.311e-9
-105.002, -2.311e-9
-104.952, -2.311e-9
-104.902, -2.311e-9
-104.852, -2.311e-9
-104.802, -2.311e-9
-104.752, -2.311e-9
-104.702, -2.311e-9
-104.652, -2.311e-9
-104.602, -2.311e-9
-104.552, -2.311e-9
-104.502, -2.311e-9
-104.452, -2.311e-9
-104.402, -2.311e-9
-104.352, -2.311e-9
-104.302, -2.311e-9
-104.252, -2.311e-9
-104.202, -2.311e-9
-104.152, -2.311e-9
-104.102, -2.311e-9
-104.052, -2.311e-9
-104.002, -2.311e-9
-103.952, -2.310e-9
-103.902, -2.310e-9
-103.852, -2.310e-9
-103.802, -2.310e-9
-103.752, -2.310e-9
-103.702, -2.310e-9
-103.652, -2.310e-9
-103.602, -2.310e-9
-103.552, -2.310e-9
-103.502, -2.310e-9
-103.452, -2.310e-9
-103.402, -2.310e-9
-103.352, -2.310e-9
-103.302, -2.310e-9
-103.252, -2.310e-9
-103.202, -2.310e-9
-103.152, -2.310e-9
-103.102, -2.310e-9
-103.052, -2.310e-9
-103.002, -2.310e-9
-102.952, -2.310e-9
-102.902, -2.310e-9
-102.852, -2.310e-9
-102.802, -2.310e-9
-102.752, -2.310e-9
-102.702, -2.310e-9
-102.652, -2.310e-9
-102.602, -2.310e-9
-102.552, -2.310e-9
-102.502, -2.310e-9
-102.452, -2.309e-9
-102.402, -2.310e-9
-102.352, -2.309e-9
-102.302, -2.310e-9
-102.252, -2.310e-9
-102.202, -2.310e-9
-102.152, -2.309e-9
-102.102, -2.309e-9
-102.052, -2.309e-9
-102.002, -2.309e-9
-101.952, -2.309e-9
-101.902, -2.309e-9
-101.852, -2.309e-9
-101.802, -2.309e-9
-101.752, -2.309e-9
-101.702, -2.309e-9
-101.652, -2.309e-9
-101.602, -2.309e-9
-101.552, -2.309e-9
-101.502, -2.309e-9
-101.452, -2.309e-9
-101.402, -2.309e-9
-101.352, -2.309e-9
-101.302, -2.309e-9
-101.252, -2.309e-9
-101.202, -2.309e-9
-101.152, -2.309e-9
-101.102, -2.309e-9
-101.052, -2.309e-9
-101.002, -2.309e-9
-100.952, -2.308e-9
-100.902, -2.308e-9
-100.852, -2.308e-9
-100.802, -2.308e-9
-100.752, -2.308e-9
-100.702, -2.308e-9
-100.652, -2.308e-9
-100.602, -2.308e-9
-100.552, -2.308e-9
-100.502, -2.308e-9
-100.452, -2.308e-9
-100.402, -2.308e-9
-100.352, -2.308e-9
-100.302, -2.308e-9
-100.252, -2.308e-9
-100.202, -2.308e-9
-100.152, -2.308e-9
-100.102, -2.308e-9
-100.052, -2.308e-9
-100.002, -2.308e-9
-99.952, -2.308e-9
-99.902, -2.308e-9
-99.852, -2.308e-9
-99.802, -2.308e-9
-99.752, -2.308e-9
-99.702, -2.308e-9
-99.652, -2.308e-9
-99.602, -2.308e-9
-99.552, -2.308e-9
-99.502, -2.308e-9
-99.452, -2.307e-9
-99.402, -2.308e-9
-99.352, -2.308e-9
-99.302, -2.308e-9
-99.252, -2.308e-9
-99.202, -2.308e-9
-99.152, -2.308e-9
-99.102, -2.308e-9
-99.052, -2.307e-9
-99.002, -2.307e-9
-98.952, -2.307e-9
-98.902, -2.307e-9
-98.852, -2.307e-9
-98.802, -2.307e-9
-98.752, -2.307e-9
-98.702, -2.307e-9
-98.652, -2.307e-9
-98.602, -2.307e-9
-98.552, -2.307e-9
-98.502, -2.307e-9
-98.452, -2.307e-9
-98.402, -2.307e-9
-98.352, -2.307e-9
-98.302, -2.307e-9
-98.252, -2.307e-9
-98.202, -2.307e-9
-98.152, -2.307e-9
-98.102, -2.307e-9
-98.052, -2.307e-9
-98.002, -2.307e-9
-97.952, -2.307e-9
-97.902, -2.307e-9
-97.852, -2.307e-9
-97.802, -2.307e-9
-97.752, -2.307e-9
-97.702, -2.307e-9
-97.652, -2.307e-9
-97.602, -2.306e-9
-97.552, -2.307e-9
-97.502, -2.306e-9
-97.452, -2.307e-9
-97.402, -2.307e-9
-97.352, -2.306e-9
-97.302, -2.306e-9
-97.252, -2.306e-9
-97.202, -2.306e-9
-97.152, -2.306e-9
-97.102, -2.306e-9
-97.052, -2.306e-9
-97.002, -2.306e-9
-96.952, -2.306e-9
-96.902, -2.306e-9
-96.852, -2.306e-9
-96.802, -2.306e-9
-96.752, -2.306e-9
-96.702, -2.306e-9
-96.652, -2.306e-9
-96.602, -2.306e-9
-96.552, -2.306e-9
-96.502, -2.306e-9
-96.452, -2.306e-9
-96.402, -2.306e-9
-96.352, -2.306e-9
-96.302, -2.306e-9
-96.252, -2.306e-9
-96.202, -2.306e-9
-96.152, -2.305e-9
-96.102, -2.306e-9
-96.052, -2.306e-9
-96.002, -2.306e-9
-95.952, -2.305e-9
-95.902, -2.305e-9
-95.852, -2.305e-9
-95.802, -2.305e-9
-95.752, -2.305e-9
-95.702, -2.305e-9
-95.652, -2.305e-9
-95.602, -2.305e-9
-95.552, -2.305e-9
-95.502, -2.305e-9
-95.452, -2.305e-9
-95.402, -2.305e-9
-95.352, -2.305e-9
-95.302, -2.305e-9
-95.252, -2.305e-9
-95.202, -2.305e-9
-95.152, -2.305e-9
-95.102, -2.305e-9
-95.052, -2.305e-9
-95.002, -2.305e-9
-94.952, -2.305e-9
-94.902, -2.305e-9
-94.852, -2.305e-9
-94.802, -2.305e-9
-94.752, -2.305e-9
-94.702, -2.305e-9
-94.652, -2.305e-9
-94.602, -2.305e-9
-94.552, -2.305e-9
-94.502, -2.305e-9
-94.452, -2.305e-9
-94.402, -2.304e-9
-94.352, -2.304e-9
-94.302, -2.304e-9
-94.252, -2.304e-9
-94.202, -2.304e-9
-94.152, -2.304e-9
-94.102, -2.304e-9
-94.052, -2.304e-9
-94.002, -2.305e-9
-93.952, -2.304e-9
-93.902, -2.304e-9
-93.852, -2.304e-9
-93.802, -2.304e-9
-93.752, -2.304e-9
-93.702, -2.304e-9
-93.652, -2.304e-9
-93.602, -2.304e-9
-93.552, -2.304e-9
-93.502, -2.304e-9
-93.452, -2.304e-9
-93.402, -2.304e-9
-93.352, -2.304e-9
-93.302, -2.304e-9
-93.252, -2.303e-9
-93.202, -2.304e-9
-93.152, -2.304e-9
-93.102, -2.304e-9
-93.052, -2.304e-9
-93.002, -2.304e-9
-92.952, -2.304e-9
-92.902, -2.304e-9
-92.852, -2.304e-9
-92.802, -2.304e-9
-92.752, -2.304e-9
-92.702, -2.303e-9
-92.652, -2.303e-9
-92.602, -2.303e-9
-92.551, -2.304e-9
-92.501, -2.303e-9
-92.451, -2.303e-9
-92.401, -2.303e-9
-92.351, -2.303e-9
-92.301, -2.303e-9
-92.251, -2.303e-9
-92.201, -2.303e-9
-92.151, -2.303e-9
-92.101, -2.303e-9
-92.051, -2.303e-9
-92.001, -2.303e-9
-91.951, -2.303e-9
-91.901, -2.303e-9
-91.851, -2.303e-9
-91.801, -2.303e-9
-91.751, -2.303e-9
-91.701, -2.303e-9
-91.651, -2.303e-9
-91.601, -2.303e-9
-91.551, -2.303e-9
-91.501, -2.303e-9
-91.451, -2.303e-9
-91.401, -2.303e-9
-91.351, -2.303e-9
-91.301, -2.303e-9
-91.251, -2.302e-9
-91.201, -2.302e-9
-91.151, -2.303e-9
-91.101, -2.302e-9
-91.051, -2.302e-9
-91.001, -2.302e-9
-90.951, -2.302e-9
-90.901, -2.303e-9
-90.851, -2.302e-9
-90.801, -2.302e-9
-90.751, -2.302e-9
-90.701, -2.302e-9
-90.651, -2.302e-9
-90.601, -2.302e-9
-90.551, -2.302e-9
-90.501, -2.302e-9
-90.451, -2.302e-9
-90.401, -2.302e-9
-90.351, -2.302e-9
-90.301, -2.302e-9
-90.251, -2.302e-9
-90.201, -2.302e-9
-90.151, -2.302e-9
-90.101, -2.302e-9
-90.051, -2.302e-9
-90.001, -2.302e-9
-89.951, -2.302e-9
-89.901, -2.302e-9
-89.851, -2.302e-9
-89.801, -2.302e-9
-89.751, -2.301e-9
-89.701, -2.302e-9
-89.651, -2.302e-9
-89.601, -2.301e-9
-89.551, -2.302e-9
-89.501, -2.302e-9
-89.451, -2.302e-9
-89.401, -2.302e-9
-89.351, -2.302e-9
-89.301, -2.302e-9
-89.251, -2.301e-9
-89.201, -2.301e-9
-89.151, -2.301e-9
-89.101, -2.301e-9
-89.051, -2.301e-9
-89.001, -2.301e-9
-88.951, -2.301e-9
-88.901, -2.301e-9
-88.851, -2.301e-9
-88.801, -2.301e-9
-88.751, -2.301e-9
-88.701, -2.301e-9
-88.651, -2.301e-9
-88.601, -2.301e-9
-88.551, -2.301e-9
-88.501, -2.301e-9
-88.451, -2.301e-9
-88.401, -2.301e-9
-88.351, -2.301e-9
-88.301, -2.301e-9
-88.251, -2.301e-9
-88.201, -2.301e-9
-88.151, -2.301e-9
-88.101, -2.301e-9
-88.051, -2.301e-9
-88.001, -2.301e-9
-87.951, -2.301e-9
-87.901, -2.300e-9
-87.851, -2.301e-9
-87.801, -2.301e-9
-87.751, -2.301e-9
-87.701, -2.300e-9
-87.651, -2.300e-9
-87.601, -2.300e-9
-87.551, -2.301e-9
-87.501, -2.300e-9
-87.451, -2.300e-9
-87.401, -2.300e-9
-87.351, -2.300e-9
-87.301, -2.300e-9
-87.251, -2.300e-9
-87.201, -2.300e-9
-87.151, -2.300e-9
-87.101, -2.300e-9
-87.051, -2.300e-9
-87.001, -2.300e-9
-86.951, -2.300e-9
-86.901, -2.300e-9
-86.851, -2.300e-9
-86.801, -2.300e-9
-86.751, -2.300e-9
-86.701, -2.300e-9
-86.651, -2.300e-9
-86.601, -2.300e-9
-86.551, -2.300e-9
-86.501, -2.300e-9
-86.451, -2.300e-9
-86.401, -2.300e-9
-86.351, -2.300e-9
-86.301, -2.300e-9
-86.251, -2.300e-9
-86.201, -2.300e-9
-86.151, -2.300e-9
-86.101, -2.299e-9
-86.051, -2.299e-9
-86.001, -2.299e-9
-85.951, -2.299e-9
-85.901, -2.299e-9
-85.851, -2.299e-9
-85.801, -2.299e-9
-85.751, -2.299e-9
-85.701, -2.300e-9
-85.651, -2.299e-9
-85.601, -2.299e-9
-85.551, -2.299e-9
-85.501, -2.299e-9
-85.451, -2.299e-9
-85.401, -2.299e-9
-85.351, -2.299e-9
-85.301, -2.299e-9
-85.251, -2.299e-9
-85.201, -2.299e-9
-85.151, -2.299e-9
-85.101, -2.299e-9
-85.051, -2.299e-9
-85.001, -2.298e-9
-84.951, -2.298e-9
-84.901, -2.298e-9
-84.851, -2.299e-9
-84.801, -2.299e-9
-84.751, -2.298e-9
-84.701, -2.299e-9
-84.651, -2.299e-9
-84.601, -2.299e-9
-84.551, -2.299e-9
-84.501, -2.299e-9
-84.451, -2.299e-9
-84.401, -2.298e-9
-84.351, -2.298e-9
-84.301, -2.298e-9
-84.251, -2.298e-9
-84.201, -2.298e-9
-84.151, -2.298e-9
-84.101, -2.298e-9
-84.051, -2.298e-9
-84.001, -2.298e-9
-83.951, -2.298e-9
-83.901, -2.298e-9
-83.851, -2.298e-9
-83.801, -2.298e-9
-83.751, -2.298e-9
-83.701, -2.298e-9
-83.651, -2.297e-9
-83.601, -2.297e-9
-83.551, -2.297e-9
-83.501, -2.297e-9
-83.451, -2.298e-9
-83.401, -2.297e-9
-83.351, -2.297e-9
-83.301, -2.297e-9
-83.251, -2.297e-9
-83.201, -2.297e-9
-83.151, -2.298e-9
-83.101, -2.297e-9
-83.051, -2.297e-9
-83.001, -2.297e-9
-82.951, -2.297e-9
-82.901, -2.297e-9
-82.851, -2.297e-9
-82.801, -2.297e-9
-82.751, -2.297e-9
-82.701, -2.297e-9
-82.651, -2.297e-9
-82.601, -2.297e-9
-82.551, -2.297e-9
-82.501, -2.297e-9
-82.451, -2.297e-9
-82.401, -2.297e-9
-82.351, -2.297e-9
-82.301, -2.297e-9
-82.251, -2.297e-9
-82.201, -2.297e-9
-82.151, -2.297e-9
-82.101, -2.297e-9
-82.051, -2.297e-9
-82.001, -2.297e-9
-81.951, -2.297e-9
-81.901, -2.297e-9
-81.851, -2.297e-9
-81.801, -2.297e-9
-81.751, -2.297e-9
-81.701, -2.297e-9
-81.651, -2.296e-9
-81.601, -2.296e-9
-81.551, -2.296e-9
-81.501, -2.296e-9
-81.451, -2.296e-9
-81.401, -2.296e-9
-81.351, -2.296e-9
-81.301, -2.296e-9
-81.251, -2.296e-9
-81.201, -2.296e-9
-81.151, -2.296e-9
-81.101, -2.296e-9
-81.051, -2.296e-9
-81.001, -2.296e-9
-80.951, -2.296e-9
-80.901, -2.296e-9
-80.851, -2.296e-9
-80.801, -2.296e-9
-80.751, -2.296e-9
-80.701, -2.296e-9
-80.651, -2.296e-9
-80.601, -2.296e-9
-80.551, -2.295e-9
-80.501, -2.296e-9
-80.451, -2.296e-9
-80.401, -2.295e-9
-80.351, -2.296e-9
-80.301, -2.296e-9
-80.251, -2.296e-9
-80.201, -2.296e-9
-80.151, -2.295e-9
-80.101, -2.295e-9
-80.051, -2.295e-9
-80.001, -2.295e-9
-79.951, -2.295e-9
-79.901, -2.295e-9
-79.851, -2.295e-9
-79.801, -2.295e-9
-79.751, -2.295e-9
-79.701, -2.295e-9
-79.651, -2.295e-9
-79.601, -2.295e-9
-79.551, -2.295e-9
-79.501, -2.295e-9
-79.451, -2.295e-9
-79.401, -2.295e-9
-79.351, -2.295e-9
-79.301, -2.295e-9
-79.251, -2.295e-9
-79.201, -2.295e-9
-79.151, -2.295e-9
-79.101, -2.295e-9
-79.051, -2.294e-9
-79.001, -2.294e-9
-78.951, -2.294e-9
-78.901, -2.294e-9
-78.851, -2.295e-9
-78.801, -2.295e-9
-78.751, -2.295e-9
-78.701, -2.294e-9
-78.651, -2.294e-9
-78.601, -2.294e-9
-78.551, -2.294e-9
-78.501, -2.294e-9
-78.451, -2.294e-9
-78.401, -2.294e-9
-78.351, -2.294e-9
-78.301, -2.294e-9
-78.251, -2.294e-9
-78.201, -2.294e-9
-78.151, -2.294e-9
-78.101, -2.294e-9
-78.051, -2.294e-9
-78.001, -2.294e-9
-77.951, -2.294e-9
-77.901, -2.294e-9
-77.851, -2.294e-9
-77.801, -2.294e-9
-77.751, -2.294e-9
-77.701, -2.294e-9
-77.651, -2.294e-9
-77.601, -2.294e-9
-77.551, -2.294e-9
-77.501, -2.294e-9
-77.451, -2.293e-9
-77.401, -2.294e-9
-77.351, -2.293e-9
-77.301, -2.294e-9
-77.251, -2.293e-9
-77.201, -2.293e-9
-77.151, -2.293e-9
-77.101, -2.293e-9
-77.051, -2.293e-9
-77.001, -2.293e-9
-76.951, -2.293e-9
-76.901, -2.293e-9
-76.851, -2.293e-9
-76.801, -2.293e-9
-76.751, -2.293e-9
-76.701, -2.293e-9
-76.651, -2.293e-9
-76.601, -2.293e-9
-76.551, -2.293e-9
-76.501, -2.293e-9
-76.451, -2.293e-9
-76.401, -2.293e-9
-76.351, -2.293e-9
-76.301, -2.293e-9
-76.251, -2.293e-9
-76.201, -2.292e-9
-76.150, -2.292e-9
-76.100, -2.293e-9
-76.050, -2.293e-9
-76.000, -2.292e-9
-75.950, -2.293e-9
-75.900, -2.292e-9
-75.850, -2.292e-9
-75.800, -2.292e-9
-75.750, -2.292e-9
-75.700, -2.292e-9
-75.650, -2.292e-9
-75.600, -2.292e-9
-75.550, -2.292e-9
-75.500, -2.292e-9
-75.450, -2.292e-9
-75.400, -2.292e-9
-75.350, -2.292e-9
-75.300, -2.292e-9
-75.250, -2.292e-9
-75.200, -2.292e-9
-75.150, -2.292e-9
-75.100, -2.292e-9
-75.050, -2.292e-9
-75.000, -2.292e-9
-74.950, -2.292e-9
-74.900, -2.292e-9
-74.850, -2.292e-9
-74.800, -2.292e-9
-74.750, -2.292e-9
-74.700, -2.292e-9
-74.650, -2.292e-9
-74.600, -2.291e-9
-74.550, -2.291e-9
-74.500, -2.291e-9
-74.450, -2.291e-9
-74.400, -2.292e-9
-74.350, -2.291e-9
-74.300, -2.291e-9
-74.250, -2.291e-9
-74.200, -2.291e-9
-74.150, -2.291e-9
-74.100, -2.291e-9
-74.050, -2.291e-9
-74.000, -2.291e-9
-73.950, -2.291e-9
-73.900, -2.291e-9
-73.850, -2.291e-9
-73.800, -2.291e-9
-73.750, -2.290e-9
-73.700, -2.291e-9
-73.650, -2.290e-9
-73.600, -2.291e-9
-73.550, -2.291e-9
-73.500, -2.290e-9
-73.450, -2.290e-9
-73.400, -2.290e-9
-73.350, -2.290e-9
-73.300, -2.290e-9
-73.250, -2.291e-9
-73.200, -2.290e-9
-73.150, -2.290e-9
-73.100, -2.290e-9
-73.050, -2.290e-9
-73.000, -2.290e-9
-72.950, -2.290e-9
-72.900, -2.290e-9
-72.850, -2.290e-9
-72.800, -2.290e-9
-72.750, -2.290e-9
-72.700, -2.290e-9
-72.650, -2.290e-9
-72.600, -2.290e-9
-72.550, -2.290e-9
-72.500, -2.290e-9
-72.450, -2.290e-9
-72.400, -2.290e-9
-72.350, -2.290e-9
-72.300, -2.290e-9
-72.250, -2.290e-9
-72.200, -2.289e-9
-72.150, -2.289e-9
-72.100, -2.289e-9
-72.050, -2.290e-9
-72.000, -2.289e-9
-71.950, -2.290e-9
-71.900, -2.289e-9
-71.850, -2.289e-9
-71.800, -2.289e-9
-71.750, -2.289e-9
-71.700, -2.289e-9
-71.650, -2.289e-9
-71.600, -2.289e-9
-71.550, -2.289e-9
-71.500, -2.289e-9
-71.450, -2.289e-9
-71.400, -2.289e-9
-71.350, -2.289e-9
-71.300, -2.289e-9
-71.250, -2.289e-9
-71.200, -2.289e-9
-71.150, -2.289e-9
-71.100, -2.289e-9
-71.050, -2.288e-9
-71.000, -2.289e-9
-70.950, -2.288e-9
-70.900, -2.288e-9
-70.850, -2.288e-9
-70.800, -2.288e-9
-70.750, -2.289e-9
-70.700, -2.289e-9
-70.650, -2.289e-9
-70.600, -2.288e-9
-70.550, -2.288e-9
-70.500, -2.288e-9
-70.450, -2.288e-9
-70.400, -2.288e-9
-70.350, -2.288e-9
-70.300, -2.288e-9
-70.250, -2.288e-9
-70.200, -2.288e-9
-70.150, -2.288e-9
-70.100, -2.288e-9
-70.050, -2.288e-9
-70.000, -2.288e-9
-69.950, -2.288e-9
-69.900, -2.288e-9
-69.850, -2.288e-9
-69.800, -2.288e-9
-69.750, -2.288e-9
-69.700, -2.288e-9
-69.650, -2.288e-9
-69.600, -2.288e-9
-69.550, -2.287e-9
-69.500, -2.288e-9
-69.450, -2.288e-9
-69.400, -2.288e-9
-69.350, -2.288e-9
-69.300, -2.287e-9
-69.250, -2.287e-9
-69.200, -2.287e-9
-69.150, -2.287e-9
-69.100, -2.287e-9
-69.050, -2.287e-9
-69.000, -2.287e-9
-68.950, -2.287e-9
-68.900, -2.287e-9
-68.850, -2.287e-9
-68.800, -2.287e-9
-68.750, -2.287e-9
-68.700, -2.286e-9
-68.650, -2.287e-9
-68.600, -2.286e-9
-68.550, -2.286e-9
-68.500, -2.287e-9
-68.450, -2.287e-9
-68.400, -2.287e-9
-68.350, -2.287e-9
-68.300, -2.286e-9
-68.250, -2.286e-9
-68.200, -2.286e-9
-68.150, -2.286e-9
-68.100, -2.286e-9
-68.050, -2.286e-9
-68.000, -2.286e-9
-67.950, -2.286e-9
-67.900, -2.286e-9
-67.850, -2.286e-9
-67.800, -2.286e-9
-67.750, -2.286e-9
-67.700, -2.286e-9
-67.650, -2.286e-9
-67.600, -2.286e-9
-67.550, -2.286e-9
-67.500, -2.285e-9
-67.450, -2.285e-9
-67.400, -2.286e-9
-67.350, -2.286e-9
-67.300, -2.286e-9
-67.250, -2.285e-9
-67.200, -2.285e-9
-67.150, -2.285e-9
-67.100, -2.285e-9
-67.050, -2.285e-9
-67.000, -2.285e-9
-66.950, -2.285e-9
-66.900, -2.285e-9
-66.850, -2.285e-9
-66.800, -2.285e-9
-66.750, -2.285e-9
-66.700, -2.284e-9
-66.650, -2.284e-9
-66.600, -2.284e-9
-66.550, -2.284e-9
-66.500, -2.285e-9
-66.450, -2.285e-9
-66.400, -2.284e-9
-66.350, -2.284e-9
-66.300, -2.284e-9
-66.250, -2.285e-9
-66.200, -2.284e-9
-66.150, -2.284e-9
-66.100, -2.284e-9
-66.050, -2.284e-9
-66.000, -2.285e-9
-65.950, -2.284e-9
-65.900, -2.284e-9
-65.850, -2.284e-9
-65.800, -2.284e-9
-65.750, -2.284e-9
-65.700, -2.284e-9
-65.650, -2.284e-9
-65.600, -2.284e-9
-65.550, -2.284e-9
-65.500, -2.284e-9
-65.450, -2.284e-9
-65.400, -2.284e-9
-65.350, -2.284e-9
-65.300, -2.284e-9
-65.250, -2.284e-9
-65.200, -2.284e-9
-65.150, -2.284e-9
-65.100, -2.284e-9
-65.050, -2.283e-9
-65.000, -2.283e-9
-64.950, -2.283e-9
-64.900, -2.283e-9
-64.850, -2.283e-9
-64.800, -2.283e-9
-64.750, -2.283e-9
-64.700, -2.283e-9
-64.650, -2.283e-9
-64.600, -2.283e-9
-64.550, -2.283e-9
-64.500, -2.283e-9
-64.450, -2.283e-9
-64.400, -2.283e-9
-64.350, -2.283e-9
-64.300, -2.283e-9
-64.250, -2.283e-9
-64.200, -2.282e-9
-64.150, -2.282e-9
-64.100, -2.283e-9
-64.050, -2.282e-9
-64.000, -2.283e-9
-63.950, -2.282e-9
-63.900, -2.282e-9
-63.850, -2.282e-9
-63.800, -2.282e-9
-63.750, -2.282e-9
-63.700, -2.282e-9
-63.650, -2.282e-9
-63.600, -2.282e-9
-63.550, -2.282e-9
-63.500, -2.282e-9
-63.450, -2.282e-9
-63.400, -2.282e-9
-63.350, -2.282e-9
-63.300, -2.282e-9
-63.250, -2.282e-9
-63.200, -2.282e-9
-63.150, -2.281e-9
-63.100, -2.282e-9
-63.050, -2.281e-9
-63.000, -2.281e-9
-62.950, -2.281e-9
-62.900, -2.281e-9
-62.850, -2.281e-9
-62.800, -2.281e-9
-62.750, -2.281e-9
-62.700, -2.281e-9
-62.650, -2.281e-9
-62.600, -2.281e-9
-62.550, -2.281e-9
-62.500, -2.281e-9
-62.450, -2.281e-9
-62.400, -2.281e-9
-62.350, -2.281e-9
-62.300, -2.281e-9
-62.250, -2.281e-9
-62.200, -2.281e-9
-62.150, -2.280e-9
-62.100, -2.281e-9
-62.050, -2.281e-9
-62.000, -2.281e-9
-61.950, -2.280e-9
-61.900, -2.280e-9
-61.850, -2.280e-9
-61.800, -2.280e-9
-61.750, -2.280e-9
-61.700, -2.280e-9
-61.650, -2.280e-9
-61.600, -2.280e-9
-61.550, -2.280e-9
-61.500, -2.280e-9
-61.450, -2.280e-9
-61.400, -2.280e-9
-61.350, -2.280e-9
-61.300, -2.280e-9
-61.250, -2.280e-9
-61.200, -2.280e-9
-61.150, -2.280e-9
-61.100, -2.279e-9
-61.050, -2.279e-9
-61.000, -2.279e-9
-60.950, -2.279e-9
-60.900, -2.279e-9
-60.850, -2.279e-9
-60.800, -2.279e-9
-60.750, -2.279e-9
-60.700, -2.279e-9
-60.650, -2.279e-9
-60.600, -2.279e-9
-60.550, -2.279e-9
-60.500, -2.279e-9
-60.450, -2.279e-9
-60.400, -2.279e-9
-60.350, -2.279e-9
-60.300, -2.279e-9
-60.250, -2.278e-9
-60.200, -2.278e-9
-60.150, -2.278e-9
-60.100, -2.278e-9
-60.050, -2.278e-9
-60.000, -2.278e-9
-59.950, -2.278e-9
-59.900, -2.278e-9
-59.850, -2.278e-9
-59.800, -2.278e-9
-59.750, -2.278e-9
-59.700, -2.278e-9
-59.650, -2.278e-9
-59.600, -2.278e-9
-59.550, -2.278e-9
-59.500, -2.278e-9
-59.450, -2.278e-9
-59.400, -2.278e-9
-59.350, -2.278e-9
-59.300, -2.277e-9
-59.250, -2.277e-9
-59.200, -2.277e-9
-59.150, -2.277e-9
-59.100, -2.277e-9
-59.050, -2.277e-9
-59.000, -2.277e-9
-58.950, -2.277e-9
-58.900, -2.277e-9
-58.850, -2.277e-9
-58.800, -2.277e-9
-58.750, -2.277e-9
-58.700, -2.277e-9
-58.650, -2.277e-9
-58.600, -2.277e-9
-58.550, -2.277e-9
-58.500, -2.276e-9
-58.450, -2.276e-9
-58.400, -2.277e-9
-58.350, -2.276e-9
-58.300, -2.277e-9
-58.250, -2.276e-9
-58.200, -2.276e-9
-58.150, -2.276e-9
-58.100, -2.276e-9
-58.050, -2.276e-9
-58.000, -2.276e-9
-57.950, -2.276e-9
-57.900, -2.276e-9
-57.850, -2.276e-9
-57.800, -2.276e-9
-57.750, -2.276e-9
-57.700, -2.276e-9
-57.650, -2.276e-9
-57.600, -2.276e-9
-57.550, -2.276e-9
-57.500, -2.276e-9
-57.450, -2.276e-9
-57.400, -2.276e-9
-57.350, -2.275e-9
-57.300, -2.275e-9
-57.250, -2.275e-9
-57.200, -2.275e-9
-57.150, -2.275e-9
-57.100, -2.275e-9
-57.050, -2.275e-9
-57.000, -2.275e-9
-56.950, -2.275e-9
-56.900, -2.275e-9
-56.850, -2.275e-9
-56.800, -2.275e-9
-56.750, -2.275e-9
-56.700, -2.275e-9
-56.650, -2.274e-9
-56.600, -2.274e-9
-56.550, -2.274e-9
-56.500, -2.274e-9
-56.450, -2.274e-9
-56.400, -2.274e-9
-56.350, -2.274e-9
-56.300, -2.274e-9
-56.250, -2.274e-9
-56.200, -2.274e-9
-56.150, -2.274e-9
-56.100, -2.274e-9
-56.050, -2.274e-9
-56.000, -2.274e-9
-55.950, -2.273e-9
-55.900, -2.274e-9
-55.850, -2.273e-9
-55.800, -2.273e-9
-55.750, -2.273e-9
-55.700, -2.273e-9
-55.650, -2.273e-9
-55.600, -2.273e-9
-55.550, -2.273e-9
-55.500, -2.273e-9
-55.450, -2.273e-9
-55.400, -2.273e-9
-55.350, -2.273e-9
-55.300, -2.273e-9
-55.250, -2.273e-9
-55.200, -2.273e-9
-55.150, -2.273e-9
-55.100, -2.272e-9
-55.050, -2.273e-9
-55.000, -2.272e-9
-54.950, -2.272e-9
-54.900, -2.272e-9
-54.850, -2.273e-9
-54.800, -2.272e-9
-54.750, -2.272e-9
-54.700, -2.272e-9
-54.650, -2.272e-9
-54.600, -2.272e-9
-54.550, -2.272e-9
-54.500, -2.272e-9
-54.450, -2.272e-9
-54.400, -2.272e-9
-54.350, -2.272e-9
-54.300, -2.271e-9
-54.250, -2.272e-9
-54.200, -2.272e-9
-54.150, -2.271e-9
-54.100, -2.271e-9
-54.050, -2.271e-9
-54.000, -2.271e-9
-53.950, -2.271e-9
-53.900, -2.271e-9
-53.850, -2.271e-9
-53.800, -2.270e-9
-53.750, -2.270e-9
-53.700, -2.270e-9
-53.650, -2.270e-9
-53.600, -2.270e-9
-53.550, -2.270e-9
-53.500, -2.270e-9
-53.450, -2.270e-9
-53.400, -2.270e-9
-53.350, -2.269e-9
-53.300, -2.270e-9
-53.250, -2.270e-9
-53.200, -2.270e-9
-53.150, -2.270e-9
-53.100, -2.270e-9
-53.050, -2.270e-9
-53.000, -2.270e-9
-52.950, -2.269e-9
-52.900, -2.269e-9
-52.850, -2.270e-9
-52.800, -2.270e-9
-52.750, -2.269e-9
-52.700, -2.269e-9
-52.650, -2.269e-9
-52.600, -2.269e-9
-52.550, -2.269e-9
-52.500, -2.269e-9
-52.450, -2.269e-9
-52.400, -2.269e-9
-52.350, -2.269e-9
-52.300, -2.269e-9
-52.250, -2.269e-9
-52.200, -2.269e-9
-52.150, -2.269e-9
-52.100, -2.268e-9
-52.050, -2.268e-9
-52.000, -2.268e-9
-51.950, -2.268e-9
-51.900, -2.268e-9
-51.850, -2.268e-9
-51.800, -2.268e-9
-51.750, -2.268e-9
-51.700, -2.268e-9
-51.650, -2.268e-9
-51.600, -2.268e-9
-51.550, -2.267e-9
-51.500, -2.267e-9
-51.450, -2.267e-9
-51.400, -2.267e-9
-51.350, -2.267e-9
-51.300, -2.267e-9
-51.250, -2.267e-9
-51.200, -2.267e-9
-51.150, -2.267e-9
-51.100, -2.267e-9
-51.050, -2.267e-9
-51.000, -2.267e-9
-50.950, -2.266e-9
-50.900, -2.266e-9
-50.850, -2.266e-9
-50.800, -2.266e-9
-50.750, -2.266e-9
-50.700, -2.266e-9
-50.650, -2.267e-9
-50.600, -2.267e-9
-50.550, -2.267e-9
-50.500, -2.266e-9
-50.450, -2.266e-9
-50.400, -2.266e-9
-50.350, -2.266e-9
-50.300, -2.266e-9
-50.250, -2.266e-9
-50.200, -2.266e-9
-50.150, -2.266e-9
-50.100, -2.266e-9
-50.050, -2.266e-9
-50.000, -2.265e-9
-49.950, -2.265e-9
-49.900, -2.265e-9
-49.850, -2.265e-9
-49.800, -2.265e-9
-49.750, -2.265e-9
-49.700, -2.265e-9
-49.650, -2.265e-9
-49.600, -2.265e-9
-49.550, -2.265e-9
-49.500, -2.265e-9
-49.450, -2.265e-9
-49.400, -2.265e-9
-49.350, -2.264e-9
-49.300, -2.264e-9
-49.250, -2.264e-9
-49.200, -2.264e-9
-49.150, -2.264e-9
-49.100, -2.264e-9
-49.050, -2.264e-9
-49.000, -2.264e-9
-48.950, -2.264e-9
-48.900, -2.264e-9
-48.850, -2.264e-9
-48.800, -2.264e-9
-48.750, -2.264e-9
-48.700, -2.263e-9
-48.650, -2.263e-9
-48.600, -2.263e-9
-48.550, -2.263e-9
-48.500, -2.263e-9
-48.450, -2.263e-9
-48.400, -2.263e-9
-48.350, -2.263e-9
-48.300, -2.263e-9
-48.250, -2.263e-9
-48.200, -2.263e-9
-48.150, -2.263e-9
-48.100, -2.263e-9
-48.050, -2.262e-9
-48.000, -2.262e-9
-47.950, -2.262e-9
-47.900, -2.262e-9
-47.850, -2.262e-9
-47.800, -2.262e-9
-47.750, -2.262e-9
-47.700, -2.262e-9
-47.650, -2.262e-9
-47.600, -2.261e-9
-47.550, -2.262e-9
-47.500, -2.261e-9
-47.450, -2.262e-9
-47.400, -2.261e-9
-47.350, -2.262e-9
-47.300, -2.261e-9
-47.250, -2.261e-9
-47.200, -2.261e-9
-47.150, -2.261e-9
-47.100, -2.261e-9
-47.050, -2.261e-9
-47.000, -2.261e-9
-46.950, -2.261e-9
-46.900, -2.261e-9
-46.850, -2.260e-9
-46.800, -2.260e-9
-46.750, -2.260e-9
-46.700, -2.260e-9
-46.650, -2.260e-9
-46.600, -2.260e-9
-46.550, -2.260e-9
-46.500, -2.260e-9
-46.450, -2.260e-9
-46.400, -2.260e-9
-46.350, -2.260e-9
-46.300, -2.259e-9
-46.250, -2.259e-9
-46.200, -2.259e-9
-46.150, -2.259e-9
-46.100, -2.259e-9
-46.050, -2.259e-9
-46.000, -2.259e-9
-45.950, -2.259e-9
-45.900, -2.259e-9
-45.850, -2.259e-9
-45.800, -2.258e-9
-45.750, -2.258e-9
-45.700, -2.258e-9
-45.650, -2.258e-9
-45.600, -2.258e-9
-45.550, -2.258e-9
-45.500, -2.257e-9
-45.450, -2.257e-9
-45.400, -2.257e-9
-45.350, -2.257e-9
-45.300, -2.257e-9
-45.250, -2.257e-9
-45.200, -2.257e-9
-45.150, -2.257e-9
-45.100, -2.257e-9
-45.050, -2.257e-9
-45.000, -2.257e-9
-44.950, -2.257e-9
-44.900, -2.257e-9
-44.850, -2.257e-9
-44.800, -2.257e-9
-44.750, -2.256e-9
-44.700, -2.256e-9
-44.650, -2.256e-9
-44.600, -2.256e-9
-44.550, -2.256e-9
-44.500, -2.256e-9
-44.450, -2.256e-9
-44.400, -2.256e-9
-44.350, -2.256e-9
-44.300, -2.255e-9
-44.250, -2.255e-9
-44.200, -2.255e-9
-44.150, -2.255e-9
-44.100, -2.255e-9
-44.050, -2.255e-9
-44.000, -2.255e-9
-43.950, -2.255e-9
-43.900, -2.255e-9
-43.850, -2.255e-9
-43.800, -2.255e-9
-43.750, -2.255e-9
-43.700, -2.254e-9
-43.650, -2.254e-9
-43.600, -2.254e-9
-43.550, -2.254e-9
-43.500, -2.254e-9
-43.450, -2.254e-9
-43.400, -2.254e-9
-43.350, -2.253e-9
-43.300, -2.253e-9
-43.250, -2.252e-9
-43.200, -2.253e-9
-43.150, -2.253e-9
-43.100, -2.253e-9
-43.050, -2.253e-9
-43.000, -2.254e-9
-42.950, -2.253e-9
-42.900, -2.253e-9
-42.850, -2.253e-9
-42.800, -2.253e-9
-42.750, -2.253e-9
-42.700, -2.252e-9
-42.650, -2.252e-9
-42.600, -2.252e-9
-42.550, -2.251e-9
-42.500, -2.251e-9
-42.450, -2.252e-9
-42.400, -2.252e-9
-42.350, -2.252e-9
-42.300, -2.252e-9
-42.250, -2.251e-9
-42.200, -2.251e-9
-42.150, -2.251e-9
-42.100, -2.251e-9
-42.050, -2.251e-9
-42.000, -2.251e-9
-41.950, -2.251e-9
-41.900, -2.251e-9
-41.850, -2.251e-9
-41.800, -2.251e-9
-41.750, -2.251e-9
-41.700, -2.250e-9
-41.650, -2.250e-9
-41.600, -2.250e-9
-41.550, -2.250e-9
-41.500, -2.250e-9
-41.450, -2.250e-9
-41.400, -2.250e-9
-41.350, -2.249e-9
-41.300, -2.249e-9
-41.250, -2.249e-9
-41.200, -2.249e-9
-41.150, -2.249e-9
-41.100, -2.249e-9
-41.050, -2.249e-9
-41.000, -2.248e-9
-40.950, -2.248e-9
-40.900, -2.248e-9
-40.850, -2.248e-9
-40.800, -2.248e-9
-40.750, -2.248e-9
-40.700, -2.248e-9
-40.650, -2.248e-9
-40.600, -2.248e-9
-40.550, -2.248e-9
-40.500, -2.248e-9
-40.450, -2.248e-9
-40.400, -2.247e-9
-40.350, -2.247e-9
-40.300, -2.247e-9
-40.250, -2.247e-9
-40.200, -2.247e-9
-40.150, -2.247e-9
-40.100, -2.247e-9
-40.050, -2.246e-9
-40.000, -2.246e-9
-39.950, -2.246e-9
-39.900, -2.246e-9
-39.850, -2.246e-9
-39.800, -2.246e-9
-39.750, -2.246e-9
-39.700, -2.246e-9
-39.650, -2.245e-9
-39.600, -2.245e-9
-39.550, -2.245e-9
-39.500, -2.245e-9
-39.450, -2.245e-9
-39.400, -2.245e-9
-39.350, -2.245e-9
-39.300, -2.245e-9
-39.250, -2.245e-9
-39.200, -2.245e-9
-39.150, -2.244e-9
-39.100, -2.244e-9
-39.050, -2.244e-9
-39.000, -2.244e-9
-38.950, -2.244e-9
-38.900, -2.243e-9
-38.850, -2.244e-9
-38.800, -2.244e-9
-38.750, -2.243e-9
-38.700, -2.243e-9
-38.650, -2.243e-9
-38.600, -2.243e-9
-38.550, -2.243e-9
-38.500, -2.243e-9
-38.450, -2.242e-9
-38.400, -2.242e-9
-38.350, -2.243e-9
-38.300, -2.242e-9
-38.250, -2.242e-9
-38.200, -2.242e-9
-38.150, -2.242e-9
-38.100, -2.242e-9
-38.050, -2.241e-9
-38.000, -2.241e-9
-37.950, -2.241e-9
-37.900, -2.241e-9
-37.850, -2.241e-9
-37.800, -2.241e-9
-37.750, -2.241e-9
-37.700, -2.240e-9
-37.650, -2.240e-9
-37.600, -2.240e-9
-37.550, -2.241e-9
-37.500, -2.240e-9
-37.450, -2.240e-9
-37.400, -2.240e-9
-37.350, -2.240e-9
-37.300, -2.240e-9
-37.250, -2.240e-9
-37.200, -2.239e-9
-37.150, -2.239e-9
-37.100, -2.239e-9
-37.050, -2.239e-9
-37.000, -2.239e-9
-36.950, -2.239e-9
-36.900, -2.239e-9
-36.850, -2.238e-9
-36.800, -2.238e-9
-36.750, -2.238e-9
-36.700, -2.238e-9
-36.650, -2.238e-9
-36.600, -2.238e-9
-36.550, -2.238e-9
-36.500, -2.237e-9
-36.450, -2.237e-9
-36.400, -2.237e-9
-36.350, -2.237e-9
-36.300, -2.237e-9
-36.250, -2.236e-9
-36.200, -2.236e-9
-36.150, -2.237e-9
-36.100, -2.236e-9
-36.050, -2.236e-9
-36.000, -2.236e-9
-35.950, -2.236e-9
-35.900, -2.236e-9
-35.850, -2.235e-9
-35.800, -2.235e-9
-35.750, -2.235e-9
-35.700, -2.235e-9
-35.650, -2.235e-9
-35.600, -2.235e-9
-35.550, -2.235e-9
-35.500, -2.235e-9
-35.450, -2.234e-9
-35.400, -2.234e-9
-35.350, -2.234e-9
-35.300, -2.234e-9
-35.250, -2.234e-9
-35.200, -2.233e-9
-35.150, -2.233e-9
-35.100, -2.233e-9
-35.050, -2.233e-9
-35.000, -2.233e-9
-34.950, -2.233e-9
-34.900, -2.232e-9
-34.850, -2.233e-9
-34.800, -2.232e-9
-34.750, -2.232e-9
-34.700, -2.232e-9
-34.650, -2.232e-9
-34.600, -2.232e-9
-34.550, -2.231e-9
-34.500, -2.231e-9
-34.450, -2.231e-9
-34.400, -2.231e-9
-34.350, -2.230e-9
-34.300, -2.231e-9
-34.250, -2.230e-9
-34.200, -2.230e-9
-34.150, -2.230e-9
-34.100, -2.230e-9
-34.050, -2.230e-9
-34.000, -2.229e-9
-33.950, -2.229e-9
-33.900, -2.229e-9
-33.850, -2.229e-9
-33.800, -2.229e-9
-33.750, -2.228e-9
-33.700, -2.228e-9
-33.650, -2.228e-9
-33.600, -2.228e-9
-33.550, -2.228e-9
-33.500, -2.228e-9
-33.450, -2.227e-9
-33.400, -2.227e-9
-33.350, -2.227e-9
-33.300, -2.227e-9
-33.250, -2.227e-9
-33.200, -2.227e-9
-33.150, -2.227e-9
-33.100, -2.226e-9
-33.050, -2.226e-9
-33.000, -2.226e-9
-32.950, -2.226e-9
-32.900, -2.225e-9
-32.850, -2.225e-9
-32.800, -2.224e-9
-32.750, -2.225e-9
-32.700, -2.224e-9
-32.650, -2.224e-9
-32.600, -2.224e-9
-32.550, -2.224e-9
-32.500, -2.224e-9
-32.450, -2.224e-9
-32.400, -2.224e-9
-32.350, -2.224e-9
-32.300, -2.223e-9
-32.250, -2.223e-9
-32.200, -2.223e-9
-32.150, -2.223e-9
-32.100, -2.222e-9
-32.050, -2.222e-9
-32.000, -2.222e-9
-31.950, -2.222e-9
-31.900, -2.221e-9
-31.850, -2.221e-9
-31.800, -2.221e-9
-31.750, -2.221e-9
-31.700, -2.221e-9
-31.650, -2.221e-9
-31.600, -2.220e-9
-31.550, -2.220e-9
-31.500, -2.220e-9
-31.450, -2.220e-9
-31.400, -2.220e-9
-31.350, -2.220e-9
-31.300, -2.219e-9
-31.250, -2.219e-9
-31.200, -2.219e-9
-31.150, -2.219e-9
-31.100, -2.218e-9
-31.050, -2.218e-9
-31.000, -2.218e-9
-30.950, -2.218e-9
-30.900, -2.217e-9
-30.850, -2.217e-9
-30.800, -2.217e-9
-30.750, -2.217e-9
-30.700, -2.217e-9
-30.650, -2.216e-9
-30.600, -2.216e-9
-30.550, -2.216e-9
-30.500, -2.216e-9
-30.450, -2.216e-9
-30.400, -2.216e-9
-30.350, -2.216e-9
-30.300, -2.215e-9
-30.250, -2.215e-9
-30.200, -2.215e-9
-30.150, -2.215e-9
-30.100, -2.214e-9
-30.050, -2.214e-9
-30.000, -2.214e-9
-29.950, -2.214e-9
-29.900, -2.213e-9
-29.850, -2.213e-9
-29.800, -2.213e-9
-29.750, -2.213e-9
-29.700, -2.213e-9
-29.650, -2.212e-9
-29.600, -2.212e-9
-29.550, -2.212e-9
-29.500, -2.212e-9
-29.450, -2.211e-9
-29.400, -2.211e-9
-29.350, -2.211e-9
-29.300, -2.210e-9
-29.250, -2.210e-9
-29.200, -2.210e-9
-29.150, -2.210e-9
-29.100, -2.210e-9
-29.050, -2.210e-9
-29.000, -2.209e-9
-28.950, -2.209e-9
-28.900, -2.209e-9
-28.850, -2.208e-9
-28.800, -2.208e-9
-28.750, -2.208e-9
-28.700, -2.208e-9
-28.650, -2.208e-9
-28.600, -2.207e-9
-28.550, -2.207e-9
-28.500, -2.207e-9
-28.450, -2.207e-9
-28.400, -2.206e-9
-28.350, -2.206e-9
-28.300, -2.206e-9
-28.250, -2.206e-9
-28.200, -2.205e-9
-28.150, -2.205e-9
-28.100, -2.205e-9
-28.050, -2.205e-9
-28.000, -2.204e-9
-27.950, -2.204e-9
-27.900, -2.204e-9
-27.850, -2.204e-9
-27.800, -2.204e-9
-27.750, -2.203e-9
-27.700, -2.203e-9
-27.650, -2.203e-9
-27.600, -2.203e-9
-27.550, -2.202e-9
-27.500, -2.202e-9
-27.450, -2.202e-9
-27.400, -2.202e-9
-27.350, -2.201e-9
-27.300, -2.201e-9
-27.250, -2.201e-9
-27.200, -2.200e-9
-27.150, -2.201e-9
-27.100, -2.200e-9
-27.050, -2.200e-9
-27.000, -2.200e-9
-26.950, -2.199e-9
-26.900, -2.199e-9
-26.850, -2.199e-9
-26.800, -2.198e-9
-26.750, -2.198e-9
-26.700, -2.198e-9
-26.650, -2.198e-9
-26.600, -2.197e-9
-26.550, -2.197e-9
-26.500, -2.196e-9
-26.450, -2.196e-9
-26.400, -2.196e-9
-26.350, -2.196e-9
-26.300, -2.195e-9
-26.250, -2.195e-9
-26.200, -2.195e-9
-26.150, -2.195e-9
-26.100, -2.195e-9
-26.050, -2.194e-9
-26.000, -2.194e-9
-25.950, -2.193e-9
-25.900, -2.193e-9
-25.850, -2.193e-9
-25.800, -2.193e-9
-25.750, -2.192e-9
-25.700, -2.192e-9
-25.650, -2.192e-9
-25.600, -2.192e-9
-25.550, -2.191e-9
-25.500, -2.191e-9
-25.450, -2.190e-9
-25.400, -2.191e-9
-25.350, -2.190e-9
-25.300, -2.190e-9
-25.250, -2.190e-9
-25.200, -2.190e-9
-25.150, -2.189e-9
-25.100, -2.188e-9
-25.050, -2.188e-9
-25.000, -2.188e-9
-24.950, -2.188e-9
-24.900, -2.188e-9
-24.850, -2.187e-9
-24.800, -2.187e-9
-24.750, -2.187e-9
-24.700, -2.187e-9
-24.650, -2.186e-9
-24.600, -2.186e-9
-24.550, -2.186e-9
-24.500, -2.185e-9
-24.450, -2.185e-9
-24.400, -2.184e-9
-24.350, -2.183e-9
-24.300, -2.183e-9
-24.250, -2.183e-9
-24.200, -2.183e-9
-24.150, -2.182e-9
-24.100, -2.182e-9
-24.050, -2.182e-9
-24.000, -2.182e-9
-23.950, -2.182e-9
-23.900, -2.181e-9
-23.850, -2.181e-9
-23.800, -2.181e-9
-23.750, -2.180e-9
-23.700, -2.180e-9
-23.650, -2.180e-9
-23.600, -2.180e-9
-23.550, -2.179e-9
-23.500, -2.179e-9
-23.450, -2.179e-9
-23.400, -2.178e-9
-23.350, -2.178e-9
-23.300, -2.177e-9
-23.250, -2.177e-9
-23.200, -2.177e-9
-23.150, -2.177e-9
-23.100, -2.176e-9
-23.050, -2.176e-9
-23.000, -2.175e-9
-22.950, -2.175e-9
-22.900, -2.175e-9
-22.850, -2.175e-9
-22.800, -2.174e-9
-22.750, -2.174e-9
-22.700, -2.174e-9
-22.650, -2.173e-9
-22.600, -2.173e-9
-22.550, -2.173e-9
-22.500, -2.172e-9
-22.450, -2.172e-9
-22.400, -2.171e-9
-22.350, -2.171e-9
-22.300, -2.171e-9
-22.250, -2.170e-9
-22.200, -2.170e-9
-22.150, -2.169e-9
-22.100, -2.169e-9
-22.050, -2.168e-9
-22.000, -2.168e-9
-21.950, -2.168e-9
-21.900, -2.167e-9
-21.850, -2.167e-9
-21.800, -2.166e-9
-21.750, -2.166e-9
-21.700, -2.166e-9
-21.650, -2.165e-9
-21.600, -2.165e-9
-21.550, -2.164e-9
-21.500, -2.164e-9
-21.450, -2.164e-9
-21.400, -2.163e-9
-21.350, -2.163e-9
-21.300, -2.162e-9
-21.250, -2.162e-9
-21.200, -2.161e-9
-21.150, -2.161e-9
-21.100, -2.161e-9
-21.050, -2.160e-9
-21.000, -2.160e-9
-20.950, -2.160e-9
-20.900, -2.159e-9
-20.850, -2.159e-9
-20.800, -2.159e-9
-20.750, -2.158e-9
-20.700, -2.158e-9
-20.650, -2.157e-9
-20.600, -2.157e-9
-20.550, -2.156e-9
-20.500, -2.156e-9
-20.450, -2.156e-9
-20.400, -2.155e-9
-20.350, -2.155e-9
-20.300, -2.155e-9
-20.250, -2.154e-9
-20.200, -2.154e-9
-20.150, -2.153e-9
-20.100, -2.153e-9
-20.050, -2.152e-9
-20.000, -2.152e-9
-19.950, -2.151e-9
-19.900, -2.151e-9
-19.850, -2.150e-9
-19.800, -2.150e-9
-19.750, -2.149e-9
-19.700, -2.149e-9
-19.650, -2.148e-9
-19.600, -2.147e-9
-19.550, -2.147e-9
-19.500, -2.146e-9
-19.450, -2.146e-9
-19.400, -2.146e-9
-19.350, -2.145e-9
-19.300, -2.144e-9
-19.250, -2.144e-9
-19.200, -2.143e-9
-19.150, -2.143e-9
-19.100, -2.142e-9
-19.050, -2.142e-9
-19.000, -2.141e-9
-18.950, -2.141e-9
-18.900, -2.140e-9
-18.850, -2.140e-9
-18.800, -2.139e-9
-18.750, -2.139e-9
-18.700, -2.138e-9
-18.650, -2.138e-9
-18.600, -2.137e-9
-18.550, -2.137e-9
-18.500, -2.136e-9
-18.450, -2.136e-9
-18.400, -2.136e-9
-18.350, -2.135e-9
-18.300, -2.134e-9
-18.250, -2.134e-9
-18.200, -2.133e-9
-18.150, -2.133e-9
-18.100, -2.133e-9
-18.050, -2.132e-9
-18.000, -2.132e-9
-17.950, -2.131e-9
-17.900, -2.130e-9
-17.850, -2.130e-9
-17.800, -2.129e-9
-17.750, -2.129e-9
-17.700, -2.128e-9
-17.650, -2.128e-9
-17.600, -2.127e-9
-17.550, -2.127e-9
-17.500, -2.126e-9
-17.450, -2.125e-9
-17.400, -2.125e-9
-17.350, -2.124e-9
-17.300, -2.123e-9
-17.250, -2.123e-9
-17.200, -2.122e-9
-17.150, -2.121e-9
-17.100, -2.120e-9
-17.050, -2.120e-9
-17.000, -2.119e-9
-16.950, -2.118e-9
-16.900, -2.118e-9
-16.850, -2.117e-9
-16.800, -2.117e-9
-16.750, -2.116e-9
-16.700, -2.115e-9
-16.650, -2.114e-9
-16.600, -2.114e-9
-16.550, -2.113e-9
-16.500, -2.113e-9
-16.450, -2.112e-9
-16.400, -2.111e-9
-16.350, -2.111e-9
-16.300, -2.110e-9
-16.250, -2.109e-9
-16.200, -2.109e-9
-16.150, -2.108e-9
-16.100, -2.108e-9
-16.050, -2.107e-9
-16.000, -2.107e-9
-15.950, -2.106e-9
-15.900, -2.105e-9
-15.850, -2.105e-9
-15.800, -2.104e-9
-15.750, -2.103e-9
-15.700, -2.103e-9
-15.650, -2.102e-9
-15.600, -2.101e-9
-15.550, -2.101e-9
-15.500, -2.100e-9
-15.450, -2.100e-9
-15.400, -2.099e-9
-15.350, -2.098e-9
-15.300, -2.098e-9
-15.250, -2.097e-9
-15.200, -2.097e-9
-15.150, -2.096e-9
-15.100, -2.095e-9
-15.050, -2.094e-9
-15.000, -2.093e-9
-14.950, -2.092e-9
-14.900, -2.092e-9
-14.850, -2.091e-9
-14.800, -2.090e-9
-14.750, -2.089e-9
-14.700, -2.089e-9
-14.650, -2.088e-9
-14.600, -2.086e-9
-14.550, -2.086e-9
-14.500, -2.085e-9
-14.450, -2.084e-9
-14.400, -2.083e-9
-14.350, -2.082e-9
-14.300, -2.081e-9
-14.250, -2.080e-9
-14.200, -2.080e-9
-14.150, -2.079e-9
-14.100, -2.078e-9
-14.050, -2.077e-9
-14.000, -2.076e-9
-13.950, -2.075e-9
-13.900, -2.074e-9
-13.850, -2.074e-9
-13.800, -2.073e-9
-13.750, -2.072e-9
-13.700, -2.071e-9
-13.650, -2.070e-9
-13.600, -2.069e-9
-13.550, -2.069e-9
-13.500, -2.068e-9
-13.450, -2.068e-9
-13.400, -2.067e-9
-13.350, -2.066e-9
-13.300, -2.065e-9
-13.250, -2.064e-9
-13.200, -2.064e-9
-13.150, -2.063e-9
-13.100, -2.062e-9
-13.050, -2.061e-9
-13.000, -2.060e-9
-12.950, -2.059e-9
-12.900, -2.058e-9
-12.850, -2.057e-9
-12.800, -2.056e-9
-12.750, -2.055e-9
-12.700, -2.054e-9
-12.650, -2.053e-9
-12.600, -2.052e-9
-12.550, -2.050e-9
-12.500, -2.049e-9
-12.450, -2.048e-9
-12.400, -2.047e-9
-12.350, -2.046e-9
-12.300, -2.044e-9
-12.250, -2.043e-9
-12.200, -2.042e-9
-12.150, -2.041e-9
-12.100, -2.040e-9
-12.050, -2.039e-9
-12.000, -2.038e-9
-11.950, -2.037e-9
-11.900, -2.036e-9
-11.850, -2.034e-9
-11.800, -2.033e-9
-11.750, -2.032e-9
-11.700, -2.031e-9
-11.650, -2.030e-9
-11.600, -2.029e-9
-11.550, -2.028e-9
-11.500, -2.027e-9
-11.450, -2.025e-9
-11.400, -2.024e-9
-11.350, -2.023e-9
-11.300, -2.022e-9
-11.250, -2.021e-9
-11.200, -2.020e-9
-11.150, -2.019e-9
-11.100, -2.018e-9
-11.050, -2.017e-9
-11.000, -2.017e-9
-10.950, -2.016e-9
-10.900, -2.014e-9
-10.850, -2.013e-9
-10.800, -2.012e-9
-10.750, -2.011e-9
-10.700, -2.010e-9
-10.650, -2.009e-9
-10.600, -2.008e-9
-10.550, -2.007e-9
-10.500, -2.005e-9
-10.450, -2.004e-9
-10.400, -2.003e-9
-10.350, -2.002e-9
-10.300, -2.001e-9
-10.250, -2.000e-9
-10.200, -1.999e-9
-10.150, -1.997e-9
-10.100, -1.996e-9
-10.050, -1.995e-9
-10.000, -1.994e-9
-9.950, -1.992e-9
-9.900, -1.991e-9
-9.850, -1.989e-9
-9.800, -1.988e-9
-9.750, -1.986e-9
-9.700, -1.984e-9
-9.650, -1.982e-9
-9.600, -1.981e-9
-9.550, -1.979e-9
-9.500, -1.977e-9
-9.450, -1.976e-9
-9.400, -1.974e-9
-9.350, -1.973e-9
-9.300, -1.971e-9
-9.250, -1.969e-9
-9.200, -1.968e-9
-9.150, -1.967e-9
-9.100, -1.965e-9
-9.050, -1.964e-9
-9.000, -1.962e-9
-8.950, -1.960e-9
-8.900, -1.959e-9
-8.850, -1.958e-9
-8.800, -1.956e-9
-8.750, -1.955e-9
-8.700, -1.954e-9
-8.650, -1.952e-9
-8.600, -1.951e-9
-8.550, -1.950e-9
-8.500, -1.948e-9
-8.450, -1.946e-9
-8.400, -1.945e-9
-8.350, -1.944e-9
-8.300, -1.942e-9
-8.250, -1.941e-9
-8.200, -1.940e-9
-8.150, -1.938e-9
-8.100, -1.937e-9
-8.050, -1.935e-9
-8.000, -1.934e-9
-7.950, -1.932e-9
-7.900, -1.930e-9
-7.850, -1.929e-9
-7.800, -1.926e-9
-7.750, -1.924e-9
-7.700, -1.923e-9
-7.650, -1.921e-9
-7.600, -1.919e-9
-7.550, -1.917e-9
-7.500, -1.915e-9
-7.450, -1.912e-9
-7.400, -1.910e-9
-7.350, -1.908e-9
-7.300, -1.906e-9
-7.250, -1.904e-9
-7.200, -1.901e-9
-7.150, -1.899e-9
-7.100, -1.897e-9
-7.050, -1.895e-9
-7.000, -1.892e-9
-6.950, -1.889e-9
-6.900, -1.887e-9
-6.850, -1.884e-9
-6.800, -1.882e-9
-6.750, -1.880e-9
-6.700, -1.878e-9
-6.650, -1.876e-9
-6.600, -1.874e-9
-6.550, -1.872e-9
-6.500, -1.870e-9
-6.450, -1.868e-9
-6.400, -1.866e-9
-6.350, -1.864e-9
-6.300, -1.862e-9
-6.250, -1.860e-9
-6.200, -1.859e-9
-6.150, -1.857e-9
-6.100, -1.855e-9
-6.050, -1.853e-9
-6.000, -1.851e-9
-5.950, -1.849e-9
-5.900, -1.847e-9
-5.850, -1.846e-9
-5.800, -1.844e-9
-5.750, -1.842e-9
-5.700, -1.840e-9
-5.650, -1.838e-9
-5.600, -1.836e-9
-5.550, -1.833e-9
-5.500, -1.831e-9
-5.450, -1.829e-9
-5.400, -1.827e-9
-5.350, -1.825e-9
-5.300, -1.822e-9
-5.250, -1.820e-9
-5.200, -1.817e-9
-5.150, -1.814e-9
-5.100, -1.811e-9
-5.050, -1.808e-9
-5.000, -1.804e-9
-4.950, -1.801e-9
-4.900, -1.798e-9
-4.850, -1.795e-9
-4.800, -1.792e-9
-4.750, -1.789e-9
-4.700, -1.785e-9
-4.650, -1.782e-9
-4.600, -1.779e-9
-4.550, -1.776e-9
-4.500, -1.773e-9
-4.450, -1.770e-9
-4.400, -1.767e-9
-4.350, -1.764e-9
-4.300, -1.761e-9
-4.250, -1.758e-9
-4.200, -1.755e-9
-4.150, -1.753e-9
-4.100, -1.750e-9
-4.050, -1.748e-9
-4.000, -1.745e-9
-3.950, -1.743e-9
-3.900, -1.740e-9
-3.850, -1.737e-9
-3.800, -1.735e-9
-3.750, -1.732e-9
-3.700, -1.730e-9
-3.650, -1.727e-9
-3.600, -1.724e-9
-3.550, -1.721e-9
-3.500, -1.719e-9
-3.450, -1.716e-9
-3.400, -1.714e-9
-3.350, -1.711e-9
-3.300, -1.708e-9
-3.250, -1.705e-9
-3.200, -1.703e-9
-3.150, -1.700e-9
-3.100, -1.697e-9
-3.050, -1.694e-9
-3.000, -1.691e-9
-2.950, -1.687e-9
-2.900, -1.684e-9
-2.850, -1.680e-9
-2.800, -1.676e-9
-2.750, -1.672e-9
-2.700, -1.667e-9
-2.650, -1.662e-9
-2.600, -1.657e-9
-2.550, -1.652e-9
-2.500, -1.647e-9
-2.451, -1.642e-9
-2.401, -1.636e-9
-2.352, -1.632e-9
-2.304, -1.627e-9
-2.255, -1.622e-9
-2.208, -1.617e-9
-2.160, -1.612e-9
-2.113, -1.607e-9
-2.067, -1.602e-9
-2.021, -1.598e-9
-1.975, -1.594e-9
-1.929, -1.589e-9
-1.884, -1.585e-9
-1.839, -1.581e-9
-1.795, -1.577e-9
-1.751, -1.573e-9
-1.707, -1.569e-9
-1.664, -1.565e-9
-1.621, -1.561e-9
-1.578, -1.558e-9
-1.535, -1.554e-9
-1.493, -1.551e-9
-1.451, -1.547e-9
-1.410, -1.544e-9
-1.368, -1.541e-9
-1.327, -1.537e-9
-1.286, -1.533e-9
-1.246, -1.530e-9
-1.206, -1.527e-9
-1.166, -1.523e-9
-1.126, -1.520e-9
-1.087, -1.517e-9
-1.048, -1.514e-9
-1.009, -1.511e-9
-0.970, -1.508e-9
-0.932, -1.506e-9
-0.894, -1.503e-9
-0.856, -1.500e-9
-0.818, -1.496e-9
-0.781, -1.492e-9
-0.744, -1.489e-9
-0.707, -1.485e-9
-0.671, -1.482e-9
-0.635, -1.477e-9
-0.599, -1.474e-9
-0.564, -1.471e-9
-0.529, -1.467e-9
-0.494, -1.462e-9
-0.460, -1.458e-9
-0.426, -1.454e-9
-0.392, -1.449e-9
-0.359, -1.445e-9
-0.327, -1.440e-9
-0.294, -1.435e-9
-0.263, -1.430e-9
-0.231, -1.425e-9
-0.200, -1.421e-9
-0.170, -1.417e-9
-0.139, -1.412e-9
-0.109, -1.408e-9
-0.080, -1.403e-9
-0.051, -1.399e-9
-0.022, -1.394e-9
0.007, -1.390e-9
0.035, -1.386e-9
0.062, -1.381e-9
0.090, -1.377e-9
0.117, -1.374e-9
0.143, -1.370e-9
0.170, -1.366e-9
0.196, -1.363e-9
0.222, -1.359e-9
0.248, -1.356e-9
0.273, -1.353e-9
0.298, -1.350e-9
0.323, -1.347e-9
0.347, -1.344e-9
0.372, -1.340e-9
0.396, -1.338e-9
0.420, -1.334e-9
0.443, -1.331e-9
0.466, -1.329e-9
0.490, -1.326e-9
0.512, -1.324e-9
0.535, -1.321e-9
0.558, -1.318e-9
0.580, -1.316e-9
0.602, -1.313e-9
0.624, -1.311e-9
0.645, -1.308e-9
0.667, -1.306e-9
0.688, -1.303e-9
0.709, -1.301e-9
0.730, -1.299e-9
0.750, -1.296e-9
0.771, -1.295e-9
0.791, -1.293e-9
0.811, -1.289e-9
0.831, -1.288e-9
0.851, -1.285e-9
0.870, -1.283e-9
0.889, -1.281e-9
0.909, -1.279e-9
0.927, -1.277e-9
0.946, -1.275e-9
0.965, -1.273e-9
0.983, -1.272e-9
1.002, -1.270e-9
1.020, -1.268e-9
1.038, -1.266e-9
1.056, -1.264e-9
1.074, -1.262e-9
1.091, -1.260e-9
1.108, -1.258e-9
1.126, -1.256e-9
1.143, -1.255e-9
1.160, -1.253e-9
1.177, -1.251e-9
1.193, -1.250e-9
1.210, -1.248e-9
1.226, -1.246e-9
1.242, -1.245e-9
1.259, -1.244e-9
1.275, -1.242e-9
1.290, -1.240e-9
1.306, -1.238e-9
1.322, -1.236e-9
1.337, -1.234e-9
1.352, -1.233e-9
1.367, -1.232e-9
1.382, -1.230e-9
1.397, -1.229e-9
1.412, -1.227e-9
1.426, -1.226e-9
1.441, -1.225e-9
1.455, -1.223e-9
1.470, -1.221e-9
1.484, -1.220e-9
1.498, -1.219e-9
1.512, -1.217e-9
1.526, -1.216e-9
1.539, -1.215e-9
1.553, -1.214e-9
1.567, -1.212e-9
1.580, -1.211e-9
1.593, -1.209e-9
1.606, -1.208e-9
1.619, -1.206e-9
1.632, -1.204e-9
1.645, -1.203e-9
1.657, -1.201e-9
1.670, -1.200e-9
1.682, -1.198e-9
1.694, -1.197e-9
1.706, -1.195e-9
1.718, -1.193e-9
1.730, -1.192e-9
1.741, -1.191e-9
1.753, -1.189e-9
1.764, -1.188e-9
1.776, -1.188e-9
1.787, -1.185e-9
1.798, -1.184e-9
1.809, -1.183e-9
1.820, -1.180e-9
1.830, -1.180e-9
1.841, -1.178e-9
1.851, -1.176e-9
1.862, -1.176e-9
1.872, -1.175e-9
1.882, -1.173e-9
1.892, -1.171e-9
1.902, -1.171e-9
1.912, -1.168e-9
1.921, -1.168e-9
1.931, -1.166e-9
1.941, -1.164e-9
1.950, -1.164e-9
1.959, -1.161e-9
1.968, -1.160e-9
1.977, -1.159e-9
1.986, -1.157e-9
1.994, -1.155e-9
2.003, -1.154e-9
2.011, -1.153e-9
2.020, -1.152e-9
2.028, -1.151e-9
2.036, -1.150e-9
2.044, -1.149e-9
2.052, -1.147e-9
2.060, -1.145e-9
2.067, -1.144e-9
2.075, -1.143e-9
2.082, -1.142e-9
2.090, -1.141e-9
2.097, -1.139e-9
2.104, -1.138e-9
2.111, -1.137e-9
2.118, -1.135e-9
2.125, -1.134e-9
2.132, -1.133e-9
2.138, -1.132e-9
2.145, -1.130e-9
2.151, -1.129e-9
2.157, -1.128e-9
2.164, -1.127e-9
2.170, -1.125e-9
2.176, -1.124e-9
2.181, -1.123e-9
2.187, -1.122e-9
2.193, -1.121e-9
2.199, -1.120e-9
2.204, -1.118e-9
2.209, -1.118e-9
2.215, -1.117e-9
2.220, -1.116e-9
2.225, -1.115e-9
2.231, -1.114e-9
2.236, -1.113e-9
2.241, -1.112e-9
2.246, -1.111e-9
2.251, -1.110e-9
2.256, -1.108e-9
2.261, -1.107e-9
2.266, -1.106e-9
2.271, -1.105e-9
2.276, -1.103e-9
2.281, -1.103e-9
2.286, -1.101e-9
2.291, -1.100e-9
2.296, -1.099e-9
2.301, -1.098e-9
2.306, -1.097e-9
2.311, -1.097e-9
2.316, -1.095e-9
2.321, -1.093e-9
2.326, -1.093e-9
2.331, -1.089e-9
2.336, -1.089e-9
2.341, -1.088e-9
2.346, -1.085e-9
2.351, -1.084e-9
2.356, -1.083e-9
2.361, -1.082e-9
2.366, -1.081e-9
2.371, -1.079e-9
2.376, -1.077e-9
2.381, -1.077e-9
2.386, -1.077e-9
2.391, -1.075e-9
2.396, -1.075e-9
2.401, -1.073e-9
2.406, -1.070e-9
2.411, -1.070e-9
2.416, -1.069e-9
2.421, -1.065e-9
2.426, -1.065e-9
2.431, -1.064e-9
2.436, -1.061e-9
2.441, -1.064e-9
2.446, -1.062e-9
2.451, -1.060e-9
2.456, -1.060e-9
2.461, -1.059e-9
2.466, -1.056e-9
2.471, -1.054e-9
2.476, -1.055e-9
2.481, -1.054e-9
2.486, -1.050e-9
